194
212
208
170
130
130
132
119
125
117
139
128
134
124
122
101
113
121
101
106
110
102
126
103
119
105
111
123
133
128
115
123
119
97
120
91
92
94
107
85
86
71
78
74
80
89
87
91
73
78
79
80
77
87
89
88
79
88
87
75
79
82
78
86
82
92
81
94
78
95
85
98
91
93
107
100
115
89
102
99
103
97
94
94
99
95
101
97
99
100
102
120
96
100
105
107
105
111
110
99
92
95
88
96
98
110
102
94
99
87
97
103
90
91
91
88
110
70
58
55
54
48
51
52
55
49
54
50
58
53
58
62
63
66
68
78
76
78
75
74
85
89
92
106
87
86
97
105
112
94
112
85
92
94
90
104
106
99
91
89
97
76
83
78
65
62
55
62
64
78
74
95
86
96
73
68
82
80
87
88
85
82
85
80
85
72
77
68
65
61
72
68
64
81
72
87
75
88
82
98
102
97
96
89
84
80
87
86
109
90
96
94
92
73
85
81
72
87
82
93
92
78
74
69
73
69
86
68
74
77
87
76
83
84
104
91
109
97
99
103
116
106
107
106
116
105
105
105
111
113
108
118
98
101
92
83
84
82
94
88
84
78
82
75
81
86
97
87
95
83
87
79
70
85
62
68
59
69
59
66
66
69
63
57
56
55
55
53
45
57
47
56
46
51
50
52
46
49
49
49
52
55
64
53
59
55
59
57
60
38
28
27
24
25
24
29
29
31
33
38
33
43
39
51
35
32
31
35
39
40
50
45
50
50
62
69
58
61
67
70
84
77
89
78
99
87
116
101
109
88
94
94
92
87
88
80
95
87
109
87
89
81
91
83
80
83
79
88
93
95
95
93
94
87
97
96
95
86
69
74
58
69
68
59
66
70
77
68
74
63
74
73
86
81
80
76
70
71
61
52
57
53
62
58
55
62
61
76
79
88
85
106
92
103
93
123
100
130
101
107
89
79
76
88
85
83
98
95
94
91
98
103
109
111
118
106
106
114
100
98
92
88
92
101
108
95
97
99
101
104
106
112
109
108
109
105
101
100
105
101
100
97
101
102
119
100
121
109
98
89
101
88
77
81
73
82
63
70
62
70
68
73
64
61
57
49
49
47
54
60
59
69
76
69
87
80
104
86
76
64
66
77
61
59
57
48
38
37
43
41
44
46
48
50
49
50
58
47
51
45
40
40
47
50
53
58
60
68
69
78
76
84
94
86
78
79
72
82
78
79
75
79
75
72
64
62
59
60
56
55
48
43
43
49
50
59
60
62
62
62
52
48
45
48
55
51
46
50
55
55
57
58
61
59
74
71
61
66
57
67
56
74
54
51
56
49
59
57
53
67
56
58
58
60
80
63
61
62
74
82
92
79
74
83
78
101
87
94
85
86
93
89
85
70
63
61
54
46
45
46
49
54
49
45
38
45
42
48
40
42
34
34
36
37
38
47
38
42
40
32
39
37
45
47
47
54
50
65
56
74
62
71
69
81
58
51
63
58
51
54
56
57
57
66
69
69
52
52
46
51
53
60
46
56
48
50
44
47
45
39
43
43
41
51
44
44
39
37
37
30
35
31
29
30
32
35
35
40
43
46
47
41
46
43
42
42
45
45
50
43
50
40
37
46
34
23
23
21
19
21
21
24
26
25
30
29
37
36
40
53
46
45
60
56
77
62
71
60
63
63
72
57
58
61
54
50
51
50
66
61
61
64
64
67
47
55
53
53
47
46
46
44
40
36
40
45
37
39
26
24
20
23
28
31
35
39
49
51
41
50
45
58
53
71
62
82
64
82
74
87
87
86
91
93
75
87
83
89
96
98
84
58
53
51
48
41
37
34
37
42
46
46
37
40
40
41
44
47
44
54
44
55
44
47
44
41
44
41
49
48
53
50
55
56
53
61
56
70
64
70
82
73
72
72
73
73
80
71
76
66
64
65
58
56
61
59
68
64
71
57
65
68
66
55
54
54
52
47
46
48
46
56
55
60
58
55
66
58
60
57
52
59
57
63
77
69
64
61
60
68
77
84
89
78
83
81
74
76
62
79
45
40
41
52
51
56
41
39
39
43
49
38
30
33
34
31
32
30
35
31
32
36
43
40
44
47
45
64
42
56
39
47
43
52
56
71
55
60
59
57
52
48
52
53
50
55
48
58
49
65
60
76
67
83
72
88
89
108
72
71
65
72
68
74
61
68
73
77
77
72
71
71
77
79
95
91
93
86
113
82
72
65
83
65
75
71
75
76
72
66
65
61
69
56
59
59
65
74
60
91
