193
210
198
204
184
169
146
147
142
148
149
129
127
111
124
139
128
128
128
144
134
127
136
150
123
126
102
114
107
103
104
118
112
104
115
108
113
114
127
134
121
127
121
143
127
127
123
131
133
125
125
125
136
133
120
140
119
118
103
84
92
81
80
88
87
89
80
104
84
102
100
91
80
70
67
72
78
82
90
98
81
88
79
72
79
77
86
89
85
81
93
84
88
95
85
82
68
72
55
70
58
80
64
88
70
80
62
71
57
59
66
66
76
72
81
70
71
66
71
65
67
57
60
56
60
54
58
65
57
63
61
79
58
56
62
58
67
49
57
54
71
52
61
54
67
48
48
52
60
55
51
52
60
63
72
73
79
85
69
62
60
58
55
56
61
59
61
67
59
59
46
48
43
56
44
52
51
37
47
38
36
34
38
40
41
53
50
67
56
72
69
76
64
73
73
82
64
71
70
78
81
87
78
95
96
99
99
92
81
76
67
70
80
85
81
89
77
73
74
72
58
57
57
58
53
52
44
46
46
58
52
70
55
47
50
38
27
33
28
33
28
31
30
28
29
26
24
29
28
26
29
33
31
32
26
30
35
32
33
32
40
41
46
49
47
55
48
68
57
75
65
74
70
71
63
66
62
59
64
57
56
60
62
66
63
58
67
60
68
60
74
67
62
54
71
55
62
63
62
51
57
46
56
53
66
53
52
52
46
49
39
40
24
26
27
31
22
20
18
18
17
16
18
17
22
21
29
26
33
38
48
40
49
44
52
49
54
60
58
56
62
70
62
69
80
84
81
74
78
73
72
79
87
88
98
93
88
72
71
59
52
58
55
51
45
44
42
42
41
48
44
38
38
41
47
36
45
34
32
30
32
30
30
21
19
20
23
20
18
15
16
16
16
16
16
16
16
16
16
16
16
16
16
16
16
16
16
16
16
16
16
16
16
16
16
16
16
16
16
16
16
16
16
16
16
16
16
16
16
16
16
16
16
16
16
16
16
16
16
16
16
16
16
16
16
16
16
16
16
16
16
16
16
16
16
16
16
16
16
16
16
16
16
16
16
16
16
16
16
16
16
16
16
16
16
16
16
16
16
16
16
16
16
16
16
16
16
16
16
16
16
16
16
16
16
16
16
16
16
16
16
16
16
16
16
16
16
16
16
16
16
16
16
16
16
16
16
16
16
16
16
16
16
16
16
16
16
16
16
16
16
16
16
16
16
16
16
16
16
16
16
16
16
16
16
16
16
16
16
16
16
16
16
16
16
16
16
16
16
16
16
16
16
16
16
16
16
16
16
16
16
16
16
16
16
16
16
16
16
16
16
16
16
16
16
16
16
16
16
16
16
16
16
16
16
16
16
16
16
16
16
16
16
16
16
16
16
16
16
16
16
16
16
16
16
16
16
16
16
16
16
16
16
16
16
16
16
16
16
16
16
16
16
16
16
16
16
16
16
16
16
16
16
16
16
16
16
16
16
16
16
16
16
16
16
16
16
16
16
16
16
16
16
16
16
16
16
16
16
16
16
16
16
16
16
16
16
16
16
16
16
16
16
16
16
16
16
16
16
16
16
16
16
16
16
16
16
16
16
16
16
16
16
16
16
16
16
16
16
16
16
16
16
16
16
16
16
16
16
16
16
16
16
16
16
16
16
16
16
16
16
16
16
16
16
16
16
16
16
16
16
16
16
16
16
16
16
16
16
16
16
16
16
16
16
16
16
16
16
16
16
16
16
16
16
16
16
16
16
16
16
16
16
16
16
16
16
16
16
16
16
16
16
16
16
16
16
16
16
16
16
16
16
16
16
16
16
16
16
16
16
16
16
16
16
16
16
16
16
16
16
16
16
16
16
16
16
16
16
16
16
16
16
16
16
16
16
16
16
16
16
16
16
16
16
16
16
16
16
16
16
16
16
16
16
16
16
16
16
16
16
16
16
16
16
16
16
16
16
16
16
16
16
16
16
16
16
16
16
16
16
16
16
16
16
16
16
16
16
16
16
16
16
16
16
16
16
16
16
16
16
16
16
16
16
16
16
16
16
16
16
16
16
16
16
16
16
16
16
16
16
16
16
16
16
16
16
16
16
16
16
16
16
16
16
16
16
16
16
16
16
16
16
16
16
16
16
16
16
16
16
16
16
16
16
16
16
16
16
16
16
16
16
16
16
16
16
16
16
16
16
16
16
16
16
16
16
16
16
16
16
16
16
16
16
16
16
16
16
16
16
16
16
16
16
16
16
16
16
16
16
16
16
16
16
16
16
16
16
16
