218
202
198
180
179
159
151
138
155
135
135
150
138
153
157
151
164
126
150
132
142
149
161
148
166
164
159
151
159
135
154
143
146
141
126
110
127
108
110
101
101
100
74
85
72
83
79
87
84
74
89
94
94
72
78
72
78
86
83
101
82
92
96
91
89
89
90
71
80
90
77
80
73
72
66
75
67
72
69
72
78
66
64
69
73
79
69
92
83
106
86
89
80
79
74
78
79
76
72
79
71
90
78
82
89
83
80
84
80
83
71
71
65
63
72
81
92
93
99
97
107
102
96
100
92
108
92
103
91
96
96
78
79
76
65
68
64
80
60
66
63
69
71
76
82
74
98
69
87
72
85
76
80
81
70
68
58
61
69
67
62
65
74
79
97
91
104
94
102
90
91
76
83
84
83
76
78
83
69
67
73
76
69
66
76
65
66
72
65
77
75
79
101
87
84
79
76
66
75
57
49
47
48
51
56
60
60
66
63
62
64
68
67
65
82
71
81
65
54
61
57
60
63
62
64
79
63
60
59
64
61
71
69
82
67
80
69
93
73
84
65
56
54
45
42
36
34
39
36
36
38
39
44
41
45
44
57
45
53
51
60
52
57
62
57
56
49
59
43
41
37
35
36
36
39
39
46
40
50
42
42
43
49
40
39
34
37
33
33
31
29
30
31
32
34
37
35
45
39
55
47
63
55
64
69
80
53
53
61
49
57
50
48
49
44
44
46
46
46
46
46
46
46
46
46
46
46
46
46
46
46
46
46
46
46
46
46
46
46
46
46
46
46
46
46
46
46
46
46
46
46
46
46
46
46
46
46
46
46
46
46
46
46
46
46
46
46
46
46
46
46
46
46
46
46
46
46
46
46
46
46
46
46
46
46
46
46
46
46
46
46
46
46
46
46
46
46
46
46
46
46
46
46
46
46
46
46
46
46
46
46
46
46
46
46
46
46
46
46
46
46
46
46
46
46
46
46
46
46
46
46
46
46
46
46
46
46
46
46
46
46
46
46
46
46
46
46
46
46
46
46
46
46
46
46
46
46
46
46
46
46
46
46
46
46
46
46
46
46
46
46
46
46
46
46
46
46
46
46
46
46
46
46
46
46
46
46
46
46
46
46
46
46
46
46
46
46
46
46
46
46
46
46
46
46
46
46
46
46
46
46
46
46
46
46
46
46
46
46
46
46
46
46
46
46
46
46
46
46
46
46
46
46
46
46
46
46
46
46
46
46
46
46
46
46
46
46
46
46
46
46
46
46
46
46
46
46
46
46
46
46
46
46
46
46
46
46
46
46
46
46
46
46
46
46
46
46
46
46
46
46
46
46
46
46
46
46
46
46
46
46
46
46
46
46
46
46
46
46
46
46
46
46
46
46
46
46
46
46
46
46
46
46
46
46
46
46
46
46
46
46
46
46
46
46
46
46
46
46
46
46
46
46
46
46
46
46
46
46
46
46
46
46
46
46
46
46
46
46
46
46
46
46
46
46
46
46
46
46
46
46
46
46
46
46
46
46
46
46
46
46
46
46
46
46
46
46
46
46
46
46
46
46
46
46
46
46
46
46
46
46
46
46
46
46
46
46
46
46
46
46
46
46
46
46
46
46
46
46
46
46
46
46
46
46
46
46
46
46
46
46
46
46
46
46
46
46
46
46
46
46
46
46
46
46
46
46
46
46
46
46
46
46
46
46
46
46
46
46
46
46
46
46
46
46
46
46
46
46
46
46
46
46
46
46
46
46
46
46
46
46
46
46
46
46
46
46
46
46
46
46
46
46
46
46
46
46
46
46
46
46
46
46
46
46
46
46
46
46
46
46
46
46
46
46
46
46
46
46
46
46
46
46
46
46
46
46
46
46
46
46
46
46
46
46
46
46
46
46
46
46
46
46
46
46
46
46
46
46
46
46
46
46
46
46
46
46
46
46
46
46
46
46
46
46
46
46
46
46
46
46
46
46
46
46
46
46
46
46
46
46
46
46
46
46
46
46
46
46
46
46
46
46
46
46
46
46
46
46
46
46
46
46
46
46
46
46
46
46
46
46
46
46
46
46
46
46
46
46
46
46
46
46
46
46
46
46
46
46
46
46
46
46
46
46
46
46
46
46
46
46
46
46
46
46
46
46
46
46
46
46
46
46
46
46
46
46
46
46
46
46
46
46
46
46
46
46
46
46
46
46
46
46
46
46
46
46
46
46
46
46
46
46
46
46
46
46
46
46
46
46
46
46
46
46
46
46
46
46
46
46
46
46
46
46
46
46
46
46
46
