196
234
203
210
185
204
181
178
184
175
146
173
167
168
130
151
134
127
123
121
112
104
112
89
77
75
78
67
64
59
53
57
60
68
72
75
77
61
68
65
73
74
79
78
84
82
80
90
78
86
91
79
78
86
73
75
80
82
80
91
85
102
92
92
92
106
91
106
91
99
95
108
100
97
96
103
102
91
81
80
101
89
100
72
78
67
68
56
57
45
46
44
54
48
47
48
40
47
41
39
37
33
43
36
42
34
41
35
41
53
46
44
58
40
42
38
33
36
39
46
46
43
51
49
47
55
54
57
63
66
69
67
76
77
76
66
69
69
72
79
91
97
75
85
86
83
80
88
79
81
93
93
90
95
97
87
96
86
91
84
85
91
82
86
82
94
79
87
78
100
74
69
79
60
57
54
58
65
66
76
76
70
64
78
81
88
98
103
105
83
97
83
83
87
87
103
83
71
70
69
75
77
74
87
70
68
71
77
72
60
66
71
62
59
61
59
61
75
75
74
86
83
74
83
80
67
62
63
69
76
64
76
68
84
79
75
68
67
82
65
63
58
55
53
57
69
65
76
79
76
84
77
82
82
78
84
81
93
90
86
93
80
95
84
89
91
98
98
110
105
98
109
96
108
109
112
106
102
119
112
123
102
115
104
105
110
109
112
115
118
108
108
111
122
112
110
104
97
94
105
95
92
88
91
95
81
86
76
86
78
84
89
82
92
83
81
76
82
73
72
73
75
74
63
73
60
58
60
56
62
62
60
55
50
65
45
45
48
46
36
36
29
38
28
31
24
22
20
20
20
20
20
20
20
20
20
20
20
20
20
20
20
20
20
20
20
20
20
20
20
20
20
20
20
20
20
20
20
20
20
20
20
20
20
20
20
20
20
20
20
20
20
20
20
20
20
20
20
20
20
20
20
20
20
20
20
20
20
20
20
20
20
20
20
20
20
20
20
20
20
20
20
20
20
20
20
20
20
20
20
20
20
20
20
20
20
20
20
20
20
20
20
20
20
20
20
20
20
20
20
20
20
20
20
20
20
20
20
20
20
20
20
20
20
20
20
20
20
20
20
20
20
20
20
20
20
20
20
20
20
20
20
20
20
20
20
20
20
20
20
20
20
20
20
20
20
20
20
20
20
20
20
20
20
20
20
20
20
20
20
20
20
20
20
20
20
20
20
20
20
20
20
20
20
20
20
20
20
20
20
20
20
20
20
20
20
20
20
20
20
20
20
20
20
20
20
20
20
20
20
20
20
20
20
20
20
20
20
20
20
20
20
20
20
20
20
20
20
20
20
20
20
20
20
20
20
20
20
20
20
20
20
20
20
20
20
20
20
20
20
20
20
20
20
20
20
20
20
20
20
20
20
20
20
20
20
20
20
20
20
20
20
20
20
20
20
20
20
20
20
20
20
20
20
20
20
20
20
20
20
20
20
20
20
20
20
20
20
20
20
20
20
20
20
20
20
20
20
20
20
20
20
20
20
20
20
20
20
20
20
20
20
20
20
20
20
20
20
20
20
20
20
20
20
20
20
20
20
20
20
20
20
20
20
20
20
20
20
20
20
20
20
20
20
20
20
20
20
20
20
20
20
20
20
20
20
20
20
20
20
20
20
20
20
20
20
20
20
20
20
20
20
20
20
20
20
20
20
20
20
20
20
20
20
20
20
20
20
20
20
20
20
20
20
20
20
20
20
20
20
20
20
20
20
20
20
20
20
20
20
20
20
20
20
20
20
20
20
20
20
20
20
20
20
20
20
20
20
20
20
20
20
20
20
20
20
20
20
20
20
20
20
20
20
20
20
20
20
20
20
20
20
20
20
20
20
20
20
20
20
20
20
20
20
20
20
20
20
20
20
20
20
20
20
20
20
20
20
20
20
20
20
20
20
20
20
20
20
20
20
20
20
20
20
20
20
20
20
20
20
20
20
20
20
20
20
20
20
20
20
20
20
20
20
20
20
20
20
20
20
20
20
20
20
20
20
20
20
20
20
20
20
20
20
20
20
20
20
20
20
20
20
20
20
20
20
20
20
20
20
20
20
20
20
20
20
20
20
20
20
20
20
20
20
20
20
20
20
20
20
20
20
20
20
20
20
20
20
20
20
20
20
20
20
20
20
20
20
20
20
20
20
20
20
20
20
20
20
20
20
20
20
20
20
20
20
20
20
20
20
20
20
20
20
20
20
20
20
20
20
20
20
20
20
20
20
20
20
20
20
20
20
20
20
20
20
20
20
20
20
20
20
20
20
20
20
20
20
20
20
