189
209
176
163
169
149
137
140
130
117
111
120
115
100
123
101
116
91
93
89
103
101
121
119
117
127
130
123
128
132
125
127
109
108
115
107
113
114
112
111
118
124
125
108
106
96
111
96
98
95
89
73
70
68
67
59
57
60
53
52
55
54
57
51
69
54
60
55
54
61
64
62
57
57
60
69
73
80
84
88
93
86
96
82
99
76
75
67
61
60
62
65
56
57
58
57
64
56
70
70
90
73
90
73
92
87
100
89
96
85
70
61
54
43
38
29
26
26
27
30
35
32
34
40
42
40
41
36
37
40
49
45
54
38
37
30
25
23
22
25
25
22
23
20
18
18
20
20
20
20
20
20
20
20
20
20
20
21
23
20
21
20
22
20
23
19
19
22
20
22
20
24
21
24
25
27
31
28
31
38
36
28
36
29
30
27
34
26
33
29
42
32
42
41
51
41
46
37
30
33
28
38
28
29
30
32
29
30
35
36
40
38
40
49
53
68
57
60
64
66
74
75
59
72
60
71
57
66
59
55
64
59
69
64
68
66
47
58
43
55
44
52
50
46
45
45
56
55
57
57
68
53
64
59
70
63
80
71
81
71
64
76
68
77
69
53
42
36
34
38
43
43
42
36
40
42
50
45
44
53
44
49
49
56
54
44
43
34
36
37
42
40
45
40
54
42
43
47
45
49
54
49
40
46
40
49
51
47
52
56
67
64
82
72
76
56
74
45
46
40
33
31
32
32
35
37
36
36
40
38
45
39
35
37
36
43
40
39
49
39
37
36
41
36
35
34
32
33
31
34
34
39
37
40
43
39
40
45
42
48
45
42
51
50
49
40
52
43
42
41
38
35
31
39
40
46
45
48
54
48
52
54
54
68
56
66
56
71
65
71
70
80
74
90
81
85
96
106
95
78
64
60
62
57
60
57
61
51
51
50
37
37
45
32
38
25
25
20
22
25
24
28
27
31
28
24
22
25
20
18
18
17
15
14
15
17
16
17
20
19
26
21
18
21
17
20
19
19
25
19
19
15
15
14
12
11
9
9
9
9
9
9
9
9
9
9
9
9
9
9
9
9
9
9
9
9
9
9
9
9
9
9
9
9
9
9
9
9
9
9
9
9
9
9
9
9
9
9
9
9
9
9
9
9
9
9
9
9
9
9
9
9
9
9
9
9
9
9
9
9
9
9
9
9
9
9
9
9
9
9
9
9
9
9
9
9
9
9
9
9
9
9
9
9
9
9
9
9
9
9
9
9
9
9
9
9
9
9
9
9
9
9
9
9
9
9
9
9
9
9
9
9
9
9
9
9
9
9
9
9
9
9
9
9
9
9
9
9
9
9
9
9
9
9
9
9
9
9
9
9
9
9
9
9
9
9
9
9
9
9
9
9
9
9
9
9
9
9
9
9
9
9
9
9
9
9
9
9
9
9
9
9
9
9
9
9
9
9
9
9
9
9
9
9
9
9
9
9
9
9
9
9
9
9
9
9
9
9
9
9
9
9
9
9
9
9
9
9
9
9
9
9
9
9
9
9
9
9
9
9
9
9
9
9
9
9
9
9
9
9
9
9
9
9
9
9
9
9
9
9
9
9
9
9
9
9
9
9
9
9
9
9
9
9
9
9
9
9
9
9
9
9
9
9
9
9
9
9
9
9
9
9
9
9
9
9
9
9
9
9
9
9
9
9
9
9
9
9
9
9
9
9
9
9
9
9
9
9
9
9
9
9
9
9
9
9
9
9
9
9
9
9
9
9
9
9
9
9
9
9
9
9
9
9
9
9
9
9
9
9
9
9
9
9
9
9
9
9
9
9
9
9
9
9
9
9
9
9
9
9
9
9
9
9
9
9
9
9
9
9
9
9
9
9
9
9
9
9
9
9
9
9
9
9
9
9
9
9
9
9
9
9
9
9
9
9
9
9
9
9
9
9
9
9
9
9
9
9
9
9
9
9
9
9
9
9
9
9
9
9
9
9
9
9
9
9
9
9
9
9
9
9
9
9
9
9
9
9
9
9
9
9
9
9
9
9
9
9
9
9
9
9
9
9
9
9
9
9
9
9
9
9
9
9
9
9
9
9
9
9
9
9
9
9
9
9
9
9
9
9
9
9
9
9
9
9
9
9
9
9
9
9
9
9
9
9
9
9
9
9
9
9
9
9
9
9
9
9
9
9
9
9
9
9
9
9
9
9
9
9
9
9
9
9
9
9
9
9
9
9
9
9
9
9
9
9
9
9
9
9
9
9
9
9
9
9
9
9
9
9
