179
205
191
191
157
162
189
168
147
155
143
134
141
129
110
122
114
141
100
103
104
96
85
74
76
74
79
72
88
73
99
78
92
89
86
78
90
85
83
88
73
76
76
89
84
75
80
80
84
68
75
75
87
84
100
97
112
111
124
98
111
115
127
134
132
122
122
133
110
109
104
88
101
86
81
82
99
95
94
119
116
117
107
118
111
117
118
118
121
114
99
110
109
112
110
126
133
93
117
103
103
98
97
92
98
102
94
97
105
91
81
90
90
72
76
81
69
80
62
65
52
47
37
37
27
29
30
34
33
34
40
35
31
31
35
39
36
33
37
38
32
33
37
41
49
46
43
42
45
45
55
51
64
60
58
65
55
58
70
63
69
67
61
70
72
74
67
70
60
66
66
62
67
67
70
76
79
82
90
85
94
76
70
64
72
66
76
59
72
62
79
54
55
56
51
55
51
56
57
61
65
67
71
73
73
68
66
71
88
79
55
40
41
45
44
48
46
49
54
64
58
59
45
46
40
43
42
34
34
38
39
44
42
39
43
40
51
43
43
41
40
34
32
33
35
37
37
41
36
39
40
43
46
45
49
54
55
65
49
53
45
46
57
49
61
56
50
61
56
67
61
67
67
60
59
64
63
75
50
53
55
55
57
61
55
62
67
75
82
84
84
79
85
90
92
109
98
83
89
84
84
98
101
87
78
77
84
77
77
90
82
90
93
90
93
85
80
81
86
87
84
81
81
81
94
92
66
68
64
66
63
62
67
70
72
87
76
67
74
64
71
59
76
76
81
86
79
93
89
101
107
100
98
112
108
107
91
110
117
126
128
156
131
146
123
135
139
134
127
119
116
109
116
119
124
112
132
126
147
119
114
126
123
119
112
102
103
94
95
96
85
98
94
96
100
96
95
87
77
90
80
76
78
81
72
77
79
91
68
68
72
77
78
79
70
75
62
58
59
60
59
46
40
36
32
30
30
30
30
30
30
30
30
30
30
30
30
30
30
30
30
30
30
30
30
30
30
30
30
30
30
30
30
30
30
30
30
30
30
30
30
30
30
30
30
30
30
30
30
30
30
30
30
30
30
30
30
30
30
30
30
30
30
30
30
30
30
30
30
30
30
30
30
30
30
30
30
30
30
30
30
30
30
30
30
30
30
30
30
30
30
30
30
30
30
30
30
30
30
30
30
30
30
30
30
30
30
30
30
30
30
30
30
30
30
30
30
30
30
30
30
30
30
30
30
30
30
30
30
30
30
30
30
30
30
30
30
30
30
30
30
30
30
30
30
30
30
30
30
30
30
30
30
30
30
30
30
30
30
30
30
30
30
30
30
30
30
30
30
30
30
30
30
30
30
30
30
30
30
30
30
30
30
30
30
30
30
30
30
30
30
30
30
30
30
30
30
30
30
30
30
30
30
30
30
30
30
30
30
30
30
30
30
30
30
30
30
30
30
30
30
30
30
30
30
30
30
30
30
30
30
30
30
30
30
30
30
30
30
30
30
30
30
30
30
30
30
30
30
30
30
30
30
30
30
30
30
30
30
30
30
30
30
30
30
30
30
30
30
30
30
30
30
30
30
30
30
30
30
30
30
30
30
30
30
30
30
30
30
30
30
30
30
30
30
30
30
30
30
30
30
30
30
30
30
30
30
30
30
30
30
30
30
30
30
30
30
30
30
30
30
30
30
30
30
30
30
30
30
30
30
30
30
30
30
30
30
30
30
30
30
30
30
30
30
30
30
30
30
30
30
30
30
30
30
30
30
30
30
30
30
30
30
30
30
30
30
30
30
30
30
30
30
30
30
30
30
30
30
30
30
30
30
30
30
30
30
30
30
30
30
30
30
30
30
30
30
30
30
30
30
30
30
30
30
30
30
30
30
30
30
30
30
30
30
30
30
30
30
30
30
30
30
30
30
30
30
30
30
30
30
30
30
30
30
30
30
30
30
30
30
30
30
30
30
30
30
30
30
30
30
30
30
30
30
30
30
30
30
30
30
30
30
30
30
30
30
30
30
30
30
30
30
30
30
30
30
30
30
30
30
30
30
30
30
30
30
30
30
30
30
30
30
30
30
30
30
30
30
30
30
30
30
30
30
30
30
30
30
30
30
30
30
30
30
30
30
30
30
30
30
30
30
30
30
30
30
30
30
30
30
30
30
30
30
30
30
30
30
30
30
30
30
30
30
30
30
30
30
30
30
30
30
30
30
30
30
30
30
30
30
30
30
30
30
30
30
30
30
30
30
30
30
30
30
30
30
30
30
30
