174
212
169
161
132
157
121
126
119
103
96
100
106
108
112
115
121
123
102
94
86
77
79
73
81
69
65
66
60
64
67
68
75
62
68
68
87
82
87
85
92
99
91
77
83
78
80
75
70
58
61
64
66
58
61
63
61
57
51
43
42
42
40
50
39
43
42
50
47
44
49
50
52
56
55
58
52
49
52
56
57
51
45
46
45
49
48
54
49
57
46
47
45
49
50
45
50
52
49
48
53
54
59
61
66
67
78
84
83
72
91
74
89
89
96
100
98
99
96
114
110
113
128
113
128
127
116
125
115
125
111
118
118
109
115
115
110
108
109
102
112
129
120
110
113
111
96
101
91
86
92
87
80
85
89
111
105
110
109
125
113
127
121
109
117
110
98
113
118
121
92
88
83
82
89
78
78
86
68
81
82
96
84
82
87
84
75
85
70
65
67
61
63
50
55
50
56
54
52
58
59
44
42
40
49
49
49
49
53
50
57
56
56
51
61
52
55
46
47
44
41
47
39
40
36
34
40
41
40
47
44
49
41
37
38
42
36
37
39
40
42
41
35
35
37
42
46
49
47
49
50
58
56
68
63
66
69
64
75
64
34
33
32
26
32
27
37
30
27
30
29
31
37
39
31
25
23
23
21
22
21
21
21
24
20
22
23
22
23
23
26
34
29
41
28
29
33
32
34
34
37
38
39
39
44
30
28
24
18
21
14
15
15
13
12
12
14
12
12
12
14
16
18
22
24
26
32
30
34
36
29
38
33
36
43
48
40
43
31
27
30
34
36
43
45
45
55
47
47
40
36
36
38
38
39
39
35
39
42
46
47
53
51
63
62
59
53
65
63
63
58
58
50
61
59
51
46
46
57
46
43
43
38
45
43
42
43
47
48
54
41
48
38
42
41
37
37
35
41
40
61
40
50
43
48
43
39
43
43
49
37
41
29
29
29
32
30
30
27
30
24
25
28
33
36
42
51
51
65
57
55
61
70
71
91
80
83
88
96
95
83
89
90
94
93
97
104
92
77
84
91
96
88
97
78
83
98
86
94
99
90
85
72
80
68
67
67
71
72
79
95
70
65
64
62
80
65
69
62
63
67
62
70
78
82
62
70
58
60
62
68
66
74
82
83
70
72
76
86
77
85
84
107
78
81
75
70
69
78
85
84
83
83
88
100
88
65
46
45
48
41
41
31
33
34
31
36
36
38
29
30
24
21
20
19
22
24
22
24
29
28
36
29
29
29
30
34
32
44
34
48
44
54
66
66
67
79
64
81
64
75
66
60
67
78
73
82
80
80
68
93
80
88
90
79
84
79
79
67
54
61
56
64
65
79
64
68
72
75
88
96
87
97
91
95
97
101
109
118
116
115
125
125
122
114
107
128
103
100
101
94
89
107
109
117
99
115
108
86
95
93
95
105
106
112
111
103
102
102
93
95
95
88
90
91
103
96
94
85
79
66
65
63
61
65
51
51
44
49
41
42
43
43
48
52
49
47
43
39
40
39
44
38
42
34
31
28
31
31
34
33
33
37
31
35
31
30
33
33
34
27
30
24
28
22
22
25
19
20
22
19
16
11
10
8
6
6
6
6
6
6
6
6
6
6
6
6
6
6
6
6
6
6
6
6
6
6
6
6
6
6
6
6
6
6
6
6
6
6
6
6
6
6
6
6
6
6
6
6
6
6
6
6
6
6
6
6
6
6
6
6
6
6
6
6
6
6
6
6
6
6
6
6
6
6
6
6
6
6
6
6
6
6
6
6
6
6
6
6
6
6
6
6
6
6
6
6
6
6
6
6
6
6
6
6
6
6
6
6
6
6
6
6
6
6
6
6
6
6
6
6
6
6
6
6
6
6
6
6
6
6
6
6
6
6
6
6
6
6
6
6
6
6
6
6
6
6
6
6
6
6
6
6
6
6
6
6
6
6
6
6
6
6
6
6
6
6
6
6
6
6
6
6
6
6
6
6
6
6
6
6
6
6
6
6
6
6
6
6
6
6
6
6
6
6
6
6
6
6
6
6
6
6
6
6
6
6
6
6
6
6
6
6
6
6
6
6
6
6
6
6
6
6
6
6
6
6
6
6
6
6
6
6
6
6
6
6
6
6
6
6
6
6
6
6
6
6
6
6
6
6
6
6
6
6
6
6
6
6
6
6
6
6
6
6
6
6
6
6
6
6
6
6
6
6
6
6
6
6
6
6
6
6
6
6
6
6
6
6
6
6
6
6
6
6
6
6
6
6
6
6
6
6
6
6
6
6
6
6
6
