194
211
190
182
197
173
190
161
161
160
151
150
127
143
130
155
146
165
138
139
118
129
125
143
115
107
87
80
81
87
89
92
102
108
109
136
99
115
107
117
108
103
105
106
118
110
111
101
96
104
97
90
110
85
105
84
91
77
80
76
89
74
99
79
75
61
57
57
50
55
58
58
58
55
48
50
52
46
51
47
60
57
68
53
69
62
79
61
64
62
53
54
49
55
48
57
50
56
52
63
42
50
45
40
36
33
31
37
37
46
36
34
35
40
39
47
42
43
49
42
36
45
33
33
34
35
33
31
31
34
33
33
35
35
39
39
47
39
43
41
47
45
48
55
46
58
44
50
45
46
43
39
37
39
41
45
49
55
58
58
71
62
73
73
77
91
69
77
78
91
88
75
83
64
67
56
56
41
45
40
40
37
36
37
40
41
50
42
42
44
43
49
49
53
50
53
60
56
59
55
58
50
50
44
47
45
53
51
64
47
45
44
41
42
34
44
37
38
37
40
42
47
48
53
54
71
54
63
50
64
55
68
63
65
71
61
62
67
72
68
75
66
61
59
57
59
65
66
64
70
76
76
82
82
91
76
76
76
76
81
81
96
80
63
69
66
69
73
69
61
66
69
71
83
79
88
82
103
96
108
106
112
111
123
120
108
87
61
48
49
47
45
50
40
38
37
39
42
47
48
47
43
38
42
46
46
46
52
48
60
53
66
56
71
72
71
72
73
65
71
71
77
71
83
87
98
98
120
107
106
114
121
118
108
119
100
100
108
95
93
87
106
93
90
101
96
88
108
89
83
99
96
85
73
74
71
59
69
67
72
72
81
73
74
81
70
63
69
71
63
63
60
75
72
61
78
62
71
80
73
82
69
80
77
75
88
76
82
92
88
87
71
70
76
72
66
70
72
75
88
90
84
79
63
74
73
79
75
73
83
72
64
74
66
76
74
89
81
88
66
65
69
70
83
77
70
80
75
83
89
88
84
100
95
89
87
89
90
88
82
73
77
67
80
80
89
81
87
72
71
68
75
70
74
81
75
74
85
81
89
84
72
70
79
74
60
62
65
62
62
59
63
58
59
59
52
53
62
66
69
85
74
83
79
90
81
86
78
87
92
77
81
62
66
54
57
53
58
52
58
57
44
46
47
45
44
38
38
37
37
37
37
37
37
37
37
37
37
37
37
37
37
37
37
37
37
37
37
37
37
37
37
37
37
37
37
37
37
37
37
37
37
37
37
37
37
37
37
37
37
37
37
37
37
37
37
37
37
37
37
37
37
37
37
37
37
37
37
37
37
37
37
37
37
37
37
37
37
37
37
37
37
37
37
37
37
37
37
37
37
37
37
37
37
37
37
37
37
37
37
37
37
37
37
37
37
37
37
37
37
37
37
37
37
37
37
37
37
37
37
37
37
37
37
37
37
37
37
37
37
37
37
37
37
37
37
37
37
37
37
37
37
37
37
37
37
37
37
37
37
37
37
37
37
37
37
37
37
37
37
37
37
37
37
37
37
37
37
37
37
37
37
37
37
37
37
37
37
37
37
37
37
37
37
37
37
37
37
37
37
37
37
37
37
37
37
37
37
37
37
37
37
37
37
37
37
37
37
37
37
37
37
37
37
37
37
37
37
37
37
37
37
37
37
37
37
37
37
37
37
37
37
37
37
37
37
37
37
37
37
37
37
37
37
37
37
37
37
37
37
37
37
37
37
37
37
37
37
37
37
37
37
37
37
37
37
37
37
37
37
37
37
37
37
37
37
37
37
37
37
37
37
37
37
37
37
37
37
37
37
37
37
37
37
37
37
37
37
37
37
37
37
37
37
37
37
37
37
37
37
37
37
37
37
37
37
37
37
37
37
37
37
37
37
37
37
37
37
37
37
37
37
37
37
37
37
37
37
37
37
37
37
37
37
37
37
37
37
37
37
37
37
37
37
37
37
37
37
37
37
37
37
37
37
37
37
37
37
37
37
37
37
37
37
37
37
37
37
37
37
37
37
37
37
37
37
37
37
37
37
37
37
37
37
37
37
37
37
37
37
37
37
37
37
37
37
37
37
37
37
37
37
37
37
37
37
37
37
37
37
37
37
37
37
37
37
37
37
37
37
37
37
37
37
37
37
37
37
37
37
37
37
37
37
37
37
37
37
37
37
37
37
37
37
37
37
37
37
37
37
37
37
37
37
37
37
37
37
37
37
37
37
37
37
37
37
37
37
37
37
37
37
37
37
37
37
37
37
37
37
37
37
37
37
37
37
37
37
37
37
