181
204
172
162
174
150
143
118
126
120
122
112
116
117
93
98
91
99
91
89
94
84
84
87
87
87
91
96
74
90
66
70
54
66
58
56
50
60
57
59
61
63
66
65
67
55
57
46
53
54
53
47
49
48
58
59
56
72
62
63
69
74
73
64
75
71
80
82
83
66
60
64
67
69
73
67
74
80
87
87
95
104
99
121
102
123
115
128
109
126
99
101
102
97
94
88
82
76
78
79
64
62
54
54
57
55
65
64
72
65
74
71
75
72
70
61
61
63
71
69
75
66
68
73
71
70
74
71
89
91
86
71
68
77
70
64
69
73
68
73
75
84
91
99
100
101
83
80
84
77
85
93
76
78
77
82
78
72
80
80
72
61
70
82
74
84
84
96
67
51
58
53
46
56
54
65
66
63
68
56
55
48
45
44
44
50
47
52
50
63
42
47
44
45
52
48
54
45
46
46
41
38
44
44
60
45
38
38
46
43
52
43
39
35
39
34
33
34
33
33
40
36
39
34
44
44
53
41
50
50
61
60
66
68
71
78
72
76
59
77
74
80
83
96
92
96
95
85
84
81
69
55
49
50
47
54
57
52
55
59
59
60
61
73
56
53
53
55
62
59
64
66
66
64
76
70
87
73
94
83
98
84
88
78
85
93
89
108
80
107
74
76
72
85
71
73
67
82
66
69
67
70
76
81
92
83
102
94
104
108
93
94
103
91
99
110
120
109
117
96
94
96
91
105
72
68
71
78
80
83
92
100
89
90
88
88
87
88
94
77
85
64
68
71
79
63
66
56
44
55
51
63
52
64
67
68
65
75
79
101
80
94
76
90
69
77
81
69
83
87
68
71
70
79
85
87
80
82
76
78
72
74
77
77
71
73
74
81
74
72
68
78
75
78
88
81
78
71
67
74
67
65
71
73
72
62
60
64
66
59
52
58
62
80
65
68
72
72
81
75
78
81
91
89
83
88
88
93
91
91
89
74
87
56
60
61
62
63
57
60
60
63
70
59
68
52
55
52
55
56
57
60
70
57
66
72
73
79
81
91
92
102
94
86
88
83
89
87
88
87
81
80
73
82
77
96
84
86
81
79
71
70
69
83
78
77
84
72
77
72
68
89
83
85
79
97
86
77
86
76
65
60
62
57
52
55
45
66
46
48
44
58
55
66
41
35
32
35
37
40
37
39
39
43
41
49
49
45
46
45
49
59
53
61
45
44
41
40
33
35
35
37
40
38
48
44
58
53
60
58
66
69
58
59
56
61
70
54
59
55
54
46
39
34
35
39
37
36
32
29
26
25
23
22
22
24
24
24
24
24
24
24
24
24
24
24
24
24
24
24
24
24
24
24
24
24
24
24
24
24
24
24
24
24
24
24
24
24
24
24
24
24
24
24
24
24
24
24
24
24
24
24
24
24
24
24
24
24
24
24
24
24
24
24
24
24
24
24
24
24
24
24
24
24
24
24
24
24
24
24
24
24
24
24
24
24
24
24
24
24
24
24
24
24
24
24
24
24
24
24
24
24
24
24
24
24
24
24
24
24
24
24
24
24
24
24
24
24
24
24
24
24
24
24
24
24
24
24
24
24
24
24
24
24
24
24
24
24
24
24
24
24
24
24
24
24
24
24
24
24
24
24
24
24
24
24
24
24
24
24
24
24
24
24
24
24
24
24
24
24
24
24
24
24
24
24
24
24
24
24
24
24
24
24
24
24
24
24
24
24
24
24
24
24
24
24
24
24
24
24
24
24
24
24
24
24
24
24
24
24
24
24
24
24
24
24
24
24
24
24
24
24
24
24
24
24
24
24
24
24
24
24
24
24
24
24
24
24
24
24
24
24
24
24
24
24
24
24
24
24
24
24
24
24
24
24
24
24
24
24
24
24
24
24
24
24
24
24
24
24
24
24
24
24
24
24
24
24
24
24
24
24
24
24
24
24
24
24
24
24
24
24
24
24
24
24
24
24
24
24
24
24
24
24
24
24
24
24
24
24
24
24
24
24
24
24
24
24
24
24
24
24
24
24
24
24
24
24
24
24
24
24
24
24
24
24
24
24
24
24
24
24
24
24
24
24
24
24
24
24
24
24
24
24
24
24
24
24
24
24
24
24
24
24
24
24
24
24
24
24
24
24
24
24
24
24
24
24
24
24
24
24
24
24
24
24
24
24
24
24
24
24
24
24
24
24
24
24
24
24
24
24
24
24
24
24
24
24
24
24
24
24
24
24
24
24
24
24
24
24
24
24
24
24
24
24
24
24
24
24
