174
198
179
167
186
179
166
188
169
178
166
129
141
111
108
103
78
69
67
59
58
62
57
70
64
79
64
81
66
84
69
57
55
56
67
56
61
56
61
69
62
66
69
67
63
74
54
54
50
51
55
49
56
61
64
64
61
71
55
63
53
57
52
53
62
51
52
47
50
51
59
60
71
73
71
68
73
77
91
88
80
92
79
91
91
89
88
77
77
64
61
68
56
65
59
63
66
61
55
60
53
58
59
66
71
72
85
73
69
56
57
50
61
57
66
73
68
68
69
85
75
84
76
79
84
74
82
81
88
99
96
108
78
66
70
61
71
63
74
60
60
52
60
56
50
60
60
72
59
54
54
50
62
49
55
51
62
62
57
66
77
68
63
67
78
77
81
90
81
89
80
74
85
78
72
86
84
85
85
92
80
75
71
78
68
84
79
76
77
75
81
76
75
65
82
75
98
80
86
78
93
102
117
113
145
126
131
124
94
101
93
100
104
107
97
112
89
97
80
75
72
79
80
70
68
50
46
38
33
30
27
28
31
30
37
30
30
29
32
35
38
38
42
44
54
44
51
46
56
49
65
58
64
49
50
48
46
51
51
58
53
48
53
50
53
55
52
50
48
53
50
61
56
57
62
66
70
66
62
59
66
66
66
69
62
64
67
73
68
79
73
74
71
68
66
65
63
66
69
75
69
76
78
71
73
82
79
88
80
86
78
93
60
58
55
57
60
54
49
53
44
45
49
44
44
47
47
57
49
52
57
58
69
57
58
52
48
52
43
38
36
40
40
48
40
39
41
42
41
44
44
51
48
48
49
50
52
53
56
58
68
74
56
53
65
63
72
68
74
71
71
63
71
77
75
66
71
81
77
94
90
87
91
102
99
92
100
91
101
95
100
100
92
106
100
109
112
107
118
113
113
116
131
122
136
123
123
111
135
99
115
101
87
90
87
92
96
96
91
89
72
68
58
64
58
54
55
66
62
71
63
81
63
73
72
81
77
77
82
73
92
72
81
83
68
78
70
90
63
68
57
62
68
57
53
53
49
49
56
59
60
56
57
60
69
81
68
90
58
62
57
54
63
61
70
68
63
69
69
69
54
59
51
53
45
53
42
39
42
37
46
33
34
39
32
28
26
22
25
22
23
28
25
31
25
31
30
34
37
37
35
41
30
35
32
31
34
37
45
44
40
47
42
41
43
47
43
51
49
47
44
53
48
58
44
54
50
50
56
52
52
52
49
55
55
57
62
54
54
59
59
53
58
50
52
51
55
55
55
64
59
57
65
63
64
66
71
67
59
63
57
54
49
51
56
48
47
46
53
55
56
56
52
40
36
36
36
39
41
38
37
39
36
37
36
38
34
35
34
34
38
35
41
36
34
37
35
43
30
26
26
24
23
21
21
21
21
21
21
21
21
21
21
21
21
21
21
21
21
21
21
21
21
21
21
21
21
21
21
21
21
21
21
21
21
21
21
21
21
21
21
21
21
21
21
21
21
21
21
21
21
21
21
21
21
21
21
21
21
21
21
21
21
21
21
21
21
21
21
21
21
21
21
21
21
21
21
21
21
21
21
21
21
21
21
21
21
21
21
21
21
21
21
21
21
21
21
21
21
21
21
21
21
21
21
21
21
21
21
21
21
21
21
21
21
21
21
21
21
21
21
21
21
21
21
21
21
21
21
21
21
21
21
21
21
21
21
21
21
21
21
21
21
21
21
21
21
21
21
21
21
21
21
21
21
21
21
21
21
21
21
21
21
21
21
21
21
21
21
21
21
21
21
21
21
21
21
21
21
21
21
21
21
21
21
21
21
21
21
21
21
21
21
21
21
21
21
21
21
21
21
21
21
21
21
21
21
21
21
21
21
21
21
21
21
21
21
21
21
21
21
21
21
21
21
21
21
21
21
21
21
21
21
21
21
21
21
21
21
21
21
21
21
21
21
21
21
21
21
21
21
21
21
21
21
21
21
21
21
21
21
21
21
21
21
21
21
21
21
21
21
21
21
21
21
21
21
21
21
21
21
21
21
21
21
21
21
21
21
21
21
21
21
21
21
21
21
21
21
21
21
21
21
21
21
21
21
21
21
21
21
21
21
21
21
21
21
21
21
21
21
21
21
21
21
21
21
21
21
21
21
21
21
21
21
21
21
21
21
21
21
21
21
21
21
21
21
21
21
21
21
21
21
21
21
21
21
21
21
21
21
21
21
21
21
21
21
21
21
21
21
21
21
21
21
21
21
21
21
21
21
21
21
21
21
21
21
21
21
21
