178
232
172
160
165
166
162
153
138
150
125
143
125
135
116
125
104
117
118
122
115
111
114
131
144
123
125
127
118
120
122
122
138
124
122
130
132
153
119
155
120
130
139
132
122
131
120
141
134
142
121
114
107
110
127
120
120
120
121
95
104
88
96
97
103
104
104
122
88
81
84
76
80
81
86
94
89
81
82
97
92
109
106
133
103
104
115
133
104
113
109
107
91
95
85
89
73
69
62
56
65
61
75
62
75
74
72
70
66
74
89
65
66
59
69
68
70
70
73
86
82
83
75
77
90
95
91
72
69
73
66
62
62
60
71
62
67
60
55
58
61
65
62
68
68
61
60
47
47
45
42
44
47
44
51
54
61
78
74
90
86
89
99
92
112
98
95
88
97
97
91
93
88
88
88
97
88
88
101
88
99
89
84
93
87
70
65
63
50
52
41
44
42
52
47
46
54
56
68
62
79
79
86
70
73
80
72
80
75
83
87
76
68
79
60
70
56
61
49
50
46
51
49
59
50
67
54
63
60
66
63
74
56
57
65
59
65
72
83
66
65
65
57
69
61
61
67
65
75
70
78
82
87
75
69
79
88
80
88
86
92
103
85
98
84
90
88
86
78
71
81
77
92
77
98
81
79
78
74
72
69
69
70
73
58
57
50
55
47
45
53
50
57
55
62
67
52
63
56
66
61
71
66
73
68
65
72
77
76
76
93
70
68
73
71
81
77
72
82
87
104
81
72
76
76
76
79
63
70
68
78
80
76
75
75
69
80
64
64
59
51
55
48
44
40
46
34
32
33
34
25
25
18
11
9
9
9
9
9
9
9
9
9
9
9
9
9
9
9
9
9
9
9
9
9
9
9
9
9
9
9
9
9
9
9
9
9
9
9
9
9
9
9
9
9
9
9
9
9
9
9
9
9
9
9
9
9
9
9
9
9
9
9
9
9
9
9
9
9
9
9
9
9
9
9
9
9
9
9
9
9
9
9
9
9
9
9
9
9
9
9
9
9
9
9
9
9
9
9
9
9
9
9
9
9
9
9
9
9
9
9
9
9
9
9
9
9
9
9
9
9
9
9
9
9
9
9
9
9
9
9
9
9
9
9
9
9
9
9
9
9
9
9
9
9
9
9
9
9
9
9
9
9
9
9
9
9
9
9
9
9
9
9
9
9
9
9
9
9
9
9
9
9
9
9
9
9
9
9
9
9
9
9
9
9
9
9
9
9
9
9
9
9
9
9
9
9
9
9
9
9
9
9
9
9
9
9
9
9
9
9
9
9
9
9
9
9
9
9
9
9
9
9
9
9
9
9
9
9
9
9
9
9
9
9
9
9
9
9
9
9
9
9
9
9
9
9
9
9
9
9
9
9
9
9
9
9
9
9
9
9
9
9
9
9
9
9
9
9
9
9
9
9
9
9
9
9
9
9
9
9
9
9
9
9
9
9
9
9
9
9
9
9
9
9
9
9
9
9
9
9
9
9
9
9
9
9
9
9
9
9
9
9
9
9
9
9
9
9
9
9
9
9
9
9
9
9
9
9
9
9
9
9
9
9
9
9
9
9
9
9
9
9
9
9
9
9
9
9
9
9
9
9
9
9
9
9
9
9
9
9
9
9
9
9
9
9
9
9
9
9
9
9
9
9
9
9
9
9
9
9
9
9
9
9
9
9
9
9
9
9
9
9
9
9
9
9
9
9
9
9
9
9
9
9
9
9
9
9
9
9
9
9
9
9
9
9
9
9
9
9
9
9
9
9
9
9
9
9
9
9
9
9
9
9
9
9
9
9
9
9
9
9
9
9
9
9
9
9
9
9
9
9
9
9
9
9
9
9
9
9
9
9
9
9
9
9
9
9
9
9
9
9
9
9
9
9
9
9
9
9
9
9
9
9
9
9
9
9
9
9
9
9
9
9
9
9
9
9
9
9
9
9
9
9
9
9
9
9
9
9
9
9
9
9
9
9
9
9
9
9
9
9
9
9
9
9
9
9
9
9
9
9
9
9
9
9
9
9
9
9
9
9
9
9
9
9
9
9
9
9
9
9
9
9
9
9
9
9
9
9
9
9
9
9
9
9
9
9
9
9
9
9
9
9
9
9
9
9
9
9
9
9
9
9
9
9
9
9
9
9
9
9
9
9
9
9
9
9
9
9
9
9
9
9
9
9
9
9
9
9
9
9
9
9
9
9
9
9
9
9
9
9
9
9
9
9
9
9
9
9
9
9
9
9
9
9
9
9
9
9
9
9
9
9
9
9
9
9
9
