198
223
210
201
201
196
184
186
177
169
158
148
154
135
141
123
144
122
119
111
115
111
102
93
101
83
94
90
94
82
76
76
78
70
75
80
63
69
56
62
51
60
55
53
54
60
59
58
52
59
61
60
62
78
52
58
48
45
45
49
53
47
53
47
59
43
35
36
34
33
35
37
35
41
38
36
40
46
45
42
40
36
43
36
32
27
27
22
20
23
24
32
28
34
31
41
34
42
41
47
39
40
40
44
58
55
43
46
48
53
46
45
52
47
44
51
49
45
47
49
44
44
45
43
52
46
48
45
48
52
52
52
57
66
74
64
66
60
69
69
69
75
78
80
89
99
98
102
109
119
110
118
132
144
151
143
122
135
118
118
112
100
112
95
104
82
78
58
74
58
58
70
54
62
51
44
38
42
39
52
40
48
38
44
42
52
54
65
63
62
74
73
65
70
74
83
63
59
60
68
59
62
66
58
55
65
61
70
64
56
48
41
45
47
58
53
67
61
63
53
67
59
56
60
66
61
62
53
46
45
41
48
40
50
49
61
54
71
63
74
56
70
68
74
66
72
78
81
83
81
88
83
105
99
98
101
95
95
103
99
97
87
83
79
95
78
67
57
65
62
65
65
58
62
48
39
41
31
34
34
36
34
35
34
41
37
41
58
45
61
44
45
44
46
43
42
52
45
49
54
51
56
53
45
50
51
54
59
59
70
62
65
73
72
76
66
75
64
80
55
50
62
57
61
41
42
44
46
50
59
49
58
60
63
55
45
44
41
47
42
44
43
39
38
39
35
35
30
32
28
26
26
24
22
21
19
19
19
19
19
19
19
19
19
19
19
19
19
19
19
19
19
19
19
19
19
19
19
19
19
19
19
19
19
19
19
19
19
19
19
19
19
19
19
19
19
19
19
19
19
19
19
19
19
19
19
19
19
19
19
19
19
19
19
19
19
19
19
19
19
19
19
19
19
19
19
19
19
19
19
19
19
19
19
19
19
19
19
19
19
19
19
19
19
19
19
19
19
19
19
19
19
19
19
19
19
19
19
19
19
19
19
19
19
19
19
19
19
19
19
19
19
19
19
19
19
19
19
19
19
19
19
19
19
19
19
19
19
19
19
19
19
19
19
19
19
19
19
19
19
19
19
19
19
19
19
19
19
19
19
19
19
19
19
19
19
19
19
19
19
19
19
19
19
19
19
19
19
19
19
19
19
19
19
19
19
19
19
19
19
19
19
19
19
19
19
19
19
19
19
19
19
19
19
19
19
19
19
19
19
19
19
19
19
19
19
19
19
19
19
19
19
19
19
19
19
19
19
19
19
19
19
19
19
19
19
19
19
19
19
19
19
19
19
19
19
19
19
19
19
19
19
19
19
19
19
19
19
19
19
19
19
19
19
19
19
19
19
19
19
19
19
19
19
19
19
19
19
19
19
19
19
19
19
19
19
19
19
19
19
19
19
19
19
19
19
19
19
19
19
19
19
19
19
19
19
19
19
19
19
19
19
19
19
19
19
19
19
19
19
19
19
19
19
19
19
19
19
19
19
19
19
19
19
19
19
19
19
19
19
19
19
19
19
19
19
19
19
19
19
19
19
19
19
19
19
19
19
19
19
19
19
19
19
19
19
19
19
19
19
19
19
19
19
19
19
19
19
19
19
19
19
19
19
19
19
19
19
19
19
19
19
19
19
19
19
19
19
19
19
19
19
19
19
19
19
19
19
19
19
19
19
19
19
19
19
19
19
19
19
19
19
19
19
19
19
19
19
19
19
19
19
19
19
19
19
19
19
19
19
19
19
19
19
19
19
19
19
19
19
19
19
19
19
19
19
19
19
19
19
19
19
19
19
19
19
19
19
19
19
19
19
19
19
19
19
19
19
19
19
19
19
19
19
19
19
19
19
19
19
19
19
19
19
19
19
19
19
19
19
19
19
19
19
19
19
19
19
19
19
19
19
19
19
19
19
19
19
19
19
19
19
19
19
19
19
19
19
19
19
19
19
19
19
19
19
19
19
19
19
19
19
19
19
19
19
19
19
19
19
19
19
19
19
19
19
19
19
19
19
19
19
19
19
19
19
19
19
19
19
19
19
19
19
19
19
19
19
19
19
19
19
19
19
19
19
19
19
19
19
19
19
19
19
19
19
19
19
19
19
19
19
19
19
19
19
19
19
19
19
19
19
19
19
19
19
19
19
19
19
19
19
19
19
19
19
19
19
19
19
19
19
19
19
19
19
19
19
19
19
19
19
19
19
19
19
19
19
19
19
