194
200
188
174
184
175
165
173
154
155
134
137
168
150
151
133
134
121
140
134
125
103
122
97
116
102
117
106
106
98
101
94
105
90
102
102
107
124
107
125
129
109
113
119
122
136
112
120
111
109
108
112
120
130
119
129
111
123
122
115
119
117
112
137
115
135
126
125
128
128
140
120
133
134
116
122
109
99
112
103
96
105
114
96
108
95
89
96
81
86
74
69
66
73
82
81
71
78
73
78
67
74
75
71
65
70
61
71
64
60
73
63
68
57
56
55
55
52
52
48
53
49
63
45
52
58
61
63
60
62
69
62
66
49
46
48
55
52
58
62
53
61
48
61
53
50
44
49
47
57
55
55
59
55
54
48
47
45
45
44
45
51
42
46
46
43
49
47
60
51
64
55
56
61
69
57
53
45
48
48
46
50
53
58
55
63
62
75
58
54
54
54
56
57
59
63
70
64
65
65
63
62
63
57
70
57
52
54
56
67
55
59
67
77
69
72
67
68
76
71
86
84
67
69
80
83
79
76
81
87
77
83
74
69
72
59
69
64
57
58
59
81
70
72
78
65
72
59
61
47
44
39
32
30
32
36
33
39
35
32
38
37
48
41
44
52
45
49
54
44
42
42
52
42
51
41
49
42
50
56
63
48
52
53
61
62
56
64
64
69
71
63
66
69
78
73
77
87
85
84
84
102
92
78
84
81
87
84
87
88
96
90
94
89
94
109
111
102
101
88
86
82
74
67
78
85
103
102
113
81
96
101
100
101
119
98
99
98
111
124
130
125
121
128
121
128
131
122
124
111
104
104
104
108
90
97
90
92
84
99
80
93
96
105
95
116
105
119
120
105
99
107
103
101
104
95
93
93
93
108
89
102
95
88
92
95
92
104
81
81
80
85
72
75
87
77
101
84
70
74
82
73
95
77
80
71
56
57
61
59
75
75
84
80
96
85
82
80
85
89
80
69
81
70
76
65
60
63
57
63
63
63
77
67
69
76
74
79
70
74
88
95
80
90
89
109
102
107
107
107
98
115
100
92
63
65
61
66
63
52
65
60
57
49
41
35
43
34
34
30
25
23
23
24
22
28
20
19
17
16
16
16
16
16
16
16
16
16
16
16
16
16
16
18
13
10
7
7
7
7
7
7
7
7
7
7
7
7
7
7
7
7
7
7
7
7
7
7
7
7
7
7
7
7
7
7
7
7
7
7
7
7
7
7
7
7
7
7
7
7
7
7
7
7
7
7
7
7
7
7
7
7
7
7
7
7
7
7
7
7
7
7
7
7
7
7
7
7
7
7
7
7
7
7
7
7
7
7
7
7
7
7
7
7
7
7
7
7
7
7
7
7
7
7
7
7
7
7
7
7
7
7
7
7
7
7
7
7
7
7
7
7
7
7
7
7
7
7
7
7
7
7
7
7
7
7
7
7
7
7
7
7
7
7
7
7
7
7
7
7
7
7
7
7
7
7
7
7
7
7
7
7
7
7
7
7
7
7
7
7
7
7
7
7
7
7
7
7
7
7
7
7
7
7
7
7
7
7
7
7
7
7
7
7
7
7
7
7
7
7
7
7
7
7
7
7
7
7
7
7
7
7
7
7
7
7
7
7
7
7
7
7
7
7
7
7
7
7
7
7
7
7
7
7
7
7
7
7
7
7
7
7
7
7
7
7
7
7
7
7
7
7
7
7
7
7
7
7
7
7
7
7
7
7
7
7
7
7
7
7
7
7
7
7
7
7
7
7
7
7
7
7
7
7
7
7
7
7
7
7
7
7
7
7
7
7
7
7
7
7
7
7
7
7
7
7
7
7
7
7
7
7
7
7
7
7
7
7
7
7
7
7
7
7
7
7
7
7
7
7
7
7
7
7
7
7
7
7
7
7
7
7
7
7
7
7
7
7
7
7
7
7
7
7
7
7
7
7
7
7
7
7
7
7
7
7
7
7
7
7
7
7
7
7
7
7
7
7
7
7
7
7
7
7
7
7
7
7
7
7
7
7
7
7
7
7
7
7
7
7
7
7
7
7
7
7
7
7
7
7
7
7
7
7
7
7
7
7
7
7
7
7
7
7
7
7
7
7
7
7
7
7
7
7
7
7
7
7
7
7
7
7
7
7
7
7
7
7
7
7
7
7
7
7
7
7
7
7
7
7
7
7
7
7
7
7
7
7
7
7
7
7
7
7
7
7
7
7
7
7
7
7
7
7
7
7
7
7
7
7
7
7
7
7
7
7
7
7
7
7
7
7
7
7
7
7
7
7
7
7
