184
238
174
216
156
161
150
158
142
160
158
154
168
157
173
181
176
171
165
178
170
158
166
182
161
165
152
163
129
128
124
112
109
112
105
116
104
108
109
104
116
124
106
120
115
120
125
136
157
139
135
118
129
106
98
101
90
82
82
91
93
86
84
88
89
98
105
106
102
87
79
70
74
60
60
68
56
62
62
74
62
77
69
75
78
90
80
74
79
91
84
89
90
90
98
89
101
97
99
83
90
87
86
90
96
85
91
90
83
90
80
79
71
68
62
63
66
60
66
72
71
72
64
61
55
65
49
58
48
52
60
64
74
79
90
70
83
63
61
60
61
63
66
56
57
58
57
60
70
68
79
67
61
65
68
70
62
63
62
69
59
61
68
65
55
62
56
47
49
53
44
47
50
50
56
42
49
43
44
34
30
34
36
45
43
55
55
59
68
64
51
58
52
58
53
59
57
49
54
54
66
64
75
74
86
83
79
72
80
73
79
66
63
59
57
51
52
56
62
61
71
70
87
72
65
55
54
53
44
42
37
36
36
38
38
38
35
31
33
31
37
30
32
30
29
27
28
21
22
21
24
20
21
23
25
24
30
21
21
20
22
23
25
19
21
21
21
22
23
26
28
24
28
29
40
28
36
31
25
28
23
30
27
25
21
18
14
16
13
13
15
15
19
19
28
21
28
24
25
23
28
26
37
26
26
29
31
23
21
15
15
21
13
11
7
7
7
7
7
7
7
7
7
7
7
7
7
7
7
7
7
7
7
7
7
7
7
7
7
7
7
7
7
7
7
7
7
7
7
7
7
7
7
7
7
7
7
7
7
7
7
7
7
7
7
7
7
7
7
7
7
7
7
7
7
7
7
7
7
7
7
7
7
7
7
7
7
7
7
7
7
7
7
7
7
7
7
7
7
7
7
7
7
7
7
7
7
7
7
7
7
7
7
7
7
7
7
7
7
7
7
7
7
7
7
7
7
7
7
7
7
7
7
7
7
7
7
7
7
7
7
7
7
7
7
7
7
7
7
7
7
7
7
7
7
7
7
7
7
7
7
7
7
7
7
7
7
7
7
7
7
7
7
7
7
7
7
7
7
7
7
7
7
7
7
7
7
7
7
7
7
7
7
7
7
7
7
7
7
7
7
7
7
7
7
7
7
7
7
7
7
7
7
7
7
7
7
7
7
7
7
7
7
7
7
7
7
7
7
7
7
7
7
7
7
7
7
7
7
7
7
7
7
7
7
7
7
7
7
7
7
7
7
7
7
7
7
7
7
7
7
7
7
7
7
7
7
7
7
7
7
7
7
7
7
7
7
7
7
7
7
7
7
7
7
7
7
7
7
7
7
7
7
7
7
7
7
7
7
7
7
7
7
7
7
7
7
7
7
7
7
7
7
7
7
7
7
7
7
7
7
7
7
7
7
7
7
7
7
7
7
7
7
7
7
7
7
7
7
7
7
7
7
7
7
7
7
7
7
7
7
7
7
7
7
7
7
7
7
7
7
7
7
7
7
7
7
7
7
7
7
7
7
7
7
7
7
7
7
7
7
7
7
7
7
7
7
7
7
7
7
7
7
7
7
7
7
7
7
7
7
7
7
7
7
7
7
7
7
7
7
7
7
7
7
7
7
7
7
7
7
7
7
7
7
7
7
7
7
7
7
7
7
7
7
7
7
7
7
7
7
7
7
7
7
7
7
7
7
7
7
7
7
7
7
7
7
7
7
7
7
7
7
7
7
7
7
7
7
7
7
7
7
7
7
7
7
7
7
7
7
7
7
7
7
7
7
7
7
7
7
7
7
7
7
7
7
7
7
7
7
7
7
7
7
7
7
7
7
7
7
7
7
7
7
7
7
7
7
7
7
7
7
7
7
7
7
7
7
7
7
7
7
7
7
7
7
7
7
7
7
7
7
7
7
7
7
7
7
7
7
7
7
7
7
7
7
7
7
7
7
7
7
7
7
7
7
7
7
7
7
7
7
7
7
7
7
7
7
7
7
7
7
7
7
7
7
7
7
7
7
7
7
7
7
7
7
7
7
7
7
7
7
7
7
7
7
7
7
7
7
7
7
7
7
7
7
7
7
7
7
7
7
7
7
7
7
7
7
7
7
7
7
7
7
7
7
7
7
7
7
7
7
7
7
7
7
7
7
7
7
7
7
7
7
7
7
7
7
7
7
7
7
7
7
7
7
7
7
7
7
7
7
7
7
7
7
7
7
7
7
7
7
7
7
7
7
7
7
7
7
7
7
7
7
7
7
7
7
7
