193
253
198
220
186
227
206
207
206
192
177
168
153
160
132
125
106
112
112
111
116
122
110
106
111
96
84
90
85
75
69
71
75
81
69
74
68
78
66
75
72
76
76
85
76
104
80
81
96
99
102
120
100
92
96
84
87
85
92
91
95
105
104
100
118
109
127
111
129
115
125
120
132
121
148
119
121
105
108
118
123
102
100
105
118
97
82
75
65
68
61
62
60
70
65
78
77
85
97
59
68
60
61
65
73
80
85
88
86
98
93
100
105
113
119
115
121
120
122
100
100
101
124
90
92
110
81
88
87
91
93
81
88
70
76
67
69
71
85
78
93
72
80
73
77
75
80
72
70
65
60
68
59
85
64
87
71
68
77
60
54
43
48
46
48
52
54
56
46
64
47
45
44
48
45
45
50
51
57
50
48
50
42
44
39
41
43
43
54
41
43
42
50
44
57
46
46
42
50
48
44
49
43
44
45
49
56
53
55
59
55
56
61
58
56
55
57
43
41
39
38
39
34
43
30
31
32
38
37
29
38
31
37
30
38
35
45
40
54
48
50
54
48
52
43
48
43
48
51
55
50
63
59
52
56
55
68
65
66
71
68
70
69
72
70
64
61
66
71
60
63
57
73
56
50
51
53
53
60
54
58
67
63
61
59
61
56
52
58
49
63
57
62
60
66
68
56
46
49
50
55
62
63
52
54
50
47
43
50
49
53
47
50
45
53
44
46
43
48
46
48
48
57
50
54
51
55
58
61
60
67
79
88
91
72
81
85
88
94
95
91
99
88
96
93
97
93
94
100
104
103
114
116
99
88
70
82
63
66
73
58
67
61
62
56
58
59
57
67
50
45
45
41
38
40
42
42
51
42
39
36
35
33
33
33
33
33
33
33
33
33
33
33
33
33
33
33
33
33
33
33
33
33
33
33
33
33
33
33
33
33
33
33
33
33
33
33
33
33
33
33
33
33
33
33
33
33
33
33
33
33
33
33
33
33
33
33
33
33
33
33
33
33
33
33
33
33
33
33
33
33
33
33
33
33
33
33
33
33
33
33
33
33
33
33
33
33
33
33
33
33
33
33
33
33
33
33
33
33
33
33
33
33
33
33
33
33
33
33
33
33
33
33
33
33
33
33
33
33
33
33
33
33
33
33
33
33
33
33
33
33
33
33
33
33
33
33
33
33
33
33
33
33
33
33
33
33
33
33
33
33
33
33
33
33
33
33
33
33
33
33
33
33
33
33
33
33
33
33
33
33
33
33
33
33
33
33
33
33
33
33
33
33
33
33
33
33
33
33
33
33
33
33
33
33
33
33
33
33
33
33
33
33
33
33
33
33
33
33
33
33
33
33
33
33
33
33
33
33
33
33
33
33
33
33
33
33
33
33
33
33
33
33
33
33
33
33
33
33
33
33
33
33
33
33
33
33
33
33
33
33
33
33
33
33
33
33
33
33
33
33
33
33
33
33
33
33
33
33
33
33
33
33
33
33
33
33
33
33
33
33
33
33
33
33
33
33
33
33
33
33
33
33
33
33
33
33
33
33
33
33
33
33
33
33
33
33
33
33
33
33
33
33
33
33
33
33
33
33
33
33
33
33
33
33
33
33
33
33
33
33
33
33
33
33
33
33
33
33
33
33
33
33
33
33
33
33
33
33
33
33
33
33
33
33
33
33
33
33
33
33
33
33
33
33
33
33
33
33
33
33
33
33
33
33
33
33
33
33
33
33
33
33
33
33
33
33
33
33
33
33
33
33
33
33
33
33
33
33
33
33
33
33
33
33
33
33
33
33
33
33
33
33
33
33
33
33
33
33
33
33
33
33
33
33
33
33
33
33
33
33
33
33
33
33
33
33
33
33
33
33
33
33
33
33
33
33
33
33
33
33
33
33
33
33
33
33
33
33
33
33
33
33
33
33
33
33
33
33
33
33
33
33
33
33
33
33
33
33
33
33
33
33
33
33
33
33
33
33
33
33
33
33
33
33
33
33
33
33
33
33
33
33
33
33
33
33
33
33
33
33
33
33
33
33
33
33
33
33
33
33
33
33
33
33
33
33
33
33
33
33
33
33
33
33
33
33
33
33
33
33
33
33
33
33
33
33
33
33
33
33
33
33
33
33
33
33
33
33
33
33
33
33
33
33
33
33
33
33
33
33
33
33
33
33
33
33
33
33
33
33
33
33
33
33
33
33
33
33
33
33
33
33
33
33
33
33
33
33
33
33
33
33
33
33
33
33
33
33
33
33
33
33
33
33
33
33
33
33
33
