177
218
162
167
171
175
170
170
173
155
163
162
140
138
136
142
157
131
112
125
122
106
115
98
112
102
109
109
114
122
113
117
105
128
109
132
130
114
120
119
115
116
103
88
99
88
94
87
83
92
75
74
67
84
69
70
62
64
56
54
54
46
43
45
44
49
47
49
48
50
59
52
61
57
66
49
57
57
56
58
64
64
55
52
60
49
43
44
46
45
57
50
45
45
46
45
42
43
42
38
38
40
41
43
48
44
42
45
49
49
47
56
45
50
48
49
56
53
60
54
59
58
58
67
65
69
70
72
62
60
61
65
52
56
59
48
54
53
45
50
43
43
42
40
41
35
36
37
38
42
45
45
52
43
51
50
50
58
53
53
58
51
52
44
51
46
42
43
45
52
55
59
61
60
66
75
90
87
90
78
74
81
85
82
75
72
67
85
71
72
68
81
75
76
83
95
96
94
91
100
108
111
97
103
86
101
66
64
63
60
63
70
67
62
61
58
64
67
71
65
70
73
91
83
99
88
83
90
96
56
57
60
55
58
49
51
45
49
43
46
51
52
44
49
45
50
49
62
52
62
52
58
56
62
69
61
68
54
57
56
63
52
65
59
66
72
81
75
82
90
86
92
87
103
95
113
93
103
100
84
94
81
76
66
65
79
78
88
67
72
66
84
75
81
88
89
94
98
101
96
89
110
101
101
103
81
93
84
98
93
112
109
98
93
96
105
98
90
85
100
79
77
98
88
94
101
83
88
90
96
82
93
88
99
92
93
95
116
115
123
106
111
97
129
94
92
95
79
80
74
71
70
84
76
83
83
111
77
91
79
88
106
119
110
113
116
125
118
130
114
129
103
113
117
122
115
117
137
119
115
118
136
122
109
97
117
107
112
119
113
117
113
112
110
100
122
113
109
110
94
101
101
105
101
99
117
125
125
147
117
117
131
123
118
116
108
111
111
114
110
114
101
95
109
95
95
98
103
113
110
101
99
107
110
102
85
84
90
86
88
84
64
67
57
68
63
62
63
54
65
53
81
61
72
66
83
69
62
71
61
59
75
69
66
72
64
59
55
50
57
63
68
74
73
81
68
73
69
65
63
59
64
68
78
67
75
90
67
63
70
72
70
69
74
57
49
50
53
48
45
35
33
34
37
39
35
38
34
31
36
36
33
36
36
29
29
27
28
29
30
32
31
36
35
43
40
47
50
62
50
59
57
68
66
74
76
81
87
81
83
71
94
77
86
81
96
91
95
83
77
68
67
56
65
66
76
69
55
60
54
52
55
53
56
59
62
58
69
61
58
60
50
53
34
33
30
33
36
33
34
27
28
30
29
35
27
35
33
40
35
43
41
34
38
34
36
28
31
29
38
35
35
44
48
36
48
44
52
49
53
49
51
62
48
54
48
55
52
60
53
40
38
37
43
37
32
28
30
28
35
34
36
42
41
42
38
36
38
39
46
48
45
44
47
52
47
50
37
46
42
47
49
51
51
54
54
55
51
65
47
57
56
53
60
63
64
54
54
52
51
50
62
58
61
60
50
50
50
50
55
49
52
40
47
42
42
37
35
28
29
34
35
37
37
42
36
33
32
31
37
33
38
40
40
33
47
32
46
41
51
43
61
36
45
42
29
28
26
24
24
27
31
33
35
35
31
45
37
50
40
41
41
43
30
38
33
43
39
38
43
49
56
55
50
47
43
47
42
47
46
45
40
48
46
49
50
53
67
60
64
57
57
59
48
47
52
63
56
71
64
79
67
58
59
57
58
64
62
63
65
72
65
69
67
75
77
95
108
97
96
94
92
98
98
92
92
91
96
72
58
60
57
65
65
60
60
59
61
64
52
53
53
37
39
42
35
34
39
37
42
44
55
52
52
50
56
58
61
69
72
73
72
64
61
69
52
56
61
54
62
64
69
67
72
64
66
59
71
69
66
77
64
72
75
60
59
65
55
63
52
59
61
57
61
50
49
42
36
39
35
42
29
31
26
26
26
27
28
27
25
25
28
29
34
25
25
25
21
19
15
15
15
15
15
15
15
15
15
15
15
15
15
15
15
15
15
15
15
15
15
15
15
15
15
15
15
15
15
15
15
15
15
15
15
15
15
15
15
15
15
15
15
15
15
15
15
15
15
15
15
15
15
15
15
15
15
15
15
15
15
15
15
15
15
15
15
15
15
15
15
15
15
15
15
15
15
15
15
15
15
15
15
15
15
15
15
15
15
15
15
15
15
15
15
15
15
15
15
15
15
15
15
15
15
15
15
15
15
15
15
