197
216
197
181
198
176
165
163
151
152
151
132
118
136
125
119
123
122
125
105
125
111
116
114
118
115
113
93
100
89
101
96
89
85
94
97
102
86
85
81
86
81
82
79
90
96
101
92
103
88
88
100
84
96
86
102
99
95
82
79
65
61
68
73
71
87
73
78
86
95
96
74
62
57
48
45
39
39
40
35
33
31
30
31
32
35
34
40
35
42
40
45
50
51
53
60
51
54
51
52
49
56
55
53
46
49
51
56
56
53
52
52
46
54
51
55
59
61
63
61
81
69
73
82
80
77
73
70
70
74
68
71
70
79
76
68
69
56
62
59
71
71
84
76
83
83
86
80
75
83
87
88
93
79
87
86
93
96
102
115
106
99
83
80
88
83
99
99
100
105
102
116
112
129
120
129
128
122
119
99
102
97
93
98
92
104
93
82
82
67
59
60
57
64
63
56
65
66
61
61
74
63
63
65
62
65
59
66
64
70
65
54
55
59
56
67
56
56
55
62
60
67
61
54
50
50
53
55
53
54
54
54
60
51
47
47
47
46
45
47
48
52
54
58
53
55
48
60
56
65
55
62
56
60
58
55
59
59
63
66
72
78
77
79
76
69
79
62
69
60
60
54
57
51
53
54
52
48
53
44
50
50
65
58
66
58
59
59
49
49
50
51
43
42
40
39
45
36
36
34
39
36
44
40
40
37
41
39
45
44
40
37
39
37
39
40
48
36
33
30
29
28
26
25
23
23
23
23
23
23
23
23
23
23
23
23
23
23
23
23
23
23
23
23
23
23
23
23
23
23
23
23
23
23
23
23
23
23
23
23
23
23
23
23
23
23
23
23
23
23
23
23
23
23
23
23
23
23
23
23
23
23
23
23
23
23
23
23
23
23
23
23
23
23
23
23
23
23
23
23
23
23
23
23
23
23
23
23
23
23
23
23
23
23
23
23
23
23
23
23
23
23
23
23
23
23
23
23
23
23
23
23
23
23
23
23
23
23
23
23
23
23
23
23
23
23
23
23
23
23
23
23
23
23
23
23
23
23
23
23
23
23
23
23
23
23
23
23
23
23
23
23
23
23
23
23
23
23
23
23
23
23
23
23
23
23
23
23
23
23
23
23
23
23
23
23
23
23
23
23
23
23
23
23
23
23
23
23
23
23
23
23
23
23
23
23
23
23
23
23
23
23
23
23
23
23
23
23
23
23
23
23
23
23
23
23
23
23
23
23
23
23
23
23
23
23
23
23
23
23
23
23
23
23
23
23
23
23
23
23
23
23
23
23
23
23
23
23
23
23
23
23
23
23
23
23
23
23
23
23
23
23
23
23
23
23
23
23
23
23
23
23
23
23
23
23
23
23
23
23
23
23
23
23
23
23
23
23
23
23
23
23
23
23
23
23
23
23
23
23
23
23
23
23
23
23
23
23
23
23
23
23
23
23
23
23
23
23
23
23
23
23
23
23
23
23
23
23
23
23
23
23
23
23
23
23
23
23
23
23
23
23
23
23
23
23
23
23
23
23
23
23
23
23
23
23
23
23
23
23
23
23
23
23
23
23
23
23
23
23
23
23
23
23
23
23
23
23
23
23
23
23
23
23
23
23
23
23
23
23
23
23
23
23
23
23
23
23
23
23
23
23
23
23
23
23
23
23
23
23
23
23
23
23
23
23
23
23
23
23
23
23
23
23
23
23
23
23
23
23
23
23
23
23
23
23
23
23
23
23
23
23
23
23
23
23
23
23
23
23
23
23
23
23
23
23
23
23
23
23
23
23
23
23
23
23
23
23
23
23
23
23
23
23
23
23
23
23
23
23
23
23
23
23
23
23
23
23
23
23
23
23
23
23
23
23
23
23
23
23
23
23
23
23
23
23
23
23
23
23
23
23
23
23
23
23
23
23
23
23
23
23
23
23
23
23
23
23
23
23
23
23
23
23
23
23
23
23
23
23
23
23
23
23
23
23
23
23
23
23
23
23
23
23
23
23
23
23
23
23
23
23
23
23
23
23
23
23
23
23
23
23
23
23
23
23
23
23
23
23
23
23
23
23
23
23
23
23
23
23
23
23
23
23
23
23
23
23
23
23
23
23
23
23
23
23
23
23
23
23
23
23
23
23
23
23
23
23
23
23
23
23
23
23
23
23
23
23
23
23
23
23
23
23
23
23
23
23
23
23
23
23
23
23
23
23
23
23
23
23
23
23
23
23
23
23
23
23
23
23
23
23
23
23
23
23
23
23
23
23
23
23
23
23
23
23
23
23
23
23
