169
193
183
185
168
170
167
183
168
183
164
167
156
147
146
135
151
147
142
150
134
125
130
131
120
119
137
122
140
124
134
118
125
106
102
102
96
101
101
104
78
84
76
81
76
92
82
83
89
88
97
86
88
102
106
108
109
92
110
88
77
79
75
81
91
96
89
89
90
87
107
96
113
104
113
114
127
116
122
110
92
97
98
106
116
112
124
113
115
121
105
94
98
93
84
99
81
81
65
60
56
52
52
61
65
69
73
66
72
73
74
68
70
65
60
55
58
63
63
57
75
64
84
64
93
66
90
62
77
55
58
58
58
61
60
66
59
65
59
54
59
55
54
58
41
46
38
37
41
47
37
37
40
43
36
42
49
49
60
57
72
80
93
67
63
72
56
69
65
71
67
65
68
73
80
76
76
86
97
90
78
74
77
71
82
79
94
93
111
103
104
89
80
87
88
89
70
82
64
68
63
62
44
44
44
41
45
33
35
31
28
29
30
31
33
36
34
44
38
61
37
44
43
51
49
54
45
44
48
52
47
42
41
49
48
52
52
54
51
48
54
47
51
53
50
57
65
56
61
65
67
69
76
79
71
73
75
75
85
67
69
64
63
67
67
58
56
68
61
67
67
66
68
78
78
79
82
79
80
80
76
87
81
80
89
95
106
98
103
95
77
70
75
61
63
49
42
43
45
46
45
53
40
30
25
29
28
29
32
32
36
36
44
36
36
37
37
39
36
36
35
34
35
34
32
31
29
29
29
29
29
29
29
29
29
29
29
29
29
29
29
29
29
29
29
29
29
29
29
29
29
29
29
29
29
29
29
29
29
29
29
29
29
29
29
29
29
29
29
29
29
29
29
29
29
29
29
29
29
29
29
29
29
29
29
29
29
29
29
29
29
29
29
29
29
29
29
29
29
29
29
29
29
29
29
29
29
29
29
29
29
29
29
29
29
29
29
29
29
29
29
29
29
29
29
29
29
29
29
29
29
29
29
29
29
29
29
29
29
29
29
29
29
29
29
29
29
29
29
29
29
29
29
29
29
29
29
29
29
29
29
29
29
29
29
29
29
29
29
29
29
29
29
29
29
29
29
29
29
29
29
29
29
29
29
29
29
29
29
29
29
29
29
29
29
29
29
29
29
29
29
29
29
29
29
29
29
29
29
29
29
29
29
29
29
29
29
29
29
29
29
29
29
29
29
29
29
29
29
29
29
29
29
29
29
29
29
29
29
29
29
29
29
29
29
29
29
29
29
29
29
29
29
29
29
29
29
29
29
29
29
29
29
29
29
29
29
29
29
29
29
29
29
29
29
29
29
29
29
29
29
29
29
29
29
29
29
29
29
29
29
29
29
29
29
29
29
29
29
29
29
29
29
29
29
29
29
29
29
29
29
29
29
29
29
29
29
29
29
29
29
29
29
29
29
29
29
29
29
29
29
29
29
29
29
29
29
29
29
29
29
29
29
29
29
29
29
29
29
29
29
29
29
29
29
29
29
29
29
29
29
29
29
29
29
29
29
29
29
29
29
29
29
29
29
29
29
29
29
29
29
29
29
29
29
29
29
29
29
29
29
29
29
29
29
29
29
29
29
29
29
29
29
29
29
29
29
29
29
29
29
29
29
29
29
29
29
29
29
29
29
29
29
29
29
29
29
29
29
29
29
29
29
29
29
29
29
29
29
29
29
29
29
29
29
29
29
29
29
29
29
29
29
29
29
29
29
29
29
29
29
29
29
29
29
29
29
29
29
29
29
29
29
29
29
29
29
29
29
29
29
29
29
29
29
29
29
29
29
29
29
29
29
29
29
29
29
29
29
29
29
29
29
29
29
29
29
29
29
29
29
29
29
29
29
29
29
29
29
29
29
29
29
29
29
29
29
29
29
29
29
29
29
29
29
29
29
29
29
29
29
29
29
29
29
29
29
29
29
29
29
29
29
29
29
29
29
29
29
29
29
29
29
29
29
29
29
29
29
29
29
29
29
29
29
29
29
29
29
29
29
29
29
29
29
29
29
29
29
29
29
29
29
29
29
29
29
29
29
29
29
29
29
29
29
29
29
29
29
29
29
29
29
29
29
29
29
29
29
29
29
29
29
29
29
29
29
29
29
29
29
29
29
29
29
29
29
29
29
29
29
29
29
29
29
29
29
29
29
29
29
29
29
29
29
29
29
29
29
29
29
29
29
29
29
29
29
29
29
29
29
29
29
29
29
29
29
29
29
29
29
29
29
29
29
29
29
29
29
29
29
29
29
29
29
29
29
29
29
29
