180
219
196
192
175
166
169
158
176
159
161
139
143
107
102
96
110
100
100
97
95
98
94
100
99
97
104
111
79
74
65
72
72
69
74
60
75
65
82
72
82
68
64
72
64
57
70
74
71
67
61
73
69
75
74
82
75
82
94
92
89
86
78
82
82
90
73
72
57
61
63
59
68
66
69
82
64
78
80
88
90
103
96
93
88
87
93
75
70
67
61
62
65
60
61
63
50
55
46
47
43
40
44
45
45
53
42
48
42
41
44
41
38
42
42
43
46
51
52
55
51
57
59
51
56
54
46
50
52
65
51
52
46
45
47
45
51
48
58
51
50
45
46
49
43
43
44
52
47
57
51
55
44
40
39
42
44
47
46
47
58
54
61
61
68
65
66
71
61
57
63
67
58
61
61
64
65
66
67
77
75
75
75
63
80
74
76
79
58
59
51
55
53
47
41
42
53
47
43
50
42
49
46
40
44
48
40
42
48
45
41
52
49
54
40
41
36
34
36
42
47
53
62
59
63
66
56
67
65
78
76
103
83
96
82
81
82
96
84
104
89
79
93
81
78
82
79
83
80
86
89
80
77
78
72
80
70
78
88
70
74
81
81
71
86
68
61
64
60
70
54
54
45
40
35
44
43
54
48
57
52
61
49
49
40
40
39
49
44
56
52
64
73
71
75
66
71
86
96
90
89
100
79
81
85
89
72
65
60
72
66
61
62
74
71
81
71
77
82
80
86
72
80
66
62
60
48
52
46
43
42
40
32
29
33
40
38
35
31
31
36
29
25
27
25
25
29
25
23
21
17
17
17
17
17
17
17
17
17
17
17
17
17
17
17
17
17
17
17
17
17
17
17
17
17
17
17
17
17
17
17
17
17
17
17
17
17
17
17
17
17
17
17
17
17
17
17
17
17
17
17
17
17
17
17
17
17
17
17
17
17
17
17
17
17
17
17
17
17
17
17
17
17
17
17
17
17
17
17
17
17
17
17
17
17
17
17
17
17
17
17
17
17
17
17
17
17
17
17
17
17
17
17
17
17
17
17
17
17
17
17
17
17
17
17
17
17
17
17
17
17
17
17
17
17
17
17
17
17
17
17
17
17
17
17
17
17
17
17
17
17
17
17
17
17
17
17
17
17
17
17
17
17
17
17
17
17
17
17
17
17
17
17
17
17
17
17
17
17
17
17
17
17
17
17
17
17
17
17
17
17
17
17
17
17
17
17
17
17
17
17
17
17
17
17
17
17
17
17
17
17
17
17
17
17
17
17
17
17
17
17
17
17
17
17
17
17
17
17
17
17
17
17
17
17
17
17
17
17
17
17
17
17
17
17
17
17
17
17
17
17
17
17
17
17
17
17
17
17
17
17
17
17
17
17
17
17
17
17
17
17
17
17
17
17
17
17
17
17
17
17
17
17
17
17
17
17
17
17
17
17
17
17
17
17
17
17
17
17
17
17
17
17
17
17
17
17
17
17
17
17
17
17
17
17
17
17
17
17
17
17
17
17
17
17
17
17
17
17
17
17
17
17
17
17
17
17
17
17
17
17
17
17
17
17
17
17
17
17
17
17
17
17
17
17
17
17
17
17
17
17
17
17
17
17
17
17
17
17
17
17
17
17
17
17
17
17
17
17
17
17
17
17
17
17
17
17
17
17
17
17
17
17
17
17
17
17
17
17
17
17
17
17
17
17
17
17
17
17
17
17
17
17
17
17
17
17
17
17
17
17
17
17
17
17
17
17
17
17
17
17
17
17
17
17
17
17
17
17
17
17
17
17
17
17
17
17
17
17
17
17
17
17
17
17
17
17
17
17
17
17
17
17
17
17
17
17
17
17
17
17
17
17
17
17
17
17
17
17
17
17
17
17
17
17
17
17
17
17
17
17
17
17
17
17
17
17
17
17
17
17
17
17
17
17
17
17
17
17
17
17
17
17
17
17
17
17
17
17
17
17
17
17
17
17
17
17
17
17
17
17
17
17
17
17
17
17
17
17
17
17
17
17
17
17
17
17
17
17
17
17
17
17
17
17
17
17
17
17
17
17
17
17
17
17
17
17
17
17
17
17
17
17
17
17
17
17
17
17
17
17
17
17
17
17
17
17
17
17
17
17
17
17
17
17
17
17
17
17
17
17
17
17
17
17
17
17
17
17
17
17
17
17
17
17
17
17
17
17
17
17
17
17
17
17
17
17
17
17
17
17
17
17
17
17
17
17
17
17
17
17
17
17
17
17
17
17
17
17
17
17
17
17
17
17
17
17
17
17
17
