181
192
173
196
165
149
172
148
163
123
114
125
117
108
105
89
89
80
91
68
73
63
67
55
59
58
59
62
60
66
75
66
61
64
68
69
66
77
61
68
62
69
61
73
58
71
65
69
60
60
57
62
64
56
52
56
52
52
57
55
56
50
53
48
48
49
48
42
40
46
39
38
39
39
40
44
43
51
40
41
51
46
42
38
41
37
40
43
55
40
58
46
64
58
73
72
78
84
96
74
75
92
70
72
71
70
92
76
65
63
63
61
70
70
69
71
85
84
85
102
85
93
109
84
91
86
84
78
67
72
56
58
53
54
52
54
50
41
37
36
42
38
51
33
33
33
32
36
34
36
35
38
44
38
42
37
33
30
24
29
25
32
24
21
20
21
26
24
32
25
30
28
29
37
33
35
35
31
29
27
28
25
27
27
29
27
28
31
33
37
41
39
36
42
42
51
41
44
40
36
36
38
43
41
42
43
46
42
41
46
43
41
46
38
32
25
27
24
24
17
20
21
22
28
24
25
24
24
27
29
28
33
28
42
32
48
42
55
60
74
55
69
63
86
73
83
83
100
90
88
81
89
77
77
87
79
85
72
78
63
62
53
56
47
42
38
32
28
27
25
25
25
27
26
31
26
28
25
24
26
25
25
27
28
32
28
32
29
35
30
32
29
32
25
23
24
26
28
30
34
32
35
39
35
38
37
38
37
31
36
32
39
31
28
27
28
33
32
39
28
30
28
30
26
27
23
22
24
24
24
24
24
24
24
24
24
24
24
24
24
24
24
24
24
24
24
24
24
24
24
24
24
24
24
24
24
24
24
24
24
24
24
24
24
24
24
24
24
24
24
24
24
24
24
24
24
24
24
24
24
24
24
24
24
24
24
24
24
24
24
24
24
24
24
24
24
24
24
24
24
24
24
24
24
24
24
24
24
24
24
24
24
24
24
24
24
24
24
24
24
24
24
24
24
24
24
24
24
24
24
24
24
24
24
24
24
24
24
24
24
24
24
24
24
24
24
24
24
24
24
24
24
24
24
24
24
24
24
24
24
24
24
24
24
24
24
24
24
24
24
24
24
24
24
24
24
24
24
24
24
24
24
24
24
24
24
24
24
24
24
24
24
24
24
24
24
24
24
24
24
24
24
24
24
24
24
24
24
24
24
24
24
24
24
24
24
24
24
24
24
24
24
24
24
24
24
24
24
24
24
24
24
24
24
24
24
24
24
24
24
24
24
24
24
24
24
24
24
24
24
24
24
24
24
24
24
24
24
24
24
24
24
24
24
24
24
24
24
24
24
24
24
24
24
24
24
24
24
24
24
24
24
24
24
24
24
24
24
24
24
24
24
24
24
24
24
24
24
24
24
24
24
24
24
24
24
24
24
24
24
24
24
24
24
24
24
24
24
24
24
24
24
24
24
24
24
24
24
24
24
24
24
24
24
24
24
24
24
24
24
24
24
24
24
24
24
24
24
24
24
24
24
24
24
24
24
24
24
24
24
24
24
24
24
24
24
24
24
24
24
24
24
24
24
24
24
24
24
24
24
24
24
24
24
24
24
24
24
24
24
24
24
24
24
24
24
24
24
24
24
24
24
24
24
24
24
24
24
24
24
24
24
24
24
24
24
24
24
24
24
24
24
24
24
24
24
24
24
24
24
24
24
24
24
24
24
24
24
24
24
24
24
24
24
24
24
24
24
24
24
24
24
24
24
24
24
24
24
24
24
24
24
24
24
24
24
24
24
24
24
24
24
24
24
24
24
24
24
24
24
24
24
24
24
24
24
24
24
24
24
24
24
24
24
24
24
24
24
24
24
24
24
24
24
24
24
24
24
24
24
24
24
24
24
24
24
24
24
24
24
24
24
24
24
24
24
24
24
24
24
24
24
24
24
24
24
24
24
24
24
24
24
24
24
24
24
24
24
24
24
24
24
24
24
24
24
24
24
24
24
24
24
24
24
24
24
24
24
24
24
24
24
24
24
24
24
24
24
24
24
24
24
24
24
24
24
24
24
24
24
24
24
24
24
24
24
24
24
24
24
24
24
24
24
24
24
24
24
24
24
24
24
24
24
24
24
24
24
24
24
24
24
24
24
24
24
24
24
24
24
24
24
24
24
24
24
24
24
24
24
24
24
24
24
24
24
24
24
24
24
24
24
24
24
24
24
24
24
24
24
24
24
24
24
24
24
24
24
24
24
24
24
24
24
24
24
24
24
24
24
24
24
24
24
24
24
24
24
24
24
24
24
24
24
24
24
24
24
24
24
