205
240
221
214
200
174
182
178
172
153
163
149
151
141
161
154
128
144
115
126
114
118
115
114
116
131
128
150
125
120
111
107
97
98
84
96
87
93
98
99
86
100
99
103
109
105
106
114
109
123
102
123
102
94
95
83
85
93
99
96
97
99
102
84
94
93
97
84
92
82
84
71
73
63
57
51
52
51
43
42
40
41
40
42
45
48
52
52
57
58
61
53
50
47
49
50
63
54
52
61
65
65
75
75
72
76
65
67
72
77
82
97
78
83
84
87
89
86
89
95
95
96
93
98
102
109
101
101
101
113
96
114
104
106
122
123
127
119
138
127
126
113
108
99
99
104
86
79
95
95
93
96
76
69
72
70
76
56
65
66
58
67
73
78
70
73
71
81
71
72
75
66
64
71
71
78
81
78
96
68
84
58
53
57
58
63
64
75
63
71
68
81
79
66
71
62
70
65
64
67
74
74
68
74
67
71
80
78
84
84
93
82
89
92
93
105
94
108
99
110
110
95
109
106
115
103
96
96
104
111
107
112
108
111
104
95
92
89
87
96
73
85
79
87
86
101
95
114
99
102
116
104
102
111
91
92
83
88
88
84
72
75
61
68
60
60
61
52
54
52
59
51
52
53
60
51
52
45
40
39
40
43
41
44
46
50
42
45
40
44
47
55
52
71
54
66
61
68
62
78
59
60
61
58
56
57
57
47
55
47
57
60
55
46
47
53
53
54
61
64
70
54
55
50
54
65
70
77
67
73
73
81
69
73
56
58
45
48
48
50
49
55
50
57
57
61
69
74
72
75
83
74
79
67
89
74
65
66
63
69
75
73
88
84
93
78
91
76
94
84
91
79
81
71
67
65
68
63
59
68
66
72
66
68
74
79
81
78
80
84
96
80
93
78
107
82
82
85
79
80
80
81
86
91
86
88
80
71
74
85
86
76
73
74
89
82
68
67
70
74
85
90
83
95
107
119
124
109
101
96
105
90
83
82
96
68
66
48
40
43
51
47
45
44
47
49
58
57
50
53
54
56
49
58
53
56
52
52
45
35
38
35
29
28
24
32
21
15
15
15
15
15
15
15
15
15
15
15
15
15
15
15
15
15
15
15
15
15
15
15
15
15
15
15
15
15
15
15
15
15
15
15
15
15
16
15
16
12
8
7
7
7
7
7
7
7
7
7
7
7
7
7
7
7
7
7
7
7
7
7
7
7
7
7
7
7
7
7
7
7
7
7
7
7
7
7
7
7
7
7
7
7
7
7
7
7
7
7
7
7
7
7
7
7
7
7
7
7
7
7
7
7
7
7
7
7
7
7
7
7
7
7
7
7
7
7
7
7
7
7
7
7
7
7
7
7
7
7
7
7
7
7
7
7
7
7
7
7
7
7
7
7
7
7
7
7
7
7
7
7
7
7
7
7
7
7
7
7
7
7
7
7
7
7
7
7
7
7
7
7
7
7
7
7
7
7
7
7
7
7
7
7
7
7
7
7
7
7
7
7
7
7
7
7
7
7
7
7
7
7
7
7
7
7
7
7
7
7
7
7
7
7
7
7
7
7
7
7
7
7
7
7
7
7
7
7
7
7
7
7
7
7
7
7
7
7
7
7
7
7
7
7
7
7
7
7
7
7
7
7
7
7
7
7
7
7
7
7
7
7
7
7
7
7
7
7
7
7
7
7
7
7
7
7
7
7
7
7
7
7
7
7
7
7
7
7
7
7
7
7
7
7
7
7
7
7
7
7
7
7
7
7
7
7
7
7
7
7
7
7
7
7
7
7
7
7
7
7
7
7
7
7
7
7
7
7
7
7
7
7
7
7
7
7
7
7
7
7
7
7
7
7
7
7
7
7
7
7
7
7
7
7
7
7
7
7
7
7
7
7
7
7
7
7
7
7
7
7
7
7
7
7
7
7
7
7
7
7
7
7
7
7
7
7
7
7
7
7
7
7
7
7
7
7
7
7
7
7
7
7
7
7
7
7
7
7
7
7
7
7
7
7
7
7
7
7
7
7
7
7
7
7
7
7
7
7
7
7
7
7
7
7
7
7
7
7
7
7
7
7
7
7
7
7
7
7
7
7
7
7
7
7
7
7
7
7
7
7
7
7
7
7
7
7
7
7
7
7
7
7
7
7
7
7
7
7
7
7
7
7
7
7
7
7
7
7
7
7
7
7
7
7
7
7
7
7
7
7
7
7
7
7
7
7
7
7
7
7
7
7
7
7
7
7
7
7
7
7
7
7
7
7
7
7
7
7
7
7
7
7
