203
194
195
169
178
149
125
143
136
144
144
144
143
127
119
131
124
130
141
125
107
92
89
82
82
89
90
79
83
81
96
82
81
80
90
82
84
92
86
108
100
92
104
109
84
88
68
72
65
59
68
65
71
65
76
72
66
65
60
59
56
56
64
55
58
59
64
67
90
70
80
90
93
93
89
99
96
83
97
92
83
89
95
96
85
99
111
114
129
118
109
114
101
101
89
94
86
99
92
90
85
80
89
87
91
96
111
107
123
124
126
113
105
111
94
88
86
101
87
99
90
92
63
59
63
72
65
72
79
82
85
91
102
98
102
93
110
114
91
116
104
115
121
124
114
116
106
104
104
93
103
117
98
112
126
121
105
108
87
92
81
94
90
107
86
76
80
76
78
80
65
65
65
67
75
63
57
67
72
87
82
76
74
74
78
63
54
59
56
62
63
56
58
60
59
66
71
79
91
98
113
110
108
100
107
94
89
103
92
97
107
122
108
122
104
123
102
115
90
102
100
90
90
68
70
79
79
79
79
85
73
70
60
79
57
56
62
71
57
65
63
53
48
54
50
47
41
40
44
34
39
41
46
42
41
46
40
30
32
31
31
37
38
52
42
41
43
39
46
50
51
56
61
54
58
53
55
61
59
72
71
82
69
76
70
76
80
90
87
68
80
75
92
81
91
91
91
76
85
79
74
81
74
66
58
72
70
73
66
70
69
79
77
78
78
67
62
68
73
71
67
65
67
77
72
69
78
88
107
90
95
87
83
86
81
79
81
79
84
84
90
90
83
85
75
84
76
80
79
87
92
74
84
66
66
59
59
59
68
66
64
66
66
58
67
64
61
55
66
58
66
60
66
62
56
63
59
57
54
58
52
57
55
67
58
68
71
71
70
67
67
66
48
43
43
48
46
46
55
61
51
42
42
45
52
48
54
50
47
46
34
35
29
37
35
43
35
41
43
47
43
57
45
54
49
54
56
58
51
50
58
64
56
54
61
60
66
58
63
52
57
55
56
58
68
68
53
46
48
50
51
57
63
72
75
79
89
89
84
65
58
70
57
52
54
61
62
60
54
60
58
57
60
61
63
67
67
56
73
65
70
84
75
79
76
74
80
77
82
96
86
80
92
86
94
93
106
99
94
90
87
89
77
70
74
75
67
66
63
75
66
65
64
58
49
53
54
52
52
44
43
50
55
48
49
51
52
44
41
49
44
50
50
56
50
43
45
39
37
35
35
35
35
35
35
35
35
35
35
35
35
35
35
35
35
35
35
35
35
35
35
35
35
35
35
35
35
35
35
35
35
35
35
35
35
35
35
35
35
35
35
35
35
35
35
35
35
35
35
35
35
35
35
35
35
35
35
35
35
35
35
35
35
35
35
35
35
35
35
35
35
35
35
35
35
35
35
35
35
35
35
35
35
35
35
35
35
35
35
35
35
35
35
35
35
35
35
35
35
35
35
35
35
35
35
35
35
35
35
35
35
35
35
35
35
35
35
35
35
35
35
35
35
35
35
35
35
35
35
35
35
35
35
35
35
35
35
35
35
35
35
35
35
35
35
35
35
35
35
35
35
35
35
35
35
35
35
35
35
35
35
35
35
35
35
35
35
35
35
35
35
35
35
35
35
35
35
35
35
35
35
35
35
35
35
35
35
35
35
35
35
35
35
35
35
35
35
35
35
35
35
35
35
35
35
35
35
35
35
35
35
35
35
35
35
35
35
35
35
35
35
35
35
35
35
35
35
35
35
35
35
35
35
35
35
35
35
35
35
35
35
35
35
35
35
35
35
35
35
35
35
35
35
35
35
35
35
35
35
35
35
35
35
35
35
35
35
35
35
35
35
35
35
35
35
35
35
35
35
35
35
35
35
35
35
35
35
35
35
35
35
35
35
35
35
35
35
35
35
35
35
35
35
35
35
35
35
35
35
35
35
35
35
35
35
35
35
35
35
35
35
35
35
35
35
35
35
35
35
35
35
35
35
35
35
35
35
35
35
35
35
35
35
35
35
35
35
35
35
35
35
35
35
35
35
35
35
35
35
35
35
35
35
35
35
35
35
35
35
35
35
35
35
35
35
35
35
35
35
35
35
35
35
35
35
35
35
35
35
35
35
35
35
35
35
35
35
35
35
35
35
35
35
35
35
35
35
35
35
35
35
35
35
35
35
35
35
35
35
35
35
35
35
35
35
35
35
35
35
35
35
35
35
35
35
35
35
35
35
35
35
35
35
35
35
35
35
35
35
35
35
35
35
35
35
35
35
35
35
35
