192
228
187
191
195
220
172
195
171
174
156
156
140
157
143
131
139
135
115
134
132
138
152
139
133
107
112
103
98
111
100
86
82
75
69
71
61
78
62
66
73
76
80
72
86
71
90
66
75
72
68
58
67
62
65
54
62
64
68
68
61
64
60
61
71
58
67
73
61
60
69
64
68
67
68
87
80
80
100
107
87
103
96
89
93
86
101
93
103
89
99
101
111
112
105
110
95
86
82
79
72
79
80
82
80
79
83
94
99
89
89
89
80
84
89
85
84
95
87
88
77
80
76
69
75
78
89
85
85
89
67
64
60
56
54
44
45
49
43
47
46
49
46
52
54
49
53
58
63
59
51
57
56
60
63
57
56
47
47
50
50
43
47
47
48
58
60
52
44
45
41
36
37
35
40
43
42
39
46
37
43
42
45
42
35
32
35
35
35
43
36
39
37
34
35
40
37
39
35
38
38
44
32
31
34
34
36
36
37
39
40
40
43
43
40
42
42
41
45
47
50
46
47
47
40
47
40
40
44
44
39
43
49
46
44
55
46
64
53
66
57
68
66
79
62
79
75
94
89
95
84
76
76
83
86
99
115
109
110
124
127
111
124
122
130
125
118
125
124
138
122
148
140
148
140
151
137
156
133
152
119
142
115
132
136
124
136
131
149
114
132
96
102
81
71
86
61
58
57
58
61
58
73
57
56
61
72
66
80
71
77
73
82
83
74
80
75
73
68
69
73
80
70
86
84
77
89
91
83
94
93
104
108
89
104
86
78
72
69
77
77
76
74
76
69
77
62
71
67
72
68
65
62
60
69
62
63
56
57
57
52
49
48
57
44
42
44
39
32
32
25
24
23
18
18
15
17
19
20
21
22
24
23
26
24
26
21
17
14
16
17
26
13
10
8
8
8
8
8
8
8
8
8
8
8
8
8
8
8
8
8
8
8
8
8
8
8
8
8
8
8
8
8
8
8
8
8
8
8
8
8
8
8
8
8
8
8
8
8
8
8
8
8
8
8
8
8
8
8
8
8
8
8
8
8
8
8
8
8
8
8
8
8
8
8
8
8
8
8
8
8
8
8
8
8
8
8
8
8
8
8
8
8
8
8
8
8
8
8
8
8
8
8
8
8
8
8
8
8
8
8
8
8
8
8
8
8
8
8
8
8
8
8
8
8
8
8
8
8
8
8
8
8
8
8
8
8
8
8
8
8
8
8
8
8
8
8
8
8
8
8
8
8
8
8
8
8
8
8
8
8
8
8
8
8
8
8
8
8
8
8
8
8
8
8
8
8
8
8
8
8
8
8
8
8
8
8
8
8
8
8
8
8
8
8
8
8
8
8
8
8
8
8
8
8
8
8
8
8
8
8
8
8
8
8
8
8
8
8
8
8
8
8
8
8
8
8
8
8
8
8
8
8
8
8
8
8
8
8
8
8
8
8
8
8
8
8
8
8
8
8
8
8
8
8
8
8
8
8
8
8
8
8
8
8
8
8
8
8
8
8
8
8
8
8
8
8
8
8
8
8
8
8
8
8
8
8
8
8
8
8
8
8
8
8
8
8
8
8
8
8
8
8
8
8
8
8
8
8
8
8
8
8
8
8
8
8
8
8
8
8
8
8
8
8
8
8
8
8
8
8
8
8
8
8
8
8
8
8
8
8
8
8
8
8
8
8
8
8
8
8
8
8
8
8
8
8
8
8
8
8
8
8
8
8
8
8
8
8
8
8
8
8
8
8
8
8
8
8
8
8
8
8
8
8
8
8
8
8
8
8
8
8
8
8
8
8
8
8
8
8
8
8
8
8
8
8
8
8
8
8
8
8
8
8
8
8
8
8
8
8
8
8
8
8
8
8
8
8
8
8
8
8
8
8
8
8
8
8
8
8
8
8
8
8
8
8
8
8
8
8
8
8
8
8
8
8
8
8
8
8
8
8
8
8
8
8
8
8
8
8
8
8
8
8
8
8
8
8
8
8
8
8
8
8
8
8
8
8
8
8
8
8
8
8
8
8
8
8
8
8
8
8
8
8
8
8
8
8
8
8
8
8
8
8
8
8
8
8
8
8
8
8
8
8
8
8
8
8
8
8
8
8
8
8
8
8
8
8
8
8
8
8
8
8
8
8
8
8
8
8
8
8
8
8
8
8
8
8
8
8
8
8
8
8
8
8
8
8
8
8
8
8
8
8
8
8
8
8
8
8
8
8
8
8
8
8
8
8
8
8
8
8
8
8
8
8
8
8
8
8
8
8
8
8
8
8
8
8
8
