191
205
206
184
174
178
161
147
149
155
168
164
160
181
158
152
147
160
149
138
126
121
117
142
104
115
104
110
101
95
110
95
80
75
76
73
74
78
84
91
81
73
73
70
71
57
54
54
58
47
45
58
47
46
48
56
61
61
62
59
66
73
67
80
75
81
78
78
72
78
85
82
80
78
85
87
92
92
97
95
89
92
79
84
74
71
73
78
70
65
73
69
78
69
64
63
66
72
78
77
89
78
85
101
86
90
94
88
83
88
77
87
83
81
102
87
103
102
109
113
104
92
104
103
97
114
125
105
108
102
98
80
94
88
99
100
95
99
101
100
98
112
119
128
114
130
118
129
120
124
98
91
87
72
76
75
72
65
75
71
77
70
65
69
61
69
64
76
66
63
50
54
49
48
53
59
52
52
55
62
66
56
55
41
38
40
42
31
37
33
32
33
34
36
35
40
39
47
44
51
54
66
54
63
61
72
70
78
80
85
91
85
86
73
91
91
96
93
107
109
111
86
89
84
87
74
76
95
87
91
98
108
89
95
90
111
91
94
96
102
106
106
87
84
78
66
72
68
75
87
73
85
91
107
100
93
97
90
78
82
76
79
88
100
82
77
85
74
83
83
82
93
90
88
88
103
81
92
77
76
76
86
83
101
98
107
92
95
95
114
84
80
99
82
84
81
82
78
78
75
68
66
68
78
71
82
87
93
97
87
85
86
88
78
67
71
73
84
77
79
87
91
83
93
82
77
85
84
98
83
86
85
85
83
88
79
84
92
83
89
94
96
103
89
93
94
81
87
95
95
99
98
86
82
90
93
111
93
94
93
96
101
98
87
89
103
90
100
96
98
83
82
77
77
71
75
92
67
83
64
65
67
69
72
72
70
59
53
51
51
52
60
54
58
51
49
40
38
39
44
39
43
41
46
49
51
60
57
71
58
67
61
56
51
49
53
45
51
51
42
44
42
40
39
50
35
33
36
35
43
35
44
33
34
37
37
43
35
38
32
35
38
36
41
35
35
28
33
28
25
29
27
29
28
28
29
30
32
31
32
35
34
41
34
35
35
39
37
37
42
34
38
33
31
32
32
33
37
37
45
34
30
28
29
31
29
34
30
36
30
27
26
28
28
28
28
28
29
31
30
30
27
26
28
25
26
24
23
20
17
17
17
17
17
17
17
17
17
17
17
17
17
17
17
17
17
17
17
17
17
17
17
17
17
17
17
17
17
17
17
17
17
17
17
17
17
17
17
17
17
17
17
17
17
17
17
17
17
17
17
17
17
17
17
17
17
17
17
17
17
17
17
17
17
17
17
17
17
17
17
17
17
17
17
17
17
17
17
17
17
17
17
17
17
17
17
17
17
17
17
17
17
17
17
17
17
17
17
17
17
17
17
17
17
17
17
17
17
17
17
17
17
17
17
17
17
17
17
17
17
17
17
17
17
17
17
17
17
17
17
17
17
17
17
17
17
17
17
17
17
17
17
17
17
17
17
17
17
17
17
17
17
17
17
17
17
17
17
17
17
17
17
17
17
17
17
17
17
17
17
17
17
17
17
17
17
17
17
17
17
17
17
17
17
17
17
17
17
17
17
17
17
17
17
17
17
17
17
17
17
17
17
17
17
17
17
17
17
17
17
17
17
17
17
17
17
17
17
17
17
17
17
17
17
17
17
17
17
17
17
17
17
17
17
17
17
17
17
17
17
17
17
17
17
17
17
17
17
17
17
17
17
17
17
17
17
17
17
17
17
17
17
17
17
17
17
17
17
17
17
17
17
17
17
17
17
17
17
17
17
17
17
17
17
17
17
17
17
17
17
17
17
17
17
17
17
17
17
17
17
17
17
17
17
17
17
17
17
17
17
17
17
17
17
17
17
17
17
17
17
17
17
17
17
17
17
17
17
17
17
17
17
17
17
17
17
17
17
17
17
17
17
17
17
17
17
17
17
17
17
17
17
17
17
17
17
17
17
17
17
17
17
17
17
17
17
17
17
17
17
17
17
17
17
17
17
17
17
17
17
17
17
17
17
17
17
17
17
17
17
17
17
17
17
17
17
17
17
17
17
17
17
17
17
17
17
17
17
17
17
17
17
17
17
17
17
17
17
17
17
17
17
17
17
17
17
17
17
17
17
17
17
17
17
17
17
17
17
17
17
17
17
17
17
17
17
17
17
17
17
17
17
17
17
17
17
17
17
17
17
17
17
17
17
17
17
17
17
17
17
17
17
17
17
17
17
17
17
17
17
17
17
17
17
17
17
17
17
17
17
