199
213
194
181
174
188
174
181
189
184
166
138
127
107
115
108
110
110
128
116
111
114
124
119
143
117
104
109
114
100
93
91
90
93
70
74
74
69
59
62
62
69
66
70
70
71
68
72
50
54
52
52
53
55
60
63
72
63
59
59
66
70
67
65
57
62
50
54
56
48
49
42
45
43
43
48
39
43
43
43
40
46
44
56
50
62
66
64
62
72
48
45
49
46
45
40
45
44
42
42
36
31
33
34
39
38
46
43
50
55
64
58
64
64
70
72
76
81
87
93
76
72
63
73
76
61
56
61
62
74
61
63
67
47
41
40
38
44
39
39
42
45
57
50
55
56
66
70
76
70
72
84
80
89
77
77
62
65
48
49
57
58
58
63
67
69
78
65
62
71
60
55
59
61
65
61
70
67
68
62
64
73
69
62
64
62
54
43
41
46
38
32
32
37
32
25
26
28
25
25
26
28
24
24
27
26
33
26
26
25
28
31
34
34
38
40
50
40
47
42
52
45
61
56
59
47
48
45
36
41
36
39
34
23
22
23
23
26
22
21
25
25
26
30
33
35
45
47
58
41
48
45
57
50
57
51
59
57
64
64
71
60
61
68
58
49
52
45
45
49
52
53
50
54
49
47
55
44
46
53
57
57
68
56
66
70
62
70
71
64
77
66
69
69
65
72
72
84
85
91
95
97
103
88
111
110
108
114
90
88
92
112
108
114
96
116
104
120
102
105
99
90
73
64
71
62
68
65
60
71
70
62
60
57
52
51
50
50
46
52
51
51
57
53
39
43
42
47
50
68
50
39
49
47
47
55
48
53
53
48
55
61
54
54
63
51
59
49
64
56
67
79
53
47
42
39
34
42
27
26
31
29
35
28
30
32
38
40
42
37
31
36
29
32
38
30
29
25
24
24
27
35
32
37
30
34
20
25
18
20
20
20
23
26
21
23
22
21
25
24
25
21
22
22
32
16
12
12
10
10
10
10
10
10
10
10
10
10
10
10
10
10
10
10
10
10
10
10
10
10
10
10
10
10
10
10
10
10
10
10
10
10
10
10
10
10
10
10
10
10
10
10
10
10
10
10
10
10
10
10
10
10
10
10
10
10
10
10
10
10
10
10
10
10
10
10
10
10
10
10
10
10
10
10
10
10
10
10
10
10
10
10
10
10
10
10
10
10
10
10
10
10
10
10
10
10
10
10
10
10
10
10
10
10
10
10
10
10
10
10
10
10
10
10
10
10
10
10
10
10
10
10
10
10
10
10
10
10
10
10
10
10
10
10
10
10
10
10
10
10
10
10
10
10
10
10
10
10
10
10
10
10
10
10
10
10
10
10
10
10
10
10
10
10
10
10
10
10
10
10
10
10
10
10
10
10
10
10
10
10
10
10
10
10
10
10
10
10
10
10
10
10
10
10
10
10
10
10
10
10
10
10
10
10
10
10
10
10
10
10
10
10
10
10
10
10
10
10
10
10
10
10
10
10
10
10
10
10
10
10
10
10
10
10
10
10
10
10
10
10
10
10
10
10
10
10
10
10
10
10
10
10
10
10
10
10
10
10
10
10
10
10
10
10
10
10
10
10
10
10
10
10
10
10
10
10
10
10
10
10
10
10
10
10
10
10
10
10
10
10
10
10
10
10
10
10
10
10
10
10
10
10
10
10
10
10
10
10
10
10
10
10
10
10
10
10
10
10
10
10
10
10
10
10
10
10
10
10
10
10
10
10
10
10
10
10
10
10
10
10
10
10
10
10
10
10
10
10
10
10
10
10
10
10
10
10
10
10
10
10
10
10
10
10
10
10
10
10
10
10
10
10
10
10
10
10
10
10
10
10
10
10
10
10
10
10
10
10
10
10
10
10
10
10
10
10
10
10
10
10
10
10
10
10
10
10
10
10
10
10
10
10
10
10
10
10
10
10
10
10
10
10
10
10
10
10
10
10
10
10
10
10
10
10
10
10
10
10
10
10
10
10
10
10
10
10
10
10
10
10
10
10
10
10
10
10
10
10
10
10
10
10
10
10
10
10
10
10
10
10
10
10
10
10
10
10
10
10
10
10
10
10
10
10
10
10
10
10
10
10
10
10
10
10
10
10
10
10
10
10
10
10
10
10
10
10
10
10
10
10
10
10
10
10
10
10
10
10
10
10
10
10
10
10
10
10
10
10
10
10
10
10
10
10
10
10
10
10
10
10
10
10
10
10
10
10
10
10
10
10
10
10
10
10
10
10
10
10
10
10
10
10
10
10
10
10
10
10
10
10
