187
206
179
161
165
169
165
145
136
136
124
120
137
107
104
115
104
109
96
108
104
116
108
104
111
114
131
127
138
120
135
116
131
136
142
128
132
128
133
113
118
105
102
92
107
102
103
108
96
112
120
117
139
133
152
136
136
132
138
135
152
135
125
127
121
125
111
136
110
113
102
115
87
94
89
76
87
84
98
94
113
106
118
107
123
112
106
109
109
94
109
98
95
85
84
88
91
86
78
75
65
66
57
69
64
85
79
108
85
102
93
100
96
110
109
116
131
115
103
121
105
122
113
115
98
94
89
107
97
80
99
73
92
67
70
59
59
56
51
49
46
45
37
34
38
38
41
32
31
29
32
27
27
26
30
30
33
31
32
28
30
32
33
37
33
31
34
34
46
31
33
26
29
30
37
33
42
40
46
39
57
39
45
43
55
34
38
32
26
30
21
20
20
23
30
29
39
33
33
31
36
26
25
25
27
35
25
28
19
15
13
15
12
16
13
13
17
18
20
21
24
27
30
25
26
26
23
24
28
27
23
25
27
27
28
29
36
33
31
31
19
22
15
19
19
20
26
22
28
28
36
26
28
24
30
26
32
34
40
34
34
38
38
42
38
36
50
38
52
34
36
24
32
16
12
12
10
12
14
18
16
18
24
22
36
22
22
20
26
32
38
38
46
46
62
48
52
46
22
24
26
24
22
24
24
20
20
20
20
20
20
20
20
20
20
20
20
20
20
20
20
20
20
20
20
20
20
20
20
20
20
20
20
20
20
20
20
20
20
20
20
20
20
20
20
20
20
20
20
20
20
20
20
20
20
20
20
20
20
20
20
20
20
20
20
20
20
20
20
20
20
20
20
20
20
20
20
20
20
20
20
20
20
20
20
20
20
20
20
20
20
20
20
20
20
20
20
20
20
20
20
20
20
20
20
20
20
20
20
20
20
20
20
20
20
20
20
20
20
20
20
20
20
20
20
20
20
20
20
20
20
20
20
20
20
20
20
20
20
20
20
20
20
20
20
20
20
20
20
20
20
20
20
20
20
20
20
20
20
20
20
20
20
20
20
20
20
20
20
20
20
20
20
20
20
20
20
20
20
20
20
20
20
20
20
20
20
20
20
20
20
20
20
20
20
20
20
20
20
20
20
20
20
20
20
20
20
20
20
20
20
20
20
20
20
20
20
20
20
20
20
20
20
20
20
20
20
20
20
20
20
20
20
20
20
20
20
20
20
20
20
20
20
20
20
20
20
20
20
20
20
20
20
20
20
20
20
20
20
20
20
20
20
20
20
20
20
20
20
20
20
20
20
20
20
20
20
20
20
20
20
20
20
20
20
20
20
20
20
20
20
20
20
20
20
20
20
20
20
20
20
20
20
20
20
20
20
20
20
20
20
20
20
20
20
20
20
20
20
20
20
20
20
20
20
20
20
20
20
20
20
20
20
20
20
20
20
20
20
20
20
20
20
20
20
20
20
20
20
20
20
20
20
20
20
20
20
20
20
20
20
20
20
20
20
20
20
20
20
20
20
20
20
20
20
20
20
20
20
20
20
20
20
20
20
20
20
20
20
20
20
20
20
20
20
20
20
20
20
20
20
20
20
20
20
20
20
20
20
20
20
20
20
20
20
20
20
20
20
20
20
20
20
20
20
20
20
20
20
20
20
20
20
20
20
20
20
20
20
20
20
20
20
20
20
20
20
20
20
20
20
20
20
20
20
20
20
20
20
20
20
20
20
20
20
20
20
20
20
20
20
20
20
20
20
20
20
20
20
20
20
20
20
20
20
20
20
20
20
20
20
20
20
20
20
20
20
20
20
20
20
20
20
20
20
20
20
20
20
20
20
20
20
20
20
20
20
20
20
20
20
20
20
20
20
20
20
20
20
20
20
20
20
20
20
20
20
20
20
20
20
20
20
20
20
20
20
20
20
20
20
20
20
20
20
20
20
20
20
20
20
20
20
20
20
20
20
20
20
20
20
20
20
20
20
20
20
20
20
20
20
20
20
20
20
20
20
20
20
20
20
20
20
20
20
20
20
20
20
20
20
20
20
20
20
20
20
20
20
20
20
20
20
20
20
20
20
20
20
20
20
20
20
20
20
20
20
20
20
20
20
20
20
20
20
20
20
20
20
20
20
20
20
20
20
20
20
20
20
20
20
20
20
20
20
20
20
20
20
20
20
20
20
20
20
20
20
20
20
20
20
20
20
20
20
20
20
20
20
20
20
20
20
20
20
20
20
20
20
20
20
20
20
20
20
20
20
20
20
20
