184
188
175
170
161
160
148
153
141
134
132
120
118
130
112
128
99
118
83
89
69
75
70
79
73
68
66
61
80
64
76
72
72
84
90
84
86
77
74
69
64
71
67
68
76
63
76
68
70
74
77
76
73
92
74
93
74
80
89
84
80
76
77
71
81
85
89
89
88
93
82
88
73
69
74
86
75
75
75
75
77
85
87
84
81
76
82
83
96
90
105
87
99
90
92
96
110
99
99
109
97
80
86
75
80
72
78
83
91
76
64
72
64
63
57
61
53
64
56
60
50
59
66
66
71
63
63
64
64
62
64
72
67
88
66
82
75
94
81
77
89
75
71
81
74
77
64
66
59
63
57
67
56
57
56
53
64
46
45
46
45
45
50
45
50
42
43
44
49
44
50
44
54
42
46
41
46
42
43
44
48
49
47
39
43
44
49
41
45
44
55
46
44
36
38
41
41
40
41
35
34
36
38
40
38
43
38
34
32
34
31
35
32
32
36
37
39
40
43
46
49
44
45
45
42
43
47
46
42
44
46
46
47
48
55
52
50
50
38
41
34
38
38
39
45
43
51
49
60
47
50
61
53
57
66
61
65
66
67
59
53
56
57
48
43
34
34
38
40
42
44
44
39
48
36
33
32
35
33
36
29
30
29
29
29
33
36
42
43
44
44
43
42
48
44
53
55
48
50
47
47
53
56
53
57
52
44
47
38
35
32
29
29
35
34
37
33
40
34
43
33
38
38
47
48
44
42
49
46
58
43
47
53
53
50
58
44
44
45
50
47
50
54
44
51
40
38
35
35
33
31
38
34
41
41
50
48
43
40
45
48
46
54
48
49
49
43
41
39
39
35
38
36
39
37
37
38
39
37
37
39
38
43
39
46
41
37
39
40
43
43
48
43
41
44
41
46
39
40
34
31
30
27
28
30
29
30
29
34
31
36
33
37
33
32
32
35
35
39
43
51
39
43
43
43
43
43
43
43
43
43
43
43
43
43
43
43
43
43
43
43
43
43
43
43
43
43
43
43
43
43
43
43
43
43
43
43
43
43
43
43
43
43
43
43
43
43
43
43
43
43
43
43
43
43
43
43
43
43
43
43
43
43
43
43
43
43
43
43
43
43
43
43
43
43
43
43
43
43
43
43
43
43
43
43
43
43
43
43
43
43
43
43
43
43
43
43
43
43
43
43
43
43
43
43
43
43
43
43
43
43
43
43
43
43
43
43
43
43
43
43
43
43
43
43
43
43
43
43
43
43
43
43
43
43
43
43
43
43
43
43
43
43
43
43
43
43
43
43
43
43
43
43
43
43
43
43
43
43
43
43
43
43
43
43
43
43
43
43
43
43
43
43
43
43
43
43
43
43
43
43
43
43
43
43
43
43
43
43
43
43
43
43
43
43
43
43
43
43
43
43
43
43
43
43
43
43
43
43
43
43
43
43
43
43
43
43
43
43
43
43
43
43
43
43
43
43
43
43
43
43
43
43
43
43
43
43
43
43
43
43
43
43
43
43
43
43
43
43
43
43
43
43
43
43
43
43
43
43
43
43
43
43
43
43
43
43
43
43
43
43
43
43
43
43
43
43
43
43
43
43
43
43
43
43
43
43
43
43
43
43
43
43
43
43
43
43
43
43
43
43
43
43
43
43
43
43
43
43
43
43
43
43
43
43
43
43
43
43
43
43
43
43
43
43
43
43
43
43
43
43
43
43
43
43
43
43
43
43
43
43
43
43
43
43
43
43
43
43
43
43
43
43
43
43
43
43
43
43
43
43
43
43
43
43
43
43
43
43
43
43
43
43
43
43
43
43
43
43
43
43
43
43
43
43
43
43
43
43
43
43
43
43
43
43
43
43
43
43
43
43
43
43
43
43
43
43
43
43
43
43
43
43
43
43
43
43
43
43
43
43
43
43
43
43
43
43
43
43
43
43
43
43
43
43
43
43
43
43
43
43
43
43
43
43
43
43
43
43
43
43
43
43
43
43
43
43
43
43
43
43
43
43
43
43
43
43
43
43
43
43
43
43
43
43
43
43
43
43
43
43
43
43
43
43
43
43
43
43
43
43
43
43
43
43
43
43
43
43
43
43
43
43
43
43
43
43
43
43
43
43
43
43
43
43
43
43
43
43
43
43
43
43
43
43
43
43
43
43
43
43
43
43
43
43
43
43
43
43
43
43
43
43
43
43
43
43
43
43
43
43
43
43
43
43
43
43
43
43
43
43
43
43
43
43
43
43
43
43
43
43
43
43
43
43
43
43
43
43
43
