183
207
179
183
155
163
155
148
155
135
149
136
114
130
115
98
100
110
115
111
119
114
108
112
122
98
108
91
100
100
119
132
110
116
112
107
102
104
113
115
107
106
91
103
90
105
100
112
105
120
111
108
104
105
95
103
82
88
84
88
77
84
65
70
67
79
76
77
85
83
54
50
40
45
44
52
56
58
66
63
79
61
65
56
56
49
53
54
55
59
72
64
77
69
88
86
88
76
72
75
64
68
58
62
67
55
55
58
63
61
61
65
66
68
62
55
55
54
53
52
58
58
58
52
57
42
45
48
53
62
55
49
50
51
61
49
48
40
38
36
34
37
39
39
49
41
46
41
36
40
39
44
40
36
28
32
37
46
52
48
36
37
37
47
38
39
40
43
43
49
54
60
58
63
51
50
55
47
66
56
61
50
50
39
35
33
31
28
30
25
29
24
27
27
25
28
29
30
30
27
28
28
30
34
32
31
34
38
31
34
35
38
33
32
33
36
34
37
36
42
33
36
33
34
33
36
40
30
28
25
24
25
27
31
28
37
30
34
32
38
42
43
44
49
42
42
44
45
44
38
42
36
43
36
39
44
37
42
39
45
43
43
45
50
59
47
55
50
56
50
61
43
41
42
26
23
22
26
28
30
34
32
35
41
35
37
35
39
44
42
46
50
52
46
54
52
63
62
60
69
73
83
88
105
97
112
121
132
121
133
126
122
123
122
117
119
102
100
101
84
94
93
95
89
93
95
107
107
121
127
121
125
105
117
112
103
108
116
106
116
108
119
92
79
90
82
95
90
86
86
80
68
82
55
49
35
31
27
26
24
24
27
25
27
28
27
24
34
23
24
23
23
22
26
22
25
23
29
26
28
22
18
19
17
19
20
24
20
20
18
18
24
16
14
10
10
10
10
10
10
10
10
10
10
10
10
10
10
10
10
10
10
10
10
10
10
10
10
10
10
10
10
10
10
10
10
10
10
10
10
10
10
10
10
10
10
10
10
10
10
10
10
10
10
10
10
10
10
10
10
10
10
10
10
10
10
10
10
10
10
10
10
10
10
10
10
10
10
10
10
10
10
10
10
10
10
10
10
10
10
10
10
10
10
10
10
10
10
10
10
10
10
10
10
10
10
10
10
10
10
10
10
10
10
10
10
10
10
10
10
10
10
10
10
10
10
10
10
10
10
10
10
10
10
10
10
10
10
10
10
10
10
10
10
10
10
10
10
10
10
10
10
10
10
10
10
10
10
10
10
10
10
10
10
10
10
10
10
10
10
10
10
10
10
10
10
10
10
10
10
10
10
10
10
10
10
10
10
10
10
10
10
10
10
10
10
10
10
10
10
10
10
10
10
10
10
10
10
10
10
10
10
10
10
10
10
10
10
10
10
10
10
10
10
10
10
10
10
10
10
10
10
10
10
10
10
10
10
10
10
10
10
10
10
10
10
10
10
10
10
10
10
10
10
10
10
10
10
10
10
10
10
10
10
10
10
10
10
10
10
10
10
10
10
10
10
10
10
10
10
10
10
10
10
10
10
10
10
10
10
10
10
10
10
10
10
10
10
10
10
10
10
10
10
10
10
10
10
10
10
10
10
10
10
10
10
10
10
10
10
10
10
10
10
10
10
10
10
10
10
10
10
10
10
10
10
10
10
10
10
10
10
10
10
10
10
10
10
10
10
10
10
10
10
10
10
10
10
10
10
10
10
10
10
10
10
10
10
10
10
10
10
10
10
10
10
10
10
10
10
10
10
10
10
10
10
10
10
10
10
10
10
10
10
10
10
10
10
10
10
10
10
10
10
10
10
10
10
10
10
10
10
10
10
10
10
10
10
10
10
10
10
10
10
10
10
10
10
10
10
10
10
10
10
10
10
10
10
10
10
10
10
10
10
10
10
10
10
10
10
10
10
10
10
10
10
10
10
10
10
10
10
10
10
10
10
10
10
10
10
10
10
10
10
10
10
10
10
10
10
10
10
10
10
10
10
10
10
10
10
10
10
10
10
10
10
10
10
10
10
10
10
10
10
10
10
10
10
10
10
10
10
10
10
10
10
10
10
10
10
10
10
10
10
10
10
10
10
10
10
10
10
10
10
10
10
10
10
10
10
10
10
10
10
10
10
10
10
10
10
10
10
10
10
10
10
10
10
10
10
10
10
10
10
10
10
10
10
10
10
10
10
10
10
10
10
10
10
10
10
10
10
10
10
10
10
10
10
10
10
10
10
10
10
10
10
10
10
10
10
10
10
10
10
10
10
10
10
10
10
