190
219
195
159
166
122
110
119
106
119
115
109
114
95
98
80
77
84
89
92
114
121
122
111
114
118
100
105
88
96
105
93
95
92
81
78
78
77
81
81
87
102
92
99
89
89
79
75
82
80
97
88
99
103
100
118
115
129
134
146
144
146
145
138
141
137
139
154
135
164
146
146
122
100
97
90
102
104
101
102
109
116
120
118
116
132
114
136
114
124
107
121
113
114
102
117
78
103
66
61
57
63
67
69
75
78
94
95
109
99
116
109
125
93
102
89
92
89
103
104
108
105
105
103
101
97
100
100
103
97
112
95
114
92
102
99
103
98
107
107
109
123
132
152
138
141
147
148
123
148
110
117
113
128
109
105
105
117
115
91
88
91
85
82
79
69
65
70
71
75
75
81
73
68
66
63
61
60
57
54
60
54
54
54
56
60
62
64
70
68
72
74
66
76
72
76
80
90
79
84
76
68
72
71
67
68
69
70
68
65
55
55
50
50
54
57
50
54
49
46
47
47
52
51
58
60
55
60
64
62
63
61
65
63
74
70
68
67
69
79
79
88
81
78
93
65
61
56
56
48
45
51
47
57
52
74
56
43
40
38
39
39
44
43
52
56
57
54
62
76
70
77
75
77
82
61
63
61
67
75
64
70
71
78
84
78
70
64
71
65
55
55
46
46
49
53
62
59
68
68
79
76
76
82
78
79
81
91
82
103
76
75
68
56
61
60
70
65
62
60
76
72
77
63
74
65
56
64
67
65
61
64
60
47
47
44
43
35
28
33
30
31
37
37
39
40
43
47
43
49
47
51
58
62
61
58
55
60
61
59
72
64
52
71
54
48
58
49
48
48
50
39
42
36
39
34
29
29
27
27
25
25
24
24
24
24
17
13
12
10
10
10
10
10
10
10
10
10
10
10
10
10
10
10
10
10
10
10
10
10
10
10
10
10
10
10
10
10
10
10
10
10
10
10
10
10
10
10
10
10
10
10
10
10
10
10
10
10
10
10
10
10
10
10
10
10
10
10
10
10
10
10
10
10
10
10
10
10
10
10
10
10
10
10
10
10
10
10
10
10
10
10
10
10
10
10
10
10
10
10
10
10
10
10
10
10
10
10
10
10
10
10
10
10
10
10
10
10
10
10
10
10
10
10
10
10
10
10
10
10
10
10
10
10
10
10
10
10
10
10
10
10
10
10
10
10
10
10
10
10
10
10
10
10
10
10
10
10
10
10
10
10
10
10
10
10
10
10
10
10
10
10
10
10
10
10
10
10
10
10
10
10
10
10
10
10
10
10
10
10
10
10
10
10
10
10
10
10
10
10
10
10
10
10
10
10
10
10
10
10
10
10
10
10
10
10
10
10
10
10
10
10
10
10
10
10
10
10
10
10
10
10
10
10
10
10
10
10
10
10
10
10
10
10
10
10
10
10
10
10
10
10
10
10
10
10
10
10
10
10
10
10
10
10
10
10
10
10
10
10
10
10
10
10
10
10
10
10
10
10
10
10
10
10
10
10
10
10
10
10
10
10
10
10
10
10
10
10
10
10
10
10
10
10
10
10
10
10
10
10
10
10
10
10
10
10
10
10
10
10
10
10
10
10
10
10
10
10
10
10
10
10
10
10
10
10
10
10
10
10
10
10
10
10
10
10
10
10
10
10
10
10
10
10
10
10
10
10
10
10
10
10
10
10
10
10
10
10
10
10
10
10
10
10
10
10
10
10
10
10
10
10
10
10
10
10
10
10
10
10
10
10
10
10
10
10
10
10
10
10
10
10
10
10
10
10
10
10
10
10
10
10
10
10
10
10
10
10
10
10
10
10
10
10
10
10
10
10
10
10
10
10
10
10
10
10
10
10
10
10
10
10
10
10
10
10
10
10
10
10
10
10
10
10
10
10
10
10
10
10
10
10
10
10
10
10
10
10
10
10
10
10
10
10
10
10
10
10
10
10
10
10
10
10
10
10
10
10
10
10
10
10
10
10
10
10
10
10
10
10
10
10
10
10
10
10
10
10
10
10
10
10
10
10
10
10
10
10
10
10
10
10
10
10
10
10
10
10
10
10
10
10
10
10
10
10
10
10
10
10
10
10
10
10
10
10
10
10
10
10
10
10
10
10
10
10
10
10
10
10
10
10
10
10
10
10
10
10
10
10
10
10
10
10
10
10
10
10
10
10
10
10
10
10
10
10
10
10
10
10
10
10
10
10
10
10
10
10
10
10
10
10
10
10
10
10
10
10
10
10
10
10
10
10
10
10
10
10
10
10
