170
194
177
171
161
169
171
191
165
173
153
158
151
141
134
117
120
117
122
134
129
120
108
130
109
131
106
103
107
90
101
85
101
98
95
113
110
108
108
107
101
96
96
105
95
100
87
77
75
78
84
90
89
95
104
112
102
118
92
95
99
109
101
127
104
99
108
105
102
85
83
78
78
88
93
89
93
73
66
60
64
55
58
52
50
53
41
41
39
45
47
49
57
47
65
46
53
45
47
47
48
61
52
61
54
56
52
57
55
62
56
71
60
65
63
71
77
75
83
92
78
87
86
86
76
76
79
72
71
78
75
70
81
71
83
70
78
73
83
68
64
51
52
49
51
50
49
58
59
58
61
67
55
53
51
53
50
55
48
49
49
57
63
53
70
55
66
65
70
68
70
70
81
62
58
59
55
57
57
52
54
47
45
49
54
57
61
68
55
67
63
70
62
62
60
53
56
53
58
57
61
58
71
57
62
60
67
53
50
48
49
46
49
42
49
42
47
49
45
45
51
47
57
51
57
53
57
49
46
46
44
48
48
52
51
48
41
42
42
45
50
51
50
63
62
70
60
57
53
59
46
56
40
41
37
44
36
45
39
38
37
38
47
47
65
51
46
53
56
59
67
67
77
65
70
59
70
67
72
65
81
72
71
57
60
51
54
60
61
62
69
70
68
62
77
67
60
50
49
58
69
63
74
68
69
57
52
51
64
54
64
56
62
58
56
60
65
63
61
58
69
63
70
75
80
62
67
63
67
72
73
67
80
70
67
54
69
51
60
58
55
49
48
50
47
56
56
59
68
74
60
64
63
74
72
79
85
71
81
73
80
70
71
76
89
82
87
88
93
87
97
74
78
74
76
79
79
73
75
68
73
79
86
89
87
101
83
86
95
84
104
83
67
63
68
75
71
76
87
86
73
78
58
64
54
56
59
56
53
47
45
50
44
41
42
48
54
52
62
53
57
65
67
59
58
57
67
70
73
61
69
72
70
68
77
68
75
89
82
74
75
73
81
79
90
77
80
73
66
65
70
61
60
71
69
82
69
69
64
69
70
73
85
76
74
61
54
58
51
56
57
65
54
59
48
43
44
59
40
38
37
41
38
43
38
41
33
36
33
31
39
41
59
37
45
41
41
48
47
52
59
53
68
52
51
48
46
47
44
49
51
51
50
57
54
59
64
41
42
40
42
45
42
42
50
41
43
36
34
36
33
35
36
30
30
32
30
34
33
40
35
34
36
29
32
32
36
36
43
39
36
40
29
29
28
27
30
26
25
25
20
21
24
23
30
23
23
22
25
28
31
31
35
37
47
37
44
39
49
42
58
51
57
42
43
42
39
44
42
50
45
46
38
44
42
50
41
44
53
52
51
57
62
57
52
55
52
41
44
49
40
38
38
37
31
33
32
33
34
31
32
28
32
34
34
49
40
44
51
48
60
54
69
44
38
39
36
42
42
49
51
55
49
51
67
50
59
56
67
63
66
72
63
64
72
73
59
59
59
50
53
45
46
51
52
54
53
43
47
45
61
53
48
50
61
61
76
75
100
76
88
98
98
90
104
90
93
86
99
96
96
85
81
98
80
87
98
100
110
100
121
104
136
114
93
113
90
89
98
91
95
81
55
68
68
78
84
82
92
86
98
98
95
101
103
93
100
94
98
85
102
79
73
68
56
58
56
56
65
62
76
66
69
71
82
66
66
69
53
56
51
59
50
46
58
54
58
60
62
66
49
44
46
44
47
42
42
40
45
49
55
56
58
59
59
59
64
71
98
78
85
89
88
107
108
101
102
111
109
115
133
102
92
86
104
89
93
94
89
82
79
76
69
72
70
62
73
56
50
49
54
53
58
67
66
77
71
75
70
69
78
69
69
58
64
61
63
59
66
55
48
58
54
54
56
60
56
70
49
50
42
44
42
47
47
49
50
45
44
48
45
47
55
55
63
67
74
68
63
66
66
70
76
74
68
72
59
54
60
66
74
70
54
55
52
60
68
72
64
63
52
38
43
46
45
52
51
59
59
66
61
62
63
73
73
69
72
73
63
63
66
67
63
65
66
66
63
65
55
71
45
57
45
55
47
58
50
58
57
67
66
69
56
76
56
52
57
56
61
62
76
73
77
81
70
81
76
85
77
91
88
112
85
103
98
117
87
96
83
85
92
83
91
77
85
86
105
91
102
90
92
103
102
109
90
75
72
83
63
57
55
52
54
56
56
66
58
66
54
59
57
58
53
67
54
51
60
57
54
50
60
59
69
64
65
70
71
76
78
97
