183
202
207
171
168
153
162
159
157
132
132
117
114
117
102
94
101
93
100
102
93
108
107
103
93
94
98
101
109
110
115
106
116
117
134
120
128
128
122
137
117
113
112
100
107
106
109
86
91
73
68
73
63
68
68
82
65
86
79
89
83
101
56
55
64
64
83
72
76
78
88
83
112
77
96
82
92
83
82
76
74
73
80
88
76
74
65
66
79
71
75
85
76
73
82
73
78
89
71
74
57
52
54
43
41
39
43
38
35
35
29
29
28
28
31
29
27
30
30
36
32
33
32
39
35
45
43
43
37
36
35
37
38
34
42
41
45
43
48
53
60
45
42
48
39
40
42
51
50
57
52
46
55
51
66
61
73
71
91
72
85
77
88
80
85
89
94
99
93
95
92
91
87
91
103
114
113
128
123
123
141
135
131
129
115
118
103
98
98
98
96
89
98
93
119
93
109
78
79
80
78
84
81
87
88
107
107
93
99
91
87
83
85
92
85
74
83
79
88
84
82
77
94
64
51
48
49
55
54
70
56
66
56
59
63
54
67
56
61
58
63
57
61
59
63
61
59
59
60
59
50
43
47
39
35
32
35
35
28
27
22
25
25
24
30
29
36
39
48
49
37
43
39
42
43
51
53
45
46
57
49
53
42
37
40
45
54
57
60
69
62
61
68
62
64
56
64
53
51
51
49
43
51
46
45
50
46
48
58
55
53
64
69
78
69
71
58
67
69
68
64
61
55
72
59
59
64
69
49
56
42
47
41
49
48
39
50
37
30
32
32
31
32
38
37
44
37
40
38
35
40
43
42
41
44
41
47
45
51
43
53
49
47
48
43
48
51
52
61
56
60
54
66
73
69
65
65
64
65
68
58
59
53
64
51
61
52
62
51
51
53
58
69
63
65
50
48
43
50
40
41
41
43
45
50
57
49
53
53
57
65
64
79
69
69
71
71
65
68
63
55
52
64
42
42
45
47
59
52
65
61
63
62
72
74
83
77
64
61
59
60
62
68
59
61
61
65
61
65
63
72
66
60
60
63
63
62
55
53
49
50
50
36
37
33
37
31
32
33
34
30
28
28
37
34
41
40
39
34
38
38
45
42
50
44
57
49
62
59
69
67
82
77
90
99
109
115
120
137
136
107
105
99
106
86
83
81
76
92
76
98
79
64
60
53
56
51
42
40
34
32
39
40
43
39
44
49
55
55
64
62
68
71
79
60
74
69
69
73
88
90
91
91
94
97
95
103
86
86
79
78
71
79
75
86
80
77
87
85
94
90
70
88
73
91
78
88
80
91
92
97
108
99
95
95
92
100
107
97
112
98
96
72
68
71
68
85
72
74
66
70
57
51
60
60
77
64
78
73
70
85
82
91
76
87
90
77
85
77
90
78
88
88
83
95
89
108
107
123
127
135
135
144
136
129
100
105
93
100
103
102
113
110
103
103
95
103
94
107
95
100
115
89
80
83
70
73
69
53
49
39
38
42
43
48
51
55
54
58
66
53
57
58
72
66
76
79
89
83
75
81
85
74
83
81
91
90
81
87
84
82
84
79
96
83
84
96
86
102
89
96
85
86
75
89
78
77
68
68
71
77
85
90
94
77
84
65
70
55
56
48
49
50
55
61
65
68
80
78
67
74
82
69
73
81
94
84
94
86
99
82
91
97
102
95
104
102
92
89
96
98
105
107
111
110
109
102
99
92
105
119
104
104
106
92
87
85
82
84
69
71
79
82
77
94
89
100
94
101
108
124
104
100
97
87
96
104
108
110
122
101
100
104
98
101
117
122
130
128
119
116
112
124
115
135
138
162
148
142
137
136
158
155
167
136
155
140
142
115
131
111
123
106
111
110
125
120
116
112
103
98
104
90
97
100
115
108
125
133
122
135
108
118
101
105
103
102
134
123
116
111
124
120
114
104
118
106
117
124
131
129
146
128
125
129
105
106
110
92
109
98
101
92
101
104
109
95
111
108
125
115
119
112
109
109
104
104
81
81
86
91
104
99
120
105
108
116
117
112
103
112
112
115
114
128
124
115
124
115
123
115
110
119
122
122
119
127
110
115
105
94
92
100
97
110
84
98
83
105
89
90
83
77
71
71
73
75
69
84
61
75
59
64
66
63
54
54
49
49
54
57
66
62
70
79
65
76
68
80
69
74
65
77
78
78
75
83
86
107
105
120
92
87
86
81
93
82
70
83
75
88
74
82
78
80
90
78
76
64
63
78
71
84
79
97
71
58
54
61
58
60
62
51
58
43
46
44
43
43
47
