183
237
180
183
156
144
122
115
109
104
109
110
92
99
125
95
112
91
98
94
100
90
99
97
92
106
88
99
93
104
85
88
109
86
76
79
92
104
98
109
114
112
101
113
108
109
93
95
96
101
96
106
95
101
107
113
113
89
98
101
106
105
109
97
99
99
99
96
95
95
104
104
115
120
109
113
123
103
103
102
108
111
98
103
105
96
96
89
100
87
99
95
107
101
106
92
87
101
88
100
87
96
74
89
81
72
69
80
63
66
62
65
58
57
51
48
47
37
34
36
40
38
43
35
33
35
35
35
33
32
35
34
41
34
34
33
36
39
42
42
46
48
58
48
55
50
60
53
71
62
69
56
65
56
56
57
61
67
69
83
65
71
69
69
77
64
63
63
72
82
71
61
58
64
68
55
67
54
70
52
47
48
49
48
51
52
54
52
52
60
56
56
59
68
59
71
71
85
91
100
102
120
97
92
103
89
117
104
123
110
143
121
118
136
137
117
118
109
92
90
90
102
96
91
86
87
85
85
81
82
78
78
61
65
62
63
60
56
56
50
47
46
50
56
51
56
63
66
62
53
50
48
47
45
42
46
41
43
48
47
59
50
68
48
58
61
66
64
57
52
58
59
61
59
64
60
67
70
56
60
69
70
66
77
77
68
69
66
81
65
66
65
82
69
79
81
67
69
72
67
72
80
75
71
68
64
70
64
69
54
51
41
40
44
41
38
48
46
48
45
60
45
48
53
56
51
54
48
54
54
50
54
60
61
64
60
61
63
68
64
66
71
84
80
82
90
84
76
83
72
73
70
65
79
69
82
80
66
72
58
53
38
52
34
40
35
36
42
40
51
43
53
49
56
54
68
50
58
58
64
46
48
45
51
42
40
37
39
53
53
54
59
55
62
64
60
70
62
61
65
60
61
67
61
61
58
62
63
56
57
58
62
59
65
56
61
53
53
52
54
47
48
45
49
55
59
62
68
73
75
82
90
85
79
88
87
87
98
107
96
95
86
98
106
87
109
71
78
66
71
70
77
69
71
62
67
65
53
68
46
39
43
39
44
40
47
45
51
48
49
51
58
52
53
54
55
51
58
52
53
42
42
39
41
46
43
37
44
36
41
30
38
29
29
31
31
35
35
43
35
35
37
39
39
39
37
39
41
42
41
44
48
51
52
55
61
56
54
57
48
50
48
45
50
50
62
52
47
50
48
41
39
37
45
44
57
50
59
54
59
59
66
71
66
61
51
56
65
63
68
62
64
67
70
65
79
73
63
75
70
67
72
65
73
67
61
58
67
64
85
68
83
73
84
70
77
61
73
70
73
77
72
86
76
87
82
90
68
73
72
93
85
93
79
85
86
91
91
105
88
102
84
89
77
89
78
101
82
82
73
86
85
86
78
70
74
81
79
84
83
96
76
92
79
84
73
77
73
81
68
74
76
71
76
73
88
73
85
89
106
78
75
86
80
86
81
94
86
95
96
106
96
103
83
108
85
92
87
93
91
96
96
103
99
108
108
114
92
94
76
61
59
54
58
52
53
48
44
43
48
49
54
46
52
52
53
61
56
59
59
45
47
44
43
38
40
37
35
34
29
28
28
28
28
29
27
27
29
29
29
30
31
33
30
33
30
36
33
36
35
37
43
38
47
30
28
25
24
24
22
21
19
19
19
19
19
19
19
19
19
19
19
19
19
19
19
19
19
19
19
19
19
19
19
19
19
19
19
19
19
19
19
19
19
19
19
19
19
19
19
19
19
19
19
19
19
19
19
19
19
19
19
19
19
19
19
19
19
19
19
19
19
19
19
19
19
19
19
19
19
19
19
19
19
19
19
19
19
19
19
19
19
19
19
19
19
19
19
19
19
19
19
19
19
19
19
19
19
19
19
19
19
19
19
19
19
19
19
19
19
19
19
19
19
19
19
19
19
19
19
19
19
19
19
19
19
19
19
19
19
19
19
19
19
19
19
19
19
19
19
19
19
19
19
19
19
19
19
19
19
19
19
19
19
19
19
19
19
19
19
19
19
19
19
19
19
19
19
19
19
19
19
19
19
19
19
19
19
19
19
19
19
19
19
19
19
19
19
19
19
19
19
19
19
19
19
19
19
19
19
19
19
19
19
19
19
19
19
19
19
19
19
19
19
19
19
19
19
19
19
19
19
19
19
19
19
19
19
19
19
19
19
19
19
19
19
19
19
19
19
19
19
19
19
19
19
19
19
19
19
19
19
19
19
19
19
19
19
19
19
19
19
19
19
19
19
19
19
19
19
