177
210
187
178
176
129
156
118
106
99
99
107
94
116
98
131
85
77
71
68
55
62
62
65
76
65
54
65
59
59
57
66
52
49
39
40
38
44
41
43
39
38
38
32
38
30
35
30
31
33
31
38
33
35
30
29
27
27
28
33
37
40
49
43
45
51
48
62
48
54
56
58
47
47
49
36
44
44
52
51
64
63
60
62
64
63
77
70
60
59
52
51
57
58
58
58
61
62
63
60
64
63
63
59
62
64
60
48
41
43
36
36
37
39
41
48
42
46
42
43
40
42
43
39
43
39
40
43
48
45
45
50
46
42
50
50
45
51
58
58
44
58
37
38
34
35
31
36
33
31
25
24
25
28
30
33
41
43
55
52
69
61
68
71
87
47
50
48
47
49
47
43
42
43
48
47
45
50
46
50
46
46
48
47
47
51
46
48
49
57
54
62
62
68
80
59
66
65
62
58
55
65
61
68
63
62
61
67
69
61
65
54
61
60
68
69
69
79
74
95
77
89
88
97
98
78
79
93
73
67
70
90
76
79
82
97
88
104
103
114
103
94
92
93
81
74
74
86
83
95
79
73
66
63
47
43
40
36
35
40
44
53
51
59
60
58
65
68
66
66
81
75
84
76
84
81
78
67
60
66
70
58
47
40
40
30
24
24
25
24
25
24
23
26
26
28
28
29
27
33
26
24
27
23
21
18
20
20
20
20
20
20
20
20
20
20
20
20
20
20
20
20
20
20
20
20
20
20
20
20
20
20
20
20
20
20
20
20
20
20
20
20
20
20
20
20
20
20
20
20
20
20
20
20
20
20
20
20
20
20
20
20
20
20
20
20
20
20
20
20
20
20
20
20
20
20
20
20
20
20
20
20
20
20
20
20
20
20
20
20
20
20
20
20
20
20
20
20
20
20
20
20
20
20
20
20
20
20
20
20
20
20
20
20
20
20
20
20
20
20
20
20
20
20
20
20
20
20
20
20
20
20
20
20
20
20
20
20
20
20
20
20
20
20
20
20
20
20
20
20
20
20
20
20
20
20
20
20
20
20
20
20
20
20
20
20
20
20
20
20
20
20
20
20
20
20
20
20
20
20
20
20
20
20
20
20
20
20
20
20
20
20
20
20
20
20
20
20
20
20
20
20
20
20
20
20
20
20
20
20
20
20
20
20
20
20
20
20
20
20
20
20
20
20
20
20
20
20
20
20
20
20
20
20
20
20
20
20
20
20
20
20
20
20
20
20
20
20
20
20
20
20
20
20
20
20
20
20
20
20
20
20
20
20
20
20
20
20
20
20
20
20
20
20
20
20
20
20
20
20
20
20
20
20
20
20
20
20
20
20
20
20
20
20
20
20
20
20
20
20
20
20
20
20
20
20
20
20
20
20
20
20
20
20
20
20
20
20
20
20
20
20
20
20
20
20
20
20
20
20
20
20
20
20
20
20
20
20
20
20
20
20
20
20
20
20
20
20
20
20
20
20
20
20
20
20
20
20
20
20
20
20
20
20
20
20
20
20
20
20
20
20
20
20
20
20
20
20
20
20
20
20
20
20
20
20
20
20
20
20
20
20
20
20
20
20
20
20
20
20
20
20
20
20
20
20
20
20
20
20
20
20
20
20
20
20
20
20
20
20
20
20
20
20
20
20
20
20
20
20
20
20
20
20
20
20
20
20
20
20
20
20
20
20
20
20
20
20
20
20
20
20
20
20
20
20
20
20
20
20
20
20
20
20
20
20
20
20
20
20
20
20
20
20
20
20
20
20
20
20
20
20
20
20
20
20
20
20
20
20
20
20
20
20
20
20
20
20
20
20
20
20
20
20
20
20
20
20
20
20
20
20
20
20
20
20
20
20
20
20
20
20
20
20
20
20
20
20
20
20
20
20
20
20
20
20
20
20
20
20
20
20
20
20
20
20
20
20
20
20
20
20
20
20
20
20
20
20
20
20
20
20
20
20
20
20
20
20
20
20
20
20
20
20
20
20
20
20
20
20
20
20
20
20
20
20
20
20
20
20
20
20
20
20
20
20
20
20
20
20
20
20
20
20
20
20
20
20
20
20
20
20
20
20
20
20
20
20
20
20
20
20
20
20
20
20
20
20
20
20
20
20
20
20
20
20
20
20
20
20
20
20
20
20
20
20
20
20
20
20
20
20
20
20
20
20
20
20
20
20
20
20
20
20
20
20
20
20
20
20
20
20
20
20
20
20
20
20
20
20
20
20
20
20
20
20
20
20
20
20
20
20
20
20
20
20
20
20
20
20
