193
224
191
215
180
168
131
137
162
118
128
111
121
104
98
84
85
97
89
91
86
95
91
89
93
82
102
97
89
94
90
96
100
107
89
95
102
113
115
108
90
88
85
84
95
86
89
83
104
97
110
110
108
116
106
128
122
118
89
84
84
74
88
87
91
82
89
72
88
79
81
64
68
73
89
81
101
69
79
82
92
87
94
97
102
102
107
98
116
101
107
109
113
124
121
104
128
112
107
117
105
112
113
107
113
89
79
73
66
69
65
70
63
86
70
89
81
75
80
83
65
79
66
76
76
83
81
74
69
79
72
84
60
59
53
47
51
52
45
55
47
52
50
55
55
60
64
70
63
73
63
54
54
57
45
53
40
41
40
49
44
49
46
54
42
41
45
43
41
37
37
35
40
38
55
42
67
46
62
53
60
70
82
52
57
49
57
55
55
64
66
54
52
50
48
48
49
42
50
46
51
52
55
53
53
68
57
65
64
67
73
69
71
60
66
63
67
73
66
92
71
74
69
76
73
75
83
68
85
68
89
80
84
93
97
98
95
100
97
87
82
80
81
90
74
75
78
88
80
80
88
92
97
104
116
113
107
122
114
122
108
101
96
106
97
113
99
97
92
104
97
106
98
108
94
99
101
88
90
62
46
47
44
56
39
47
44
56
56
65
66
74
85
86
87
82
71
78
70
78
69
71
64
58
67
58
67
33
30
30
35
28
30
25
24
21
20
20
24
23
26
30
26
33
29
26
23
23
29
24
29
31
32
25
22
20
19
21
21
25
21
25
18
21
15
12
14
14
13
14
16
17
15
17
18
21
19
24
20
24
25
34
27
31
34
31
31
32
33
32
45
34
32
31
32
35
37
29
25
35
25
21
26
26
36
26
29
33
32
33
30
36
28
26
19
21
20
24
23
21
27
21
19
21
21
29
22
28
23
24
24
28
26
24
25
24
27
24
25
23
29
27
33
28
40
29
34
32
38
38
39
36
46
40
43
37
39
46
49
47
46
45
56
46
50
53
60
65
63
65
68
82
86
74
87
77
100
76
76
70
72
90
94
98
78
69
75
81
76
68
76
60
64
69
63
74
53
54
48
55
42
43
39
41
44
46
51
54
66
59
57
64
64
71
69
73
83
59
60
61
60
56
57
57
50
56
63
59
63
71
78
78
65
67
70
55
67
61
56
45
42
45
45
56
43
46
37
47
31
29
28
26
26
30
28
29
28
33
30
35
30
36
22
18
16
15
15
15
15
15
15
15
15
15
15
15
15
15
15
15
15
15
15
15
15
15
15
15
15
15
15
15
15
15
15
15
15
15
15
15
15
15
15
15
15
15
15
15
15
15
15
15
15
15
15
15
15
15
15
15
15
15
15
15
15
15
15
15
15
15
15
15
15
15
15
15
15
15
15
15
15
15
15
15
15
15
15
15
15
15
15
15
15
15
15
15
15
15
15
15
15
15
15
15
15
15
15
15
15
15
15
15
15
15
15
15
15
15
15
15
15
15
15
15
15
15
15
15
15
15
15
15
15
15
15
15
15
15
15
15
15
15
15
15
15
15
15
15
15
15
15
15
15
15
15
15
15
15
15
15
15
15
15
15
15
15
15
15
15
15
15
15
15
15
15
15
15
15
15
15
15
15
15
15
15
15
15
15
15
15
15
15
15
15
15
15
15
15
15
15
15
15
15
15
15
15
15
15
15
15
15
15
15
15
15
15
15
15
15
15
15
15
15
15
15
15
15
15
15
15
15
15
15
15
15
15
15
15
15
15
15
15
15
15
15
15
15
15
15
15
15
15
15
15
15
15
15
15
15
15
15
15
15
15
15
15
15
15
15
15
15
15
15
15
15
15
15
15
15
15
15
15
15
15
15
15
15
15
15
15
15
15
15
15
15
15
15
15
15
15
15
15
15
15
15
15
15
15
15
15
15
15
15
15
15
15
15
15
15
15
15
15
15
15
15
15
15
15
15
15
15
15
15
15
15
15
15
15
15
15
15
15
15
15
15
15
15
15
15
15
15
15
15
15
15
15
15
15
15
15
15
15
15
15
15
15
15
15
15
15
15
15
15
15
15
15
15
15
15
15
15
15
15
15
15
15
15
15
15
15
15
15
15
15
15
15
15
15
15
15
15
15
15
15
15
15
15
15
15
15
15
15
15
15
15
15
15
15
15
15
15
15
15
15
15
15
15
15
15
15
15
15
15
15
15
15
15
15
15
15
15
15
15
15
15
15
15
15
15
15
15
15
15
15
15
15
15
15
15
15
