177
208
194
174
195
162
167
153
149
134
125
136
124
113
106
103
103
103
109
96
104
94
100
115
103
109
88
79
79
78
67
71
72
76
69
73
70
69
67
55
63
51
63
57
46
48
42
40
34
40
34
42
37
45
41
49
47
48
58
50
42
37
43
45
38
40
36
39
35
38
39
46
44
42
40
38
43
47
62
48
66
66
81
63
67
65
79
74
92
76
86
78
72
78
66
79
61
74
60
70
65
78
77
88
87
99
100
113
100
117
96
93
75
83
68
63
76
72
62
63
59
68
71
74
79
81
85
94
82
77
72
69
87
67
64
60
53
51
55
57
60
60
69
74
73
90
82
82
90
102
114
88
97
94
105
104
109
108
102
121
106
102
85
75
74
72
90
65
61
54
58
59
54
63
60
59
68
49
43
46
41
42
43
42
42
42
42
44
49
50
58
53
52
45
49
42
46
45
46
43
43
45
44
47
43
51
43
49
45
45
41
40
45
48
49
57
61
68
51
57
55
70
56
67
52
50
49
52
60
55
61
60
68
62
68
57
56
62
59
64
55
56
50
46
41
43
33
37
34
38
35
39
37
35
34
43
40
41
43
40
43
41
47
44
50
58
54
63
59
64
72
70
75
81
75
75
66
69
77
72
73
76
78
86
70
81
77
72
81
92
82
78
89
73
85
88
81
101
92
114
93
111
103
117
119
105
113
114
117
128
124
123
88
84
78
86
82
89
74
91
81
105
83
81
76
77
81
86
76
71
81
63
66
61
66
58
54
64
57
80
68
76
65
71
74
83
60
66
67
62
72
59
59
65
54
57
54
62
63
62
71
58
57
66
67
69
70
62
58
56
58
50
57
48
68
56
75
59
64
65
81
48
50
44
44
45
51
42
43
45
44
48
44
54
44
56
45
40
40
36
41
29
31
32
32
34
27
29
31
38
30
30
29
34
30
38
31
45
31
30
32
35
30
31
32
28
30
29
29
33
29
27
25
21
21
21
21
21
21
21
21
21
21
21
21
21
21
21
21
21
21
21
21
21
21
21
21
21
21
21
21
21
21
21
21
21
21
21
21
21
21
21
21
21
21
21
21
21
21
21
21
21
21
21
21
21
21
21
21
21
21
21
21
21
21
21
21
21
21
21
21
21
21
21
21
21
21
21
21
21
21
21
21
21
21
21
21
21
21
21
21
21
21
21
21
21
21
21
21
21
21
21
21
21
21
21
21
21
21
21
21
21
21
21
21
21
21
21
21
21
21
21
21
21
21
21
21
21
21
21
21
21
21
21
21
21
21
21
21
21
21
21
21
21
21
21
21
21
21
21
21
21
21
21
21
21
21
21
21
21
21
21
21
21
21
21
21
21
21
21
21
21
21
21
21
21
21
21
21
21
21
21
21
21
21
21
21
21
21
21
21
21
21
21
21
21
21
21
21
21
21
21
21
21
21
21
21
21
21
21
21
21
21
21
21
21
21
21
21
21
21
21
21
21
21
21
21
21
21
21
21
21
21
21
21
21
21
21
21
21
21
21
21
21
21
21
21
21
21
21
21
21
21
21
21
21
21
21
21
21
21
21
21
21
21
21
21
21
21
21
21
21
21
21
21
21
21
21
21
21
21
21
21
21
21
21
21
21
21
21
21
21
21
21
21
21
21
21
21
21
21
21
21
21
21
21
21
21
21
21
21
21
21
21
21
21
21
21
21
21
21
21
21
21
21
21
21
21
21
21
21
21
21
21
21
21
21
21
21
21
21
21
21
21
21
21
21
21
21
21
21
21
21
21
21
21
21
21
21
21
21
21
21
21
21
21
21
21
21
21
21
21
21
21
21
21
21
21
21
21
21
21
21
21
21
21
21
21
21
21
21
21
21
21
21
21
21
21
21
21
21
21
21
21
21
21
21
21
21
21
21
21
21
21
21
21
21
21
21
21
21
21
21
21
21
21
21
21
21
21
21
21
21
21
21
21
21
21
21
21
21
21
21
21
21
21
21
21
21
21
21
21
21
21
21
21
21
21
21
21
21
21
21
21
21
21
21
21
21
21
21
21
21
21
21
21
21
21
21
21
21
21
21
21
21
21
21
21
21
21
21
21
21
21
21
21
21
21
21
21
21
21
21
21
21
21
21
21
21
21
21
21
21
21
21
21
21
21
21
21
21
21
21
21
21
21
21
21
21
21
21
21
21
21
21
21
21
21
21
21
21
21
21
21
21
21
21
21
21
21
21
21
21
21
21
21
21
21
21
21
21
21
21
21
21
21
21
21
21
21
