188
186
201
162
183
168
154
155
147
153
145
151
154
142
143
156
183
142
126
120
113
100
88
102
96
112
111
126
115
124
122
135
130
124
116
111
113
114
112
107
107
112
95
97
95
106
108
118
105
90
94
78
67
64
57
48
51
47
50
48
53
61
57
57
57
68
60
60
65
57
64
54
55
57
62
51
56
53
67
62
57
56
60
66
74
56
64
57
54
48
45
39
38
36
36
46
32
28
26
26
28
34
33
40
35
37
41
30
34
29
26
29
30
35
33
38
38
33
37
34
35
34
28
33
29
36
28
25
24
25
30
28
36
29
34
32
33
41
37
39
39
35
33
31
32
31
30
29
37
30
26
30
29
37
31
33
36
37
48
43
51
44
50
56
57
70
60
72
69
58
70
55
67
59
76
56
59
49
51
49
55
53
55
48
58
45
51
58
58
71
59
54
55
53
56
63
50
59
53
73
68
83
81
84
86
100
73
65
66
64
66
71
77
76
80
78
87
71
67
64
70
70
74
61
58
64
61
61
62
69
67
62
51
50
52
56
48
50
54
49
42
50
44
51
40
42
42
48
36
40
41
45
44
53
46
58
48
58
50
62
60
71
79
73
81
86
80
84
77
80
72
79
66
72
61
70
76
64
65
69
67
72
63
62
71
64
72
62
73
77
89
77
93
83
78
82
88
90
78
97
85
94
88
87
95
92
79
88
91
86
85
81
83
86
97
98
105
111
95
96
101
89
94
79
77
80
75
74
67
69
70
73
72
74
56
45
42
41
48
49
63
53
61
57
60
66
66
71
64
70
62
59
53
53
51
64
51
55
51
50
47
42
37
42
43
36
38
39
43
40
41
37
41
34
38
34
36
35
36
35
36
39
39
41
47
44
39
32
31
32
33
34
35
38
37
43
38
45
43
48
53
56
51
57
47
60
47
47
47
52
58
62
74
69
89
71
85
73
82
89
86
85
78
84
64
67
69
76
73
77
70
75
73
67
65
64
63
65
59
67
63
45
54
52
57
62
62
57
48
47
47
44
51
50
56
56
54
45
54
46
39
40
39
33
41
28
25
27
27
29
25
24
29
29
36
38
40
49
44
48
42
52
55
51
43
52
53
47
51
58
66
60
58
60
64
52
61
51
68
52
48
39
36
34
36
38
39
45
44
60
48
50
53
50
58
53
56
50
50
49
47
44
44
50
48
52
45
45
53
47
50
46
43
48
47
62
53
50
58
52
56
54
56
67
57
59
65
58
73
59
59
63
69
74
72
76
80
87
68
64
73
68
74
81
69
87
81
84
73
81
67
76
62
74
64
61
61
53
54
55
58
58
54
58
54
59
49
47
46
60
44
42
42
38
38
27
24
23
26
27
27
27
25
27
27
32
29
33
32
40
30
33
30
29
33
30
36
36
37
33
37
28
31
27
26
29
32
37
36
42
40
49
50
54
53
59
73
54
57
61
63
56
53
65
46
55
48
53
48
49
49
45
50
51
56
66
62
68
82
64
76
68
68
70
61
73
64
65
64
69
65
87
74
92
84
70
81
77
89
72
85
76
87
87
88
88
93
94
88
91
87
74
69
80
71
78
80
89
59
65
50
61
44
50
44
37
40
40
43
39
45
40
43
42
38
42
47
49
53
69
62
70
61
49
59
50
48
39
46
39
37
26
27
30
27
31
31
26
24
26
25
31
30
27
31
29
37
32
35
41
43
35
45
43
49
50
50
53
50
52
46
55
55
59
70
69
72
62
63
64
62
72
72
70
76
64
61
69
67
78
81
82
88
101
87
102
81
96
69
72
65
77
73
79
61
61
52
55
62
66
76
71
66
67
59
49
60
43
49
36
42
37
49
33
27
21
21
20
21
24
24
25
28
24
30
23
26
27
31
29
28
34
33
27
27
29
31
38
34
43
44
48
48
52
56
55
60
64
69
77
78
65
68
68
60
64
57
64
62
54
59
55
53
62
60
68
63
70
67
64
65
64
64
67
64
73
73
77
64
64
60
69
65
71
78
71
63
62
69
58
49
52
53
58
52
51
45
44
38
38
36
35
39
39
41
42
50
44
50
45
46
46
46
45
50
50
50
42
42
44
42
51
44
54
47
47
48
52
61
54
59
52
51
43
46
38
41
32
41
27
21
16
14
16
18
17
22
18
23
22
21
23
24
28
24
31
20
18
15
13
14
14
18
18
26
18
18
18
18
18
18
18
18
18
18
18
18
18
18
18
18
18
18
18
18
18
18
18
18
18
18
18
18
18
18
18
18
18
18
18
