202
225
188
196
203
161
173
159
160
151
149
155
142
164
170
152
165
135
113
121
128
121
128
100
99
107
110
117
107
118
102
116
101
88
95
81
89
98
106
93
113
100
107
116
122
105
119
106
124
100
106
107
99
91
94
81
87
80
89
97
103
84
80
82
77
88
90
103
97
107
114
101
115
109
122
129
122
127
108
93
76
89
77
98
80
94
87
98
88
76
84
79
84
80
68
72
63
57
56
60
58
70
62
81
77
107
80
90
73
82
87
93
84
94
92
119
73
88
75
73
74
63
70
69
91
77
79
70
79
71
79
69
80
89
95
98
106
101
87
85
82
100
94
105
91
93
75
76
88
53
61
64
66
52
46
48
53
53
71
63
94
77
104
88
122
95
107
86
95
87
101
99
140
110
106
92
102
82
96
89
99
104
118
121
99
115
117
123
124
115
124
104
100
79
74
73
72
65
58
47
46
38
40
39
38
41
38
42
40
41
39
40
34
44
34
42
41
50
46
51
48
45
47
56
48
47
46
46
49
46
46
37
37
35
38
42
46
48
49
60
57
56
64
52
53
58
67
59
59
55
51
60
66
52
57
57
51
49
44
50
48
41
48
39
34
36
44
40
50
41
45
44
43
53
45
54
56
60
64
61
70
59
70
60
73
44
50
45
44
43
39
49
40
35
36
35
41
39
48
40
46
50
45
48
50
41
48
33
29
31
32
36
37
49
39
43
36
26
24
22
22
22
22
22
22
22
22
22
22
22
22
22
22
22
22
22
22
22
22
22
22
22
22
22
22
22
22
22
22
22
22
22
22
22
22
22
22
22
22
22
22
22
22
22
22
22
22
22
22
22
22
22
22
22
22
22
22
22
22
22
22
22
22
22
22
22
22
22
22
22
22
22
22
22
22
22
22
22
22
22
22
22
22
22
22
22
22
22
22
22
22
22
22
22
22
22
22
22
22
22
22
22
22
22
22
22
22
22
22
22
22
22
22
22
22
22
22
22
22
22
22
22
22
22
22
22
22
22
22
22
22
22
22
22
22
22
22
22
22
22
22
22
22
22
22
22
22
22
22
22
22
22
22
22
22
22
22
22
22
22
22
22
22
22
22
22
22
22
22
22
22
22
22
22
22
22
22
22
22
22
22
22
22
22
22
22
22
22
22
22
22
22
22
22
22
22
22
22
22
22
22
22
22
22
22
22
22
22
22
22
22
22
22
22
22
22
22
22
22
22
22
22
22
22
22
22
22
22
22
22
22
22
22
22
22
22
22
22
22
22
22
22
22
22
22
22
22
22
22
22
22
22
22
22
22
22
22
22
22
22
22
22
22
22
22
22
22
22
22
22
22
22
22
22
22
22
22
22
22
22
22
22
22
22
22
22
22
22
22
22
22
22
22
22
22
22
22
22
22
22
22
22
22
22
22
22
22
22
22
22
22
22
22
22
22
22
22
22
22
22
22
22
22
22
22
22
22
22
22
22
22
22
22
22
22
22
22
22
22
22
22
22
22
22
22
22
22
22
22
22
22
22
22
22
22
22
22
22
22
22
22
22
22
22
22
22
22
22
22
22
22
22
22
22
22
22
22
22
22
22
22
22
22
22
22
22
22
22
22
22
22
22
22
22
22
22
22
22
22
22
22
22
22
22
22
22
22
22
22
22
22
22
22
22
22
22
22
22
22
22
22
22
22
22
22
22
22
22
22
22
22
22
22
22
22
22
22
22
22
22
22
22
22
22
22
22
22
22
22
22
22
22
22
22
22
22
22
22
22
22
22
22
22
22
22
22
22
22
22
22
22
22
22
22
22
22
22
22
22
22
22
22
22
22
22
22
22
22
22
22
22
22
22
22
22
22
22
22
22
22
22
22
22
22
22
22
22
22
22
22
22
22
22
22
22
22
22
22
22
22
22
22
22
22
22
22
22
22
22
22
22
22
22
22
22
22
22
22
22
22
22
22
22
22
22
22
22
22
22
22
22
22
22
22
22
22
22
22
22
22
22
22
22
22
22
22
22
22
22
22
22
22
22
22
22
22
22
22
22
22
22
22
22
22
22
22
22
22
22
22
22
22
22
22
22
22
22
22
22
22
22
22
22
22
22
22
22
22
22
22
22
22
22
22
22
22
22
22
22
22
22
22
22
22
22
22
22
22
22
22
22
22
22
22
22
22
22
22
22
22
22
22
22
22
22
22
22
22
22
22
22
22
22
22
22
22
22
22
22
22
22
22
22
22
22
22
22
22
22
22
22
22
22
22
22
22
22
22
22
22
