190
224
184
191
189
174
172
178
160
151
169
136
140
134
117
127
120
107
120
112
116
104
94
98
97
102
105
102
119
102
98
110
112
102
93
81
83
76
78
74
90
79
96
92
99
72
77
67
68
69
74
74
83
77
86
76
81
78
88
93
101
94
113
97
115
96
116
97
117
110
98
100
116
108
120
111
96
85
88
81
73
81
76
84
81
100
87
106
94
109
93
104
102
95
84
92
108
116
109
100
97
96
82
70
72
66
73
76
65
62
53
60
71
61
66
70
72
59
54
54
56
60
54
67
53
55
56
58
64
61
65
73
69
82
80
95
84
81
86
85
97
94
87
93
90
102
104
96
81
99
86
91
84
70
68
59
69
59
55
50
48
46
52
53
68
54
54
62
59
76
63
65
62
61
60
72
64
65
69
67
66
65
72
61
67
61
63
65
52
60
56
58
47
49
49
60
50
54
53
67
70
75
72
86
81
93
77
68
80
70
75
54
45
48
51
54
52
64
51
49
49
53
47
48
38
40
37
35
42
41
49
39
43
41
47
34
35
36
46
40
49
37
36
31
33
32
31
31
34
33
41
39
46
36
40
41
36
49
40
35
39
38
38
44
47
56
47
62
58
51
47
55
49
51
54
52
60
60
53
58
56
84
48
46
52
54
48
49
45
39
44
44
48
48
51
59
64
70
68
77
88
111
94
116
103
110
101
109
103
102
94
86
94
103
108
99
121
113
122
109
129
115
129
121
125
114
106
90
74
73
61
78
66
68
70
77
67
73
67
71
71
77
66
57
55
55
51
55
52
64
61
70
66
78
74
70
81
77
85
79
85
73
73
79
86
93
105
92
110
94
102
121
111
95
95
89
105
109
102
101
112
97
100
115
102
92
97
93
100
75
61
69
60
68
73
75
94
70
64
47
58
51
52
56
57
67
56
67
52
54
51
64
51
50
44
43
34
34
33
32
34
39
34
32
31
32
31
37
32
33
35
42
37
38
43
37
42
34
35
30
35
30
35
28
29
31
31
28
28
26
28
28
36
28
28
28
28
28
28
28
28
28
28
28
28
28
28
28
28
28
28
28
28
28
28
28
28
28
28
28
28
28
28
28
28
28
28
28
28
28
28
28
28
28
28
28
28
28
28
28
28
28
28
28
28
28
28
28
28
28
28
28
28
28
28
28
28
28
28
28
28
28
28
28
28
28
28
28
28
28
28
28
28
28
28
28
28
28
28
28
28
28
28
28
28
28
28
28
28
28
28
28
28
28
28
28
28
28
28
28
28
28
28
28
28
28
28
28
28
28
28
28
28
28
28
28
28
28
28
28
28
28
28
28
28
28
28
28
28
28
28
28
28
28
28
28
28
28
28
28
28
28
28
28
28
28
28
28
28
28
28
28
28
28
28
28
28
28
28
28
28
28
28
28
28
28
28
28
28
28
28
28
28
28
28
28
28
28
28
28
28
28
28
28
28
28
28
28
28
28
28
28
28
28
28
28
28
28
28
28
28
28
28
28
28
28
28
28
28
28
28
28
28
28
28
28
28
28
28
28
28
28
28
28
28
28
28
28
28
28
28
28
28
28
28
28
28
28
28
28
28
28
28
28
28
28
28
28
28
28
28
28
28
28
28
28
28
28
28
28
28
28
28
28
28
28
28
28
28
28
28
28
28
28
28
28
28
28
28
28
28
28
28
28
28
28
28
28
28
28
28
28
28
28
28
28
28
28
28
28
28
28
28
28
28
28
28
28
28
28
28
28
28
28
28
28
28
28
28
28
28
28
28
28
28
28
28
28
28
28
28
28
28
28
28
28
28
28
28
28
28
28
28
28
28
28
28
28
28
28
28
28
28
28
28
28
28
28
28
28
28
28
28
28
28
28
28
28
28
28
28
28
28
28
28
28
28
28
28
28
28
28
28
28
28
28
28
28
28
28
28
28
28
28
28
28
28
28
28
28
28
28
28
28
28
28
28
28
28
28
28
28
28
28
28
28
28
28
28
28
28
28
28
28
28
28
28
28
28
28
28
28
28
28
28
28
28
28
28
28
28
28
28
28
28
28
28
28
28
28
28
28
28
28
28
28
28
28
28
28
28
28
28
28
28
28
28
28
28
28
28
28
28
28
28
28
28
28
28
28
28
28
28
28
28
28
28
28
28
28
28
28
28
28
28
28
28
28
28
28
28
28
28
28
28
28
28
28
28
28
28
28
28
28
28
28
28
28
28
28
28
28
28
28
28
28
28
28
28
28
28
28
28
28
28
28
28
28
28
28
