191
220
180
154
163
166
154
155
141
147
121
132
135
117
124
111
108
100
94
107
79
77
72
73
57
69
53
57
58
55
52
57
58
52
39
43
41
53
45
53
41
34
36
35
33
35
39
43
49
42
46
43
42
42
49
38
48
41
39
52
44
44
51
53
65
48
50
54
59
48
56
51
68
45
52
40
33
34
35
37
39
43
45
49
50
53
51
66
50
58
56
50
47
45
50
50
60
52
55
54
56
42
44
39
43
41
44
42
45
50
53
62
58
62
64
63
67
70
76
92
71
100
76
84
81
85
74
77
78
86
73
86
84
91
73
71
84
76
64
70
55
57
61
63
59
69
53
63
47
65
52
59
62
70
67
62
57
54
57
56
63
67
70
67
59
55
37
32
28
29
31
34
37
43
49
40
48
38
38
43
50
52
59
67
76
69
74
75
76
79
86
77
81
63
69
68
69
59
60
54
50
42
44
43
41
49
50
59
72
63
80
82
78
92
104
108
101
102
87
86
74
73
78
85
89
90
87
90
91
94
103
102
111
118
123
127
133
143
135
123
133
135
138
118
126
117
119
107
121
103
109
96
101
86
74
62
74
74
73
77
87
95
93
110
98
115
112
102
128
110
114
128
113
136
122
136
126
126
144
116
101
106
100
84
99
94
78
79
76
67
56
58
54
49
50
46
46
40
50
43
39
44
50
40
41
43
39
42
44
45
41
45
46
46
50
45
46
50
45
47
47
48
50
53
54
54
52
48
40
32
27
26
30
28
27
28
32
29
36
30
36
32
38
30
35
28
23
24
27
25
29
24
21
23
25
33
25
25
25
25
25
25
25
25
25
25
25
25
25
25
25
25
25
25
25
25
25
25
25
25
25
25
25
25
25
25
25
25
25
25
25
25
25
25
25
25
25
25
25
25
25
25
25
25
25
25
25
25
25
25
25
25
25
25
25
25
25
25
25
25
25
25
25
25
25
25
25
25
25
25
25
25
25
25
25
25
25
25
25
25
25
25
25
25
25
25
25
25
25
25
25
25
25
25
25
25
25
25
25
25
25
25
25
25
25
25
25
25
25
25
25
25
25
25
25
25
25
25
25
25
25
25
25
25
25
25
25
25
25
25
25
25
25
25
25
25
25
25
25
25
25
25
25
25
25
25
25
25
25
25
25
25
25
25
25
25
25
25
25
25
25
25
25
25
25
25
25
25
25
25
25
25
25
25
25
25
25
25
25
25
25
25
25
25
25
25
25
25
25
25
25
25
25
25
25
25
25
25
25
25
25
25
25
25
25
25
25
25
25
25
25
25
25
25
25
25
25
25
25
25
25
25
25
25
25
25
25
25
25
25
25
25
25
25
25
25
25
25
25
25
25
25
25
25
25
25
25
25
25
25
25
25
25
25
25
25
25
25
25
25
25
25
25
25
25
25
25
25
25
25
25
25
25
25
25
25
25
25
25
25
25
25
25
25
25
25
25
25
25
25
25
25
25
25
25
25
25
25
25
25
25
25
25
25
25
25
25
25
25
25
25
25
25
25
25
25
25
25
25
25
25
25
25
25
25
25
25
25
25
25
25
25
25
25
25
25
25
25
25
25
25
25
25
25
25
25
25
25
25
25
25
25
25
25
25
25
25
25
25
25
25
25
25
25
25
25
25
25
25
25
25
25
25
25
25
25
25
25
25
25
25
25
25
25
25
25
25
25
25
25
25
25
25
25
25
25
25
25
25
25
25
25
25
25
25
25
25
25
25
25
25
25
25
25
25
25
25
25
25
25
25
25
25
25
25
25
25
25
25
25
25
25
25
25
25
25
25
25
25
25
25
25
25
25
25
25
25
25
25
25
25
25
25
25
25
25
25
25
25
25
25
25
25
25
25
25
25
25
25
25
25
25
25
25
25
25
25
25
25
25
25
25
25
25
25
25
25
25
25
25
25
25
25
25
25
25
25
25
25
25
25
25
25
25
25
25
25
25
25
25
25
25
25
25
25
25
25
25
25
25
25
25
25
25
25
25
25
25
25
25
25
25
25
25
25
25
25
25
25
25
25
25
25
25
25
25
25
25
25
25
25
25
25
25
25
25
25
25
25
25
25
25
25
25
25
25
25
25
25
25
25
25
25
25
25
25
25
25
25
25
25
25
25
25
25
25
25
25
25
25
25
25
25
25
25
25
25
25
25
25
25
25
25
25
25
25
25
25
25
25
25
25
25
25
25
25
25
25
25
25
25
25
25
25
25
25
25
25
25
25
25
25
25
25
25
25
25
25
25
25
