189
208
203
193
180
170
173
172
165
182
178
184
154
149
171
148
136
146
168
137
143
146
131
148
128
139
125
125
125
108
116
100
102
94
106
103
100
98
103
99
105
103
97
85
71
68
72
71
68
63
64
55
55
44
47
51
48
44
42
51
47
58
50
53
56
52
70
57
61
61
63
59
59
53
55
62
60
61
63
68
70
65
62
64
67
65
62
67
67
63
69
65
66
75
64
65
59
67
70
76
79
88
84
98
78
78
90
95
86
82
68
72
72
67
75
83
87
76
74
52
56
43
41
33
31
35
38
40
41
50
36
31
33
29
27
29
29
36
30
29
30
33
32
39
32
32
31
34
37
40
40
44
46
56
46
53
48
58
51
67
60
66
51
52
50
50
53
48
58
43
35
32
33
33
40
36
38
42
50
47
57
59
52
66
68
73
67
61
66
69
72
73
57
51
51
48
60
56
61
59
65
66
60
63
58
62
52
51
55
56
63
53
57
51
47
45
46
46
45
50
45
50
48
52
49
59
50
52
56
55
65
58
53
51
53
53
56
54
51
57
52
55
66
58
73
55
45
39
35
34
34
33
34
36
37
35
37
38
42
40
43
41
46
40
47
36
33
34
33
29
32
31
34
31
34
36
42
39
47
47
43
45
49
56
57
60
61
53
58
61
60
50
58
54
56
53
51
55
54
54
59
52
52
52
54
59
65
66
63
60
58
62
63
76
60
77
72
89
80
91
81
84
89
81
85
82
76
75
67
64
57
69
50
61
56
76
72
85
80
94
91
110
77
79
88
83
73
75
88
85
113
87
78
75
77
80
89
85
89
93
84
90
90
92
102
101
111
134
125
131
117
150
129
122
118
133
145
121
121
118
115
114
116
109
118
134
106
116
115
125
128
126
125
116
115
125
116
98
101
91
87
104
90
99
85
101
78
78
77
68
70
73
72
68
67
66
71
73
82
80
81
86
101
93
83
80
72
85
82
82
78
72
63
60
67
66
67
62
61
53
50
54
47
49
49
61
53
40
41
40
41
46
39
49
45
56
52
65
52
61
65
70
71
86
64
76
64
68
57
67
68
72
78
72
80
80
71
79
90
85
86
88
95
76
73
68
59
61
67
71
72
70
65
61
66
63
78
64
67
63
58
67
67
77
71
70
76
67
74
66
63
52
51
57
67
55
68
54
56
55
58
66
67
71
66
55
57
58
52
55
58
55
59
60
54
56
57
56
60
53
51
48
54
49
50
44
44
44
45
41
44
41
49
36
35
35
32
31
29
30
30
36
31
32
28
31
27
32
25
23
23
23
23
23
23
23
23
23
23
23
23
23
23
23
23
23
23
23
23
23
23
23
23
23
23
23
23
23
23
23
23
23
23
23
23
23
23
23
23
23
23
23
23
23
23
23
23
23
23
23
23
23
23
23
23
23
23
23
23
23
23
23
23
23
23
23
23
23
23
23
23
23
23
23
23
23
23
23
23
23
23
23
23
23
23
23
23
23
23
23
23
23
23
23
23
23
23
23
23
23
23
23
23
23
23
23
23
23
23
23
23
23
23
23
23
23
23
23
23
23
23
23
23
23
23
23
23
23
23
23
23
23
23
23
23
23
23
23
23
23
23
23
23
23
23
23
23
23
23
23
23
23
23
23
23
23
23
23
23
23
23
23
23
23
23
23
23
23
23
23
23
23
23
23
23
23
23
23
23
23
23
23
23
23
23
23
23
23
23
23
23
23
23
23
23
23
23
23
23
23
23
23
23
23
23
23
23
23
23
23
23
23
23
23
23
23
23
23
23
23
23
23
23
23
23
23
23
23
23
23
23
23
23
23
23
23
23
23
23
23
23
23
23
23
23
23
23
23
23
23
23
23
23
23
23
23
23
23
23
23
23
23
23
23
23
23
23
23
23
23
23
23
23
23
23
23
23
23
23
23
23
23
23
23
23
23
23
23
23
23
23
23
23
23
23
23
23
23
23
23
23
23
23
23
23
23
23
23
23
23
23
23
23
23
23
23
23
23
23
23
23
23
23
23
23
23
23
23
23
23
23
23
23
23
23
23
23
23
23
23
23
23
23
23
23
23
23
23
23
23
23
23
23
23
23
23
23
23
23
23
23
23
23
23
23
23
23
23
23
23
23
23
23
23
23
23
23
23
23
23
23
23
23
23
23
23
23
23
23
23
23
23
23
23
23
23
23
23
23
23
23
23
23
23
23
23
23
23
23
23
23
23
23
23
23
23
23
23
23
23
23
23
23
23
23
23
23
23
23
23
