189
226
170
175
130
121
121
116
112
111
125
113
129
103
121
120
117
99
97
106
95
109
114
121
115
110
113
120
129
130
122
131
118
127
122
113
102
94
92
87
90
94
86
87
77
84
88
82
91
93
104
96
90
91
84
82
85
75
70
76
75
80
79
83
75
80
87
85
73
69
77
71
86
69
78
71
75
70
88
70
79
78
75
75
69
66
54
68
52
62
57
54
46
43
39
38
41
43
41
44
42
54
45
56
51
74
53
63
68
74
70
66
77
77
85
73
79
71
71
59
50
56
52
51
59
61
57
69
69
75
69
62
58
55
58
64
75
68
78
75
68
65
68
64
76
71
82
82
65
66
83
79
77
91
81
110
80
83
76
79
76
83
93
96
83
84
78
88
78
80
85
86
99
79
80
79
96
79
81
82
77
94
92
109
104
123
117
116
133
104
104
103
86
82
93
90
97
88
82
90
80
94
100
103
112
113
92
92
93
96
84
79
89
79
92
91
93
89
99
94
95
89
98
99
98
95
106
103
98
103
104
109
98
112
91
97
111
118
124
151
124
124
111
122
122
124
144
100
106
100
101
98
113
97
115
111
133
127
142
122
127
109
117
103
93
92
90
95
99
90
109
91
96
100
97
97
101
97
109
103
100
102
118
106
104
99
106
95
112
96
89
91
97
74
65
64
59
71
59
56
58
52
59
58
63
70
68
78
59
52
47
42
41
43
45
47
48
57
55
61
67
63
75
73
86
66
68
60
63
58
65
62
58
51
59
59
42
40
35
42
35
39
40
45
45
41
42
53
37
38
38
36
35
31
38
28
25
23
24
25
26
27
30
29
35
30
37
35
40
45
46
46
52
41
46
43
42
45
48
56
55
52
56
53
55
59
66
53
71
50
44
47
49
52
38
39
42
33
25
23
21
22
22
25
22
22
19
20
21
23
27
24
33
26
30
28
34
38
39
40
45
38
38
40
41
40
34
38
32
39
32
35
40
33
38
35
41
39
39
41
46
53
46
52
52
61
59
74
55
61
56
53
44
44
50
45
55
58
51
59
46
51
48
57
42
41
43
45
48
42
48
48
54
59
68
51
57
43
44
40
40
44
45
45
46
44
47
47
52
54
53
51
53
51
44
45
38
41
34
34
35
38
38
43
42
46
53
55
44
50
55
57
64
62
64
60
67
61
58
59
63
68
72
70
71
76
61
61
68
54
54
53
58
57
54
63
52
45
48
48
50
53
54
51
59
64
69
66
67
76
79
75
83
82
73
68
84
67
85
55
54
50
60
58
67
65
70
80
84
76
74
82
84
78
72
70
76
78
77
82
85
90
85
73
85
72
77
73
64
67
71
80
75
89
88
92
77
83
90
89
79
98
81
90
83
88
78
81
93
78
82
95
105
107
107
112
95
88
93
91
88
81
90
83
90
91
94
91
81
94
86
90
86
87
84
93
82
88
91
73
87
78
78
78
81
82
78
97
88
89
72
82
82
77
84
79
85
78
82
74
79
79
79
78
98
79
90
82
93
88
96
94
95
89
90
96
81
75
75
80
88
94
93
83
98
89
102
94
95
93
97
100
100
105
104
114
114
109
115
115
109
98
89
87
68
69
68
78
73
67
70
74
60
62
59
65
65
68
72
74
73
68
65
76
67
77
57
56
60
53
46
47
42
51
33
38
31
33
33
31
29
32
36
34
32
31
33
27
25
27
28
33
28
32
31
35
36
44
40
41
36
37
40
33
24
22
22
22
22
22
22
22
22
22
22
22
22
22
22
22
22
22
22
22
22
22
22
22
22
22
22
22
22
22
22
22
22
22
22
22
22
22
22
22
22
22
22
22
22
22
22
22
22
22
22
22
22
22
22
22
22
22
22
22
22
22
22
22
22
22
22
22
22
22
22
22
22
22
22
22
22
22
22
22
22
22
22
22
22
22
22
22
22
22
22
22
22
22
22
22
22
22
22
22
22
22
22
22
22
22
22
22
22
22
22
22
22
22
22
22
22
22
22
22
22
22
22
22
22
22
22
22
22
22
22
22
22
22
22
22
22
22
22
22
22
22
22
22
22
22
22
22
22
22
22
22
22
22
22
22
22
22
22
22
22
22
22
22
22
22
22
22
22
22
22
22
22
22
22
22
22
22
22
22
22
22
22
22
22
22
22
22
22
22
22
22
22
22
22
22
22
22
22
22
22
22
22
22
22
22
22
22
22
22
22
22
22
22
22
22
22
22
22
22
22
22
22
22
22
22
22
22
22
22
22
22
22
22
22
22
