735
837
685
692
645
611
604
585
558
524
500
512
490
473
473
468
486
484
493
468
477
446
440
437
426
405
427
370
362
373
381
381
400
407
391
407
379
366
390
406
398
387
370
349
342
358
367
368
378
375
382
369
386
344
342
315
308
324
328
327
326
333
294
280
289
276
283
299
298
321
331
313
342
343
339
327
317
304
306
307
329
333
323
354
339
339
347
329
339
327
351
343
369
355
332
337
364
362
383
364
347
339
316
339
315
328
307
312
292
285
287
284
272
291
260
278
280
263
260
231
252
225
223
224
233
218
207
220
200
184
194
206
191
205
206
217
237
228
209
208
216
209
220
217
231
225
267
241
240
249
272
264
246
261
258
256
297
250
263
257
254
249
269
247
246
256
245
225
240
218
219
238
234
233
237
260
242
236
237
237
232
246
220
236
213
211
214
216
218
220
231
231
238
251
249
271
264
239
225
206
212
191
201
180
189
176
175
204
199
221
222
206
222
217
238
245
234
247
239
244
229
224
204
206
223
225
216
221
204
224
219
219
231
215
223
220
221
237
207
222
213
235
212
231
221
224
220
213
221
233
232
247
265
255
262
254
270
263
280
252
268
222
257
219
230
213
231
240
259
250
256
260
248
252
254
256
265
275
288
273
274
262
261
257
267
266
274
259
243
267
255
281
288
283
303
305
321
320
305
321
310
326
353
298
321
308
335
309
331
293
311
304
299
286
288
295
281
305
278
270
282
267
264
266
258
258
255
256
246
241
229
238
231
250
242
249
228
252
242
269
275
300
263
295
268
254
264
254
240
242
239
244
270
262
258
257
280
270
289
269
271
261
262
270
261
250
245
263
253
290
253
276
252
244
244
242
262
254
267
270
282
267
263
261
247
256
240
258
264
269
274
260
276
274
278
305
280
282
263
286
250
256
242
254
240
242
212
235
244
254
245
240
248
230
238
223
230
221
243
248
261
248
254
239
242
240
236
243
252
249
226
249
243
234
213
227
196
207
202
184
197
216
203
203
202
216
211
240
212
225
229
229
247
253
244
253
251
264
270
275
270
271
255
226
238
201
197
203
198
189
198
199
198
195
209
203
211
219
211
228
222
233
233
250
224
215
210
210
210
229
227
201
200
205
199
216
210
209
202
212
216
218
208
202
206
210
212
192
203
178
174
167
165
167
181
180
171
186
156
157
162
160
173
144
147
149
172
135
142
141
143
143
134
143
141
149
149
145
150
142
144
127
136
129
127
128
118
131
125
136
129
139
141
155
123
121
121
124
122
129
124
122
125
127
137
128
129
132
132
141
138
145
146
140
138
140
143
148
153
150
163
162
169
166
174
157
143
150
151
141
143
150
141
150
132
133
125
127
128
136
131
142
135
135
131
136
134
134
136
134
138
136
141
139
135
139
135
144
137
143
127
131
125
127
123
126
124
121
116
113
116
115
114
114
114
114
114
114
114
114
114
114
114
114
114
114
114
114
114
114
114
114
114
114
114
114
114
114
114
114
114
114
114
114
114
114
114
114
114
114
114
114
114
114
114
114
114
114
114
114
114
114
114
114
114
114
114
114
114
114
114
114
114
114
114
114
114
114
114
114
114
114
114
114
114
114
114
114
114
114
114
114
114
114
114
114
114
114
114
114
114
114
114
114
114
114
114
114
114
114
114
114
114
114
114
114
114
114
114
114
114
114
114
114
114
114
114
114
114
114
114
114
114
114
114
114
114
114
114
114
114
114
114
114
114
114
114
114
114
114
114
114
114
114
114
114
114
114
114
114
114
114
114
114
114
114
114
114
114
114
114
114
114
114
114
114
114
114
114
114
114
114
114
114
114
114
114
114
114
114
114
114
114
114
114
114
114
114
114
114
114
114
114
114
114
114
114
114
114
114
114
114
114
114
114
114
114
114
114
114
114
114
114
114
114
114
114
114
114
114
114
114
114
114
114
114
114
114
114
114
114
114
114
114
114
114
114
114
114
114
114
114
114
114
114
114
114
114
114
114
114
114
114
114
114
114
114
114
114
114
114
114
114
114
114
114
114
114
114
114
114
114
114
114
114
114
114
114
114
114
114
114
114
114
114
114
114
114
114
114
114
114
114
114
114
114
114
114
114
114
114
114
114
114
114
114
114
114
114
114
114
114
114
114
114
114
114
114
114
114
114
114
114
114
114
114
114
114
114
114
114
114
114
114
114
114
114
114
114
114
114
114
114
114
114
114
114
114
114
114
114
114
114
114
114
114
114
114
114
114
114
114
114
114
114
114
114
114
114
114
