748
897
664
718
651
653
650
641
576
592
557
536
503
464
500
494
493
476
435
432
418
398
430
368
398
391
406
391
372
375
385
410
374
381
362
340
338
356
364
356
346
340
315
325
310
287
291
273
267
258
258
261
270
300
286
295
281
271
266
275
278
284
256
252
234
219
216
198
207
198
198
210
173
180
178
166
168
165
158
159
145
152
150
160
150
159
151
157
148
163
143
155
146
147
154
161
139
148
135
138
141
139
144
133
151
143
145
149
158
172
187
174
171
177
172
189
182
202
194
194
203
185
178
185
174
169
188
170
185
171
160
166
159
167
174
172
185
167
178
174
189
180
193
182
195
201
213
237
215
225
229
242
225
218
219
213
215
204
212
197
202
191
211
216
209
221
214
216
212
215
219
211
228
209
219
218
220
248
232
245
231
233
219
202
217
216
181
169
176
178
181
176
175
195
186
181
184
180
194
203
207
193
181
191
193
207
204
186
161
156
156
135
146
145
149
166
184
187
169
170
166
165
118
126
124
130
123
145
141
138
128
132
146
136
134
141
137
158
149
151
148
164
148
168
154
160
141
152
144
162
164
156
160
159
188
171
178
183
198
182
180
173
148
155
155
162
170
169
187
194
196
157
150
148
158
166
154
146
135
143
128
120
124
129
129
127
134
123
120
120
117
115
126
125
129
136
139
152
143
150
142
144
134
138
139
160
165
172
174
195
178
202
182
208
200
191
214
211
229
215
213
218
209
228
221
229
219
215
208
227
193
210
182
213
195
193
182
194
181
193
187
186
190
198
198
189
210
202
201
182
197
192
201
202
204
193
199
212
208
218
201
209
208
211
199
223
202
223
197
206
199
216
207
209
187
192
190
205
187
186
194
168
162
177
193
195
209
213
221
226
239
247
238
247
255
266
262
271
287
272
283
263
261
257
242
237
232
240
255
244
243
231
223
211
221
203
209
198
193
198
191
193
175
181
182
199
186
173
171
173
164
192
174
181
171
157
164
159
167
157
153
156
154
129
126
120
104
108
110
111
123
117
111
121
125
142
140
148
148
145
143
139
136
147
142
138
146
132
133
142
139
141
143
137
129
121
125
133
134
133
136
133
121
123
112
128
114
121
110
122
112
104
105
106
112
107
119
104
102
94
88
88
82
81
79
79
79
79
79
79
79
79
79
79
79
79
79
79
79
79
79
79
79
79
79
79
79
79
79
79
79
79
79
79
79
79
79
79
79
79
79
79
79
79
79
79
79
79
79
79
79
79
79
79
79
79
79
79
79
79
79
79
79
79
79
79
79
79
79
79
79
79
79
79
79
79
79
79
79
79
79
79
79
79
79
79
79
79
79
79
79
79
79
79
79
79
79
79
79
79
79
79
79
79
79
79
79
79
79
79
79
79
79
79
79
79
79
79
79
79
79
79
79
79
79
79
79
79
79
79
79
79
79
79
79
79
79
79
79
79
79
79
79
79
79
79
79
79
79
79
79
79
79
79
79
79
79
79
79
79
79
79
79
79
79
79
79
79
79
79
79
79
79
79
79
79
79
79
79
79
79
79
79
79
79
79
79
79
79
79
79
79
79
79
79
79
79
79
79
79
79
79
79
79
79
79
79
79
79
79
79
79
79
79
79
79
79
79
79
79
79
79
79
79
79
79
79
79
79
79
79
79
79
79
79
79
79
79
79
79
79
79
79
79
79
79
79
79
79
79
79
79
79
79
79
79
79
79
79
79
79
79
79
79
79
79
79
79
79
79
79
79
79
79
79
79
79
79
79
79
79
79
79
79
79
79
79
79
79
79
79
79
79
79
79
79
79
79
79
79
79
79
79
79
79
79
79
79
79
79
79
79
79
79
79
79
79
79
79
79
79
79
79
79
79
79
79
79
79
79
79
79
79
79
79
79
79
79
79
79
79
79
79
79
79
79
79
79
79
79
79
79
79
79
79
79
79
79
79
79
79
79
79
79
79
79
79
79
79
79
79
79
79
79
79
79
79
79
79
79
79
79
79
79
79
79
79
79
79
79
79
79
79
79
79
79
79
79
79
79
79
79
79
79
79
79
79
79
79
79
79
79
79
79
79
79
79
79
79
79
79
79
79
79
79
79
79
79
79
79
79
79
79
79
79
79
79
79
79
79
79
79
79
79
79
79
79
79
79
79
79
79
79
79
79
79
79
79
79
79
79
79
79
79
79
79
79
79
79
79
79
79
79
79
79
79
79
79
79
79
79
79
79
79
79
79
79
79
79
79
79
79
79
79
79
79
79
79
79
79
