722
871
688
673
661
633
609
615
564
547
521
526
503
496
454
468
446
408
404
384
371
333
334
317
300
313
307
296
278
299
292
292
300
328
328
323
349
323
336
300
305
299
316
327
326
330
324
348
308
306
303
341
319
326
297
285
298
297
294
274
250
263
273
266
268
260
276
292
297
300
329
341
340
337
329
336
327
328
341
296
301
277
298
276
307
292
296
298
276
291
261
296
244
261
249
253
240
240
231
256
241
259
273
288
290
275
283
293
286
317
291
303
320
331
327
312
320
341
317
297
292
274
252
272
284
255
276
252
270
277
293
279
273
276
264
265
258
276
287
284
308
289
294
297
278
286
266
244
245
241
245
232
256
227
241
241
245
244
259
258
285
283
313
293
283
265
255
248
246
236
245
243
252
253
263
267
267
278
276
285
300
294
292
300
280
296
282
281
294
283
275
282
284
285
274
283
278
276
276
258
306
282
317
268
281
291
282
311
298
299
280
292
263
280
250
271
258
268
239
238
223
233
232
243
248
228
249
234
230
239
260
252
262
269
256
283
256
285
247
256
248
253
247
267
268
271
284
270
281
248
277
283
269
278
291
264
256
253
262
247
220
221
216
221
201
181
184
172
193
180
194
172
180
187
183
175
187
191
210
204
228
226
241
226
225
210
228
222
222
222
238
234
233
222
245
233
227
241
227
219
214
185
200
186
227
195
206
228
245
244
246
258
260
273
274
291
255
271
266
272
262
270
237
267
241
281
254
249
267
270
284
266
314
259
249
238
234
217
228
217
210
212
205
206
217
218
226
209
219
205
215
189
204
195
201
192
197
184
183
178
173
164
167
174
169
188
175
179
181
173
183
178
200
166
174
173
182
188
185
177
183
189
177
200
200
210
211
220
194
221
210
213
221
196
222
186
190
195
206
211
217
220
209
251
237
227
217
232
225
230
235
236
249
267
275
286
277
283
272
281
283
291
308
341
291
284
283
265
290
244
246
241
243
242
255
256
253
258
266
238
258
236
246
228
234
247
248
242
234
221
202
231
183
201
191
214
190
187
188
187
190
188
181
161
170
154
160
149
147
155
158
149
166
152
175
154
168
168
165
159
167
171
188
174
162
166
165
177
165
172
170
183
169
180
173
186
186
196
181
184
173
171
176
178
170
185
175
191
173
176
165
149
161
159
167
157
154
152
144
154
165
167
154
156
152
145
140
143
151
160
163
182
171
173
186
187
178
172
151
150
154
155
171
161
171
167
162
173
160
169
170
183
183
208
180
181
177
188
196
201
202
197
203
213
223
223
231
231
231
207
192
206
205
207
214
225
215
192
171
172
148
149
154
160
176
163
187
169
191
190
191
207
201
202
200
203
192
191
190
157
160
136
135
122
121
129
135
131
139
135
159
137
149
139
141
129
136
146
135
133
134
114
127
120
148
132
141
122
123
117
134
122
133
114
119
115
117
131
105
111
98
102
95
93
83
86
87
94
89
95
90
88
79
78
71
73
71
76
74
79
80
85
87
87
96
87
93
86
88
91
86
89
91
93
92
103
92
98
95
106
95
100
104
109
109
115
107
117
99
113
101
108
99
96
101
101
103
98
97
94
98
87
84
80
84
75
77
80
81
89
88
88
89
92
102
91
99
100
109
109
104
106
104
99
106
106
101
101
96
97
106
94
111
85
91
90
93
91
97
93
101
97
103
97
90
92
91
92
92
89
84
80
80
89
87
90
96
91
98
93
94
87
84
84
83
89
81
94
79
91
80
87
92
105
94
106
97
104
96
96
93
91
88
84
80
84
83
89
87
93
83
82
86
92
89
103
98
94
93
91
101
94
102
108
120
118
120
120
124
133
125
136
115
116
115
117
126
126
137
142
137
124
122
122
129
116
112
117
121
126
131
144
151
175
164
190
159
176
169
187
159
170
175
178
183
189
172
179
179
195
203
223
208
215
196
190
213
213
219
204
220
245
239
247
258
252
265
269
261
237
249
234
234
239
241
233
253
233
230
245
232
208
229
227
239
226
239
244
258
252
272
282
283
273
257
249
237
236
256
236
223
245
243
233
255
252
257
263
242
270
233
253
230
216
227
194
218
197
211
195
204
204
196
189
196
184
186
173
173
168
160
167
183
183
173
184
178
171
167
178
169
164
164
149
161
163
181
173
174
154
169
153
168
150
163
146
146
140
146
164
153
145
160
147
153
158
153
153
156
162
147
152
154
150
159
163
155
152
154
136
150
147
155
156
156
172
166
178
163
174
169
152
144
149
142
139
143
153
162
151
