733
892
680
655
595
602
602
578
568
508
524
506
487
435
435
439
414
412
408
378
392
395
412
423
432
443
411
466
416
423
389
388
381
401
412
426
442
448
450
457
510
462
488
459
494
473
460
480
486
497
498
452
461
450
471
432
421
420
416
406
418
428
425
433
412
441
437
406
379
369
355
327
314
339
343
332
367
342
334
338
330
284
305
274
294
299
298
287
297
292
280
290
283
295
275
274
274
286
301
296
313
324
315
342
297
316
288
281
290
287
278
267
266
262
267
254
280
262
265
271
279
245
262
268
265
262
283
253
273
265
251
265
263
259
267
283
236
249
268
270
246
262
241
288
255
264
258
259
251
276
242
235
233
227
227
219
204
203
206
201
209
204
190
189
192
184
197
186
191
181
182
156
159
166
170
192
192
207
186
218
208
227
215
251
264
253
260
286
256
243
232
240
238
249
254
225
215
243
212
213
204
195
198
180
173
178
173
177
174
174
171
161
171
167
185
166
186
170
177
167
171
154
161
171
155
180
167
170
155
174
172
177
195
186
186
183
194
169
160
152
148
158
142
142
153
137
148
148
130
128
139
130
138
125
120
123
120
128
135
130
136
143
142
141
144
147
144
136
152
136
144
145
147
143
160
161
171
186
177
179
182
161
162
162
169
163
165
161
172
176
172
167
165
162
164
165
171
194
182
191
176
168
174
174
176
188
188
197
194
201
197
201
211
207
216
207
225
216
230
219
233
218
208
202
213
210
226
230
231
231
213
241
213
216
204
206
207
201
208
200
218
187
194
197
169
178
175
176
190
182
197
198
202
197
199
207
212
207
190
181
200
200
201
210
230
229
216
234
218
226
234
208
213
213
227
226
230
230
241
257
259
242
254
256
272
283
272
271
262
230
256
239
236
237
265
261
251
278
268
271
258
279
262
271
277
277
272
281
299
285
278
269
266
280
283
312
288
293
306
313
319
302
308
303
318
302
292
283
276
283
267
264
266
262
269
270
273
281
275
241
243
241
262
245
242
275
254
268
261
253
234
221
209
201
208
198
207
196
201
213
207
211
203
191
183
198
202
199
198
227
205
213
235
236
234
241
246
234
240
232
225
237
214
218
221
231
227
230
227
228
254
214
209
203
208
190
222
176
186
152
149
145
151
139
161
139
157
129
124
123
118
123
119
124
119
115
114
112
116
109
108
108
116
109
111
116
109
111
115
125
118
117
129
130
134
130
132
140
143
140
147
146
146
143
149
146
149
160
156
166
155
154
163
165
183
177
191
198
197
192
199
192
187
175
175
175
174
176
166
162
179
171
162
169
175
164
175
179
179
179
178
176
196
174
166
182
171
153
152
156
163
165
170
174
163
161
155
158
167
158
161
144
147
157
163
144
154
134
129
136
133
119
127
129
126
128
123
125
118
113
115
114
114
114
120
115
109
119
112
127
120
121
114
104
114
100
94
97
98
95
98
101
108
108
112
112
108
111
113
118
110
120
124
132
130
133
128
124
132
129
135
122
121
115
108
112
110
114
114
125
116
122
116
122
129
149
137
145
155
162
143
158
160
161
157
155
161
152
160
145
156
165
173
172
174
162
167
173
183
186
177
164
168
171
145
155
147
142
130
137
124
120
126
119
117
114
116
114
114
109
104
111
118
115
105
100
91
90
94
85
93
99
91
102
81
84
76
87
72
69
75
73
81
69
70
61
60
55
47
46
46
46
46
46
46
46
46
46
46
46
46
46
46
46
46
46
46
46
46
46
46
46
46
46
46
46
46
46
46
46
46
46
46
46
46
46
46
46
46
46
46
46
46
46
46
46
46
46
46
46
46
46
46
46
46
46
46
46
46
46
46
46
46
46
46
46
46
46
46
46
46
46
46
46
46
46
46
46
46
46
46
46
46
46
46
46
46
46
46
46
46
46
46
46
46
46
46
46
46
46
46
46
46
46
46
46
46
46
46
46
46
46
46
46
46
46
46
46
46
46
46
46
46
46
46
46
46
46
46
46
46
46
46
46
46
46
46
46
46
46
46
46
46
46
46
46
46
46
46
46
46
46
46
46
46
46
46
46
46
46
46
46
46
46
46
46
46
46
46
46
46
46
46
46
46
46
46
46
46
46
46
46
46
46
46
46
46
46
46
46
46
46
46
46
46
46
46
46
46
46
46
46
46
46
46
46
46
46
46
46
46
46
46
46
46
46
46
46
46
46
46
46
46
46
46
46
46
46
46
46
46
46
46
46
46
46
46
46
46
46
46
46
46
46
46
46
46
46
46
46
