756
844
709
728
728
718
667
650
600
578
531
531
511
503
493
539
524
532
510
503
465
460
461
444
426
457
452
478
464
498
450
449
462
473
442
460
446
457
435
412
424
440
425
378
397
374
374
381
382
355
354
339
361
330
366
345
349
353
346
360
362
367
376
399
376
390
359
360
334
357
333
347
356
321
323
321
311
305
319
307
300
337
317
326
334
339
371
396
379
402
418
419
415
441
448
416
399
378
407
382
364
349
344
339
334
365
356
343
336
326
342
317
306
307
318
330
330
324
316
304
305
296
262
262
260
286
286
280
262
243
241
259
247
268
254
274
265
289
277
256
267
250
274
264
285
284
277
259
248
235
237
231
230
228
222
221
230
227
256
219
231
218
238
247
217
215
207
186
182
175
172
165
169
172
182
181
188
188
197
184
207
179
184
179
179
165
181
187
180
177
188
182
183
199
211
202
217
184
200
186
203
213
209
195
202
189
192
207
200
212
212
208
210
207
199
191
217
198
211
215
207
217
230
232
235
211
218
219
228
237
231
228
233
206
222
203
229
209
210
227
254
257
256
272
297
268
268
247
258
253
237
240
223
219
232
223
214
204
214
223
236
233
231
223
226
216
241
247
235
235
215
221
215
227
210
207
212
195
180
171
179
185
180
178
197
187
174
175
175
168
179
188
181
212
195
217
198
245
197
197
194
195
191
200
168
174
167
172
169
162
176
156
179
155
162
157
174
179
168
170
166
158
148
145
151
157
153
166
162
175
163
173
174
176
176
171
158
175
162
183
165
172
171
178
179
190
198
204
176
177
178
195
167
168
175
161
164
160
163
158
165
163
167
173
181
170
171
194
193
215
209
234
215
221
210
233
233
252
239
251
283
268
296
300
295
290
309
284
255
257
268
245
223
221
240
240
210
215
201
196
198
196
175
191
177
189
181
182
194
202
214
204
216
198
205
178
177
164
151
153
148
151
156
173
170
144
150
149
151
141
149
128
138
126
121
127
128
143
137
151
148
159
158
159
168
169
183
176
200
194
209
190
210
213
215
216
220
218
221
213
222
211
193
204
210
217
194
201
191
209
219
215
226
230
242
226
227
234
242
236
245
231
241
249
252
254
252
252
241
253
230
214
227
213
237
233
267
233
235
222
209
201
225
220
223
234
229
234
230
228
218
225
205
212
207
215
197
218
209
210
218
222
239
223
233
238
239
220
216
235
219
228
227
220
199
217
205
202
205
192
189
194
205
195
213
232
227
221
210
183
183
169
176
187
199
182
172
177
177
187
180
185
189
188
205
194
202
214
195
202
204
212
201
206
188
175
177
163
163
166
149
157
139
151
142
138
148
154
166
165
183
173
165
163
144
150
146
149
151
162
153
163
149
158
156
172
160
162
147
152
148
160
138
139
134
129
135
126
134
131
133
140
124
139
126
157
149
139
133
124
131
140
128
121
138
127
130
125
124
122
121
112
112
108
109
111
114
121
115
127
118
124
130
133
137
143
130
139
133
140
133
142
144
147
138
146
146
139
141
143
145
152
160
154
154
164
154
156
142
147
146
150
158
161
169
150
155
153
150
157
155
152
159
156
166
160
177
149
164
162
172
169
172
180
186
190
210
213
211
208
227
190
184
176
181
179
166
169
176
167
170
164
155
157
155
153
146
157
138
145
138
149
144
137
130
132
132
140
137
151
147
154
141
170
148
151
138
152
144
135
136
131
133
139
128
126
122
135
130
144
125
128
120
130
127
141
116
109
115
112
119
102
101
99
102
107
105
110
114
116
112
127
115
129
117
116
114
117
119
124
115
119
120
124
118
111
114
104
103
99
102
106
110
110
115
110
113
117
113
124
108
108
104
99
100
98
102
95
97
97
98
100
107
103
105
107
108
107
114
108
109
108
117
111
123
110
118
101
94
97
97
102
99
97
102
100
111
101
109
102
110
108
96
92
94
94
97
100
102
101
108
103
112
108
109
105
109
111
114
118
113
109
111
106
108
98
99
101
105
103
104
106
110
119
113
116
111
105
98
103
100
106
96
99
97
104
95
93
93
93
94
92
92
94
94
94
95
96
98
95
98
95
101
98
101
100
102
108
103
112
95
93
90
89
89
87
86
84
84
84
84
84
84
84
84
84
84
84
84
84
84
84
84
84
84
84
84
84
84
84
84
84
84
84
84
84
84
84
84
84
84
84
84
84
84
84
84
84
84
84
84
84
84
84
84
84
84
84
84
84
84
84
84
84
84
84
84
84
84
84
84
84
84
84
84
84
84
84
84
84
