755
836
706
753
743
700
702
690
655
596
574
565
564
564
546
512
471
532
447
453
433
409
436
398
450
385
378
392
400
333
349
338
395
356
361
359
382
371
365
356
354
369
342
310
333
315
303
286
314
300
307
286
293
292
299
276
299
283
269
223
226
218
224
225
252
220
215
201
216
217
237
237
274
255
277
257
248
231
236
230
250
254
229
231
227
231
248
219
212
210
219
250
203
220
233
207
200
192
155
154
122
114
123
114
122
118
100
107
104
109
97
97
89
97
103
104
91
90
90
90
97
102
93
101
98
114
94
98
97
96
94
96
100
102
112
112
112
114
115
119
125
131
123
127
133
114
113
106
108
102
101
95
87
92
91
90
104
95
98
101
96
97
100
101
100
111
109
113
110
115
124
138
148
140
127
139
133
142
143
148
151
154
178
169
172
180
171
176
192
191
177
171
176
178
182
176
203
178
177
172
171
176
194
172
176
189
188
190
199
198
199
186
200
175
192
183
176
194
180
200
203
194
195
196
202
193
205
169
160
158
182
175
186
190
188
178
176
166
171
150
180
171
175
182
170
188
186
191
205
189
231
192
219
192
205
192
219
211
235
212
188
175
186
186
203
175
185
173
162
157
157
152
147
135
152
147
155
155
158
159
149
144
148
134
140
124
123
120
128
129
127
122
128
126
143
129
122
122
129
125
123
123
121
127
130
141
126
142
128
136
124
126
133
126
122
135
123
128
130
135
127
124
131
141
140
140
144
142
140
145
141
145
152
153
154
153
156
168
165
153
161
145
137
134
139
123
130
121
125
125
117
122
126
126
138
117
124
116
110
115
106
117
116
132
117
124
119
126
118
130
121
115
123
124
128
144
126
135
132
127
140
133
136
149
143
156
142
163
154
177
159
169
158
170
158
167
146
167
163
161
154
153
147
144
147
146
151
148
132
147
136
157
141
145
134
122
119
123
112
117
109
100
110
113
136
117
125
128
128
138
125
133
127
114
110
123
108
115
92
86
83
84
87
88
84
89
85
88
90
85
86
85
86
85
79
84
80
87
79
76
75
76
81
79
87
80
85
83
84
92
88
90
90
86
84
82
83
80
82
82
84
82
83
86
88
92
96
94
91
97
97
106
96
99
95
91
91
93
96
100
103
102
102
103
101
98
103
101
105
109
98
107
104
105
110
112
117
121
117
128
110
115
100
94
100
94
102
100
99
104
103
100
105
96
101
97
111
106
110
107
109
117
119
129
120
116
121
124
127
129
130
145
122
136
129
156
126
123
135
114
127
114
111
105
115
90
103
93
79
79
78
81
85
87
101
91
89
95
112
96
98
104
109
109
116
111
120
107
111
96
97
97
101
116
98
110
103
90
93
81
89
80
84
79
89
88
94
87
90
95
87
78
78
80
86
88
89
94
98
98
113
101
120
104
114
105
102
114
116
111
118
106
99
97
92
102
108
112
123
118
147
129
152
154
167
171
182
167
162
174
169
177
173
163
167
173
165
189
194
214
191
203
186
182
171
173
163
174
178
197
156
166
139
161
162
167
164
166
172
170
165
150
165
139
148
143
133
131
141
130
150
142
155
141
156
146
144
146
139
140
142
145
159
147
145
134
135
130
124
128
127
135
154
150
160
152
153
164
155
164
168
189
190
184
159
171
162
184
171
174
183
173
191
181
165
163
177
177
183
166
174
169
176
174
184
175
183
198
198
197
203
207
217
231
211
205
177
182
179
189
161
180
182
182
179
192
177
171
182
169
176
184
189
209
183
207
200
224
210
228
233
236
216
209
207
210
193
200
203
212
214
215
209
225
200
227
207
224
237
252
236
229
224
215
214
227
234
217
210
194
194
210
213
252
227
245
218
239
218
220
220
225
206
215
232
228
223
230
219
244
231
255
239
250
233
239
227
216
232
236
261
240
233
268
274
292
310
302
305
289
262
253
251
260
257
264
239
246
221
230
235
250
253
265
250
247
240
228
223
232
236
224
224
213
216
226
218
216
208
218
214
250
211
220
199
197
196
203
192
210
214
186
189
192
192
182
187
169
162
172
180
181
182
171
170
169
184
190
194
220
200
211
233
220
226
232
247
243
219
249
235
247
265
256
261
279
268
283
277
267
274
251
263
223
217
225
236
235
246
249
261
256
248
249
254
267
266
271
275
262
263
263
232
232
231
225
216
200
189
184
189
200
208
210
235
222
227
249
261
266
292
267
273
279
278
295
288
314
302
301
300
298
286
313
281
278
265
270
272
275
271
286
264
272
252
255
250
260
252
221
