749
868
730
731
629
662
578
589
529
492
451
464
456
418
390
385
392
376
361
369
383
345
328
330
349
325
351
347
368
387
336
393
374
375
374
371
365
339
348
331
314
327
321
339
313
332
322
311
304
298
262
275
262
282
286
296
287
286
264
264
256
237
261
248
247
232
262
250
272
287
265
264
271
249
271
242
255
235
231
255
223
237
224
237
215
203
228
226
238
223
239
235
241
242
235
238
228
222
229
231
238
230
245
225
231
224
219
228
207
215
196
197
196
190
182
175
176
192
195
205
217
217
209
223
202
207
193
197
198
197
202
200
205
210
193
199
197
218
212
192
220
206
234
225
229
230
242
210
212
231
220
231
209
222
185
185
166
173
158
158
150
146
142
151
158
165
168
179
176
171
182
182
180
183
189
186
189
192
191
181
193
188
192
194
213
201
222
219
238
222
207
211
201
214
215
216
224
236
214
225
199
207
198
205
209
216
223
221
238
222
221
224
206
213
194
185
193
182
201
180
176
174
172
193
198
224
227
248
225
243
226
214
220
240
240
209
211
211
208
228
215
212
206
224
204
225
214
216
196
208
204
205
189
178
181
182
188
203
180
190
164
172
173
183
168
167
171
171
191
170
177
161
162
160
151
177
166
174
168
164
173
172
171
188
165
204
168
179
155
166
157
159
177
157
174
172
172
180
163
158
174
157
187
178
205
215
202
220
241
218
225
244
257
242
233
246
227
260
252
264
274
257
280
254
268
242
254
254
251
243
266
250
243
226
244
229
236
202
227
231
235
245
239
234
257
260
233
248
222
231
220
230
213
220
224
221
199
199
191
202
195
189
205
193
195
195
185
182
194
182
192
171
185
179
180
187
194
198
207
217
221
241
247
251
248
229
248
250
260
251
255
241
232
255
216
221
226
221
214
229
206
212
217
224
221
233
212
217
225
223
207
209
217
191
193
191
194
200
214
227
231
233
218
220
207
217
209
212
219
235
208
205
219
223
218
236
222
233
224
213
236
210
216
198
213
188
208
199
189
203
201
209
202
201
206
202
181
193
158
158
159
155
155
172
166
160
169
170
160
145
133
143
143
142
148
137
133
133
126
130
131
139
142
134
126
114
119
116
127
129
141
136
149
138
137
149
141
142
141
147
140
128
126
122
120
113
111
110
109
111
110
117
108
107
104
107
110
113
113
117
119
129
119
126
121
131
124
140
133
139
124
125
123
121
126
126
133
130
128
136
129
132
135
137
132
133
146
135
150
145
145
154
166
178
168
178
155
163
158
179
157
158
162
166
169
172
172
165
171
175
161
161
156
174
171
186
188
184
192
183
201
196
211
212
197
194
192
190
185
177
183
194
188
195
201
208
203
214
208
224
222
217
221
213
237
217
217
219
226
195
190
196
209
214
218
211
231
202
202
234
201
184
174
197
186
212
201
199
200
184
200
177
193
196
214
208
222
208
220
202
193
187
171
163
161
164
162
160
171
156
153
155
147
143
138
137
147
148
146
145
146
146
155
143
149
152
149
157
170
151
148
162
144
153
137
138
129
132
143
129
133
133
136
129
126
125
134
130
145
129
119
118
125
123
103
99
105
103
102
101
105
103
106
107
100
97
99
107
98
92
91
96
89
93
85
81
81
79
78
76
76
76
76
76
76
76
76
76
76
76
76
76
76
76
76
76
76
76
76
76
76
76
76
76
76
76
76
76
76
76
76
76
76
76
76
76
76
76
76
76
76
76
76
76
76
76
76
76
76
76
76
76
76
76
76
76
76
76
76
76
76
76
76
76
76
76
76
76
76
76
76
76
76
76
76
76
76
76
76
76
76
76
76
76
76
76
76
76
76
76
76
76
76
76
76
76
76
76
76
76
76
76
76
76
76
76
76
76
76
76
76
76
76
76
76
76
76
76
76
76
76
76
76
76
76
76
76
76
76
76
76
76
76
76
76
76
76
76
76
76
76
76
76
76
76
76
76
76
76
76
76
76
76
76
76
76
76
76
76
76
76
76
76
76
76
76
76
76
76
76
76
76
76
76
76
76
76
76
76
76
76
76
76
76
76
76
76
76
76
76
76
76
76
76
76
76
76
76
76
76
76
76
76
76
76
76
76
76
76
76
76
76
76
76
76
76
76
76
76
76
76
76
76
76
76
76
76
76
76
76
76
76
76
76
76
76
76
76
76
76
76
76
76
76
76
76
76
76
76
76
76
76
76
76
76
76
76
76
76
76
76
76
76
76
76
76
76
76
76
76
76
76
76
76
76
76
76
76
76
76
