739
871
762
722
681
651
663
646
652
568
559
562
527
533
477
493
488
503
486
500
481
466
455
430
454
433
393
417
410
399
415
370
392
362
359
390
388
389
372
367
330
332
335
323
341
330
336
374
326
334
330
340
322
329
313
333
320
306
278
286
278
258
271
236
230
228
238
235
265
241
254
238
259
229
231
222
230
202
212
189
181
171
163
153
154
169
176
186
168
158
167
142
159
165
174
178
181
195
207
177
193
201
216
192
197
206
226
237
253
245
249
249
271
251
276
292
282
261
265
255
268
257
270
264
276
275
258
269
261
292
306
321
294
280
269
263
242
231
245
211
225
199
208
185
198
186
197
197
190
196
190
208
208
212
211
197
189
177
169
167
158
145
140
133
122
115
118
121
118
126
131
121
127
130
120
122
118
123
120
128
125
129
137
117
132
113
121
107
112
105
123
110
116
114
122
132
132
136
133
151
144
154
137
132
129
121
123
122
116
127
123
143
120
131
113
119
116
113
116
112
120
122
128
130
136
121
126
122
121
125
132
139
143
144
146
151
148
150
151
144
157
151
145
142
166
143
158
161
164
166
174
157
164
166
153
164
163
155
153
140
144
150
151
172
166
188
172
170
185
176
205
184
191
192
195
191
190
188
183
185
178
197
191
180
177
188
190
174
178
180
186
181
188
191
180
199
197
184
191
193
185
198
211
197
207
225
220
249
246
268
254
259
237
223
210
216
200
214
199
206
203
239
202
216
186
192
201
204
206
206
196
194
178
191
167
183
172
170
157
157
149
159
173
189
185
196
193
197
190
193
202
186
191
179
198
182
187
201
213
224
215
212
207
214
203
218
215
223
199
217
187
179
179
197
205
194
207
192
184
171
156
157
133
139
132
114
120
111
101
105
120
111
130
101
98
105
115
118
133
127
126
150
130
114
104
97
95
103
97
108
107
105
126
111
114
125
112
126
112
107
121
125
146
125
134
138
147
149
135
138
136
122
139
135
141
121
132
119
123
121
117
126
121
112
112
119
104
101
110
91
86
85
92
93
96
92
99
96
105
92
105
94
109
98
114
92
95
92
96
97
98
87
85
84
81
80
80
77
67
70
67
59
58
60
60
59
60
57
62
61
69
66
76
71
81
78
87
88
94
91
90
92
92
101
97
95
84
79
65
51
49
44
39
38
39
41
44
42
52
46
62
54
70
62
70
74
86
50
54
54
54
54
54
54
54
54
54
54
54
54
54
54
54
54
54
54
54
54
54
54
54
54
54
54
54
54
54
54
54
54
54
54
54
54
54
54
54
54
54
54
54
54
54
54
54
54
54
54
54
54
54
54
54
54
54
54
54
54
54
54
54
54
54
54
54
54
54
54
54
54
54
54
54
54
54
54
54
54
54
54
54
54
54
54
54
54
54
54
54
54
54
54
54
54
54
54
54
54
54
54
54
54
54
54
54
54
54
54
54
54
54
54
54
54
54
54
54
54
54
54
54
54
54
54
54
54
54
54
54
54
54
54
54
54
54
54
54
54
54
54
54
54
54
54
54
54
54
54
54
54
54
54
54
54
54
54
54
54
54
54
54
54
54
54
54
54
54
54
54
54
54
54
54
54
54
54
54
54
54
54
54
54
54
54
54
54
54
54
54
54
54
54
54
54
54
54
54
54
54
54
54
54
54
54
54
54
54
54
54
54
54
54
54
54
54
54
54
54
54
54
54
54
54
54
54
54
54
54
54
54
54
54
54
54
54
54
54
54
54
54
54
54
54
54
54
54
54
54
54
54
54
54
54
54
54
54
54
54
54
54
54
54
54
54
54
54
54
54
54
54
54
54
54
54
54
54
54
54
54
54
54
54
54
54
54
54
54
54
54
54
54
54
54
54
54
54
54
54
54
54
54
54
54
54
54
54
54
54
54
54
54
54
54
54
54
54
54
54
54
54
54
54
54
54
54
54
54
54
54
54
54
54
54
54
54
54
54
54
54
54
54
54
54
54
54
54
54
54
54
54
54
54
54
54
54
54
54
54
54
54
54
54
54
54
54
54
54
54
54
54
54
54
54
54
54
54
54
54
54
54
54
54
54
54
54
54
54
54
54
54
54
54
54
54
54
54
54
54
54
54
54
54
54
54
54
54
54
54
54
54
54
54
54
54
54
54
54
54
54
54
54
54
54
54
54
54
54
54
54
54
54
54
54
54
54
54
54
54
54
54
54
54
54
54
54
54
54
54
54
54
54
54
54
54
54
54
54
54
54
54
54
54
54
54
54
54
54
54
54
54
