696
806
648
675
651
623
588
618
587
559
559
522
492
475
440
442
408
454
416
413
438
410
441
401
416
366
348
341
339
345
331
349
353
369
352
343
322
333
321
318
317
321
303
316
308
295
280
275
278
283
302
280
300
287
329
350
338
371
331
351
301
317
280
287
262
277
262
251
232
255
230
244
245
234
247
266
251
260
244
261
244
236
251
233
243
256
252
247
256
257
269
280
283
292
270
252
254
231
244
248
238
227
213
235
208
220
207
223
228
225
226
234
235
247
215
261
236
259
245
240
223
244
246
235
227
238
241
232
235
237
238
229
251
212
219
206
212
207
201
215
206
229
196
221
206
218
199
206
204
215
200
242
210
233
229
247
228
251
238
259
261
265
260
261
234
235
243
235
230
254
241
228
221
221
188
206
165
165
156
168
165
138
149
140
141
152
152
159
165
160
186
172
182
192
178
177
167
188
180
182
204
180
199
193
212
197
211
181
183
205
208
195
193
196
195
189
206
201
203
191
175
172
177
178
153
174
161
175
175
183
191
199
186
194
197
204
210
228
238
237
222
216
222
216
240
226
233
241
241
234
226
209
224
221
196
191
190
197
196
189
198
187
188
191
193
209
209
207
197
207
172
151
159
153
158
151
149
151
156
167
155
156
159
157
154
156
149
152
152
163
166
187
199
183
184
213
180
189
171
185
187
187
201
199
216
187
193
194
197
201
206
207
199
196
188
188
184
180
196
203
215
198
211
209
235
230
273
229
221
246
224
205
205
195
200
207
211
183
212
197
229
219
255
229
239
201
206
198
208
206
212
206
214
223
202
197
181
191
208
217
237
236
240
214
233
238
219
226
221
206
210
190
186
182
200
209
200
202
201
199
176
176
163
162
153
140
142
119
127
117
119
120
122
117
132
121
132
139
116
120
115
130
131
128
131
123
130
108
119
108
112
102
120
109
121
99
92
90
84
91
92
99
103
86
86
80
86
93
91
94
99
102
106
109
110
120
122
129
130
119
112
120
127
120
127
113
123
127
130
130
144
123
127
135
122
117
126
108
108
114
115
121
114
111
109
106
115
106
107
115
122
116
124
113
122
126
113
118
119
113
127
113
122
110
106
108
115
123
123
130
134
132
124
121
137
119
115
119
112
116
108
108
96
95
92
97
97
103
101
103
105
104
110
109
110
114
116
133
125
126
134
121
127
130
140
139
145
136
135
147
150
148
156
151
153
135
129
126
120
120
117
108
105
98
99
96
100
99
111
95
95
91
100
94
99
99
106
97
93
91
94
96
98
107
100
105
103
103
103
101
116
97
89
94
92
94
99
103
107
105
110
95
89
93
89
88
84
85
86
88
87
95
86
88
85
86
89
85
89
87
88
88
90
89
94
92
98
91
94
96
96
94
101
97
103
100
99
94
93
91
88
91
87
88
87
92
86
84
81
81
83
83
84
86
85
90
89
97
94
101
104
116
104
113
111
122
120
128
130
135
141
135
136
123
141
141
146
143
157
159
157
145
160
142
159
138
153
165
164
171
190
178
188
175
195
175
200
171
175
169
177
181
203
183
199
206
211
197
198
200
216
189
180
181
185
179
185
169
192
173
176
164
161
164
161
164
162
166
154
169
157
188
170
206
179
199
189
208
190
215
207
227
219
218
219
210
223
212
229
224
209
193
184
194
193
189
190
182
194
181
203
168
175
183
168
168
176
176
171
182
207
190
191
196
192
185
201
214
204
219
199
193
193
199
193
181
190
171
181
196
223
219
204
190
182
189
200
182
199
183
177
166
186
190
196
179
192
180
174
166
186
176
185
188
184
189
181
177
177
185
200
195
202
202
214
217
220
226
223
201
211
205
201
188
203
200
212
211
196
181
167
164
173
176
169
171
177
171
168
176
171
181
175
172
193
186
180
171
183
169
191
171
168
163
169
163
185
156
179
162
175
167
172
166
173
171
180
174
173
157
148
146
136
135
129
127
121
112
117
105
98
113
94
92
86
88
78
83
76
78
74
72
72
72
72
72
72
72
72
72
72
72
72
72
72
72
72
72
72
72
72
72
72
72
72
72
72
72
72
72
72
72
72
72
72
72
72
72
72
72
72
72
73
73
74
73
74
70
67
67
67
67
67
67
67
67
67
67
67
67
67
67
67
67
67
67
67
67
67
67
67
67
67
67
67
67
67
67
67
67
67
67
67
67
67
67
67
67
67
67
67
67
67
67
67
67
67
67
67
67
67
67
67
67
67
67
67
67
67
67
67
67
67
67
67
67
67
67
67
67
