751
860
699
667
644
669
608
584
562
567
601
549
571
532
533
534
515
511
491
485
482
415
397
388
378
421
379
410
379
390
360
393
321
331
313
299
305
304
307
297
308
294
314
286
299
303
295
294
303
289
313
286
291
261
282
260
260
253
284
268
280
248
254
226
221
200
191
188
182
189
195
182
192
188
190
203
205
206
183
194
185
197
200
180
178
188
176
194
169
189
180
179
173
173
176
179
178
178
167
165
157
161
152
154
149
153
150
146
157
159
185
155
167
163
165
145
129
129
113
118
116
117
124
113
116
110
132
129
152
141
147
151
173
153
163
169
155
168
170
166
142
160
154
175
181
195
214
201
221
225
202
217
211
178
184
178
204
188
195
198
193
187
196
194
202
211
206
208
233
203
225
199
206
206
192
175
189
166
168
173
179
186
201
211
229
227
247
226
215
202
219
218
221
240
236
254
250
245
232
226
219
219
226
196
204
201
212
200
191
200
219
192
217
214
260
230
242
238
235
218
226
244
252
225
218
199
209
195
179
197
188
170
188
175
168
162
190
192
194
191
175
189
199
177
189
197
174
185
174
198
185
202
183
184
167
163
152
152
159
157
163
189
183
170
178
175
182
184
191
173
180
168
170
165
187
178
192
175
192
190
199
193
167
166
162
168
179
172
180
184
181
199
195
230
208
248
224
242
249
256
240
232
215
218
237
240
249
235
237
214
235
205
199
197
200
191
201
189
217
201
221
214
225
211
218
207
190
177
189
171
159
152
151
131
124
136
129
136
134
161
164
181
178
204
206
216
170
172
186
187
159
164
165
155
163
172
164
183
184
207
188
194
186
195
171
190
167
188
192
203
190
202
200
228
186
202
201
169
181
154
154
150
148
155
155
149
140
148
137
149
138
126
135
151
138
143
141
151
153
153
157
149
147
150
147
143
148
161
165
194
186
203
199
217
196
203
184
176
162
178
160
174
167
174
173
178
184
172
190
198
205
227
227
235
228
227
200
211
209
221
224
197
213
188
203
214
207
210
222
228
212
195
197
185
179
195
195
222
213
244
213
227
222
220
214
208
184
178
182
185
182
167
178
176
190
179
191
199
212
221
208
211
215
241
217
231
220
228
204
202
202
194
188
175
152
165
159
171
165
158
152
158
143
156
147
151
151
147
151
128
134
121
125
117
108
111
103
114
110
120
112
113
121
122
125
125
121
110
111
111
109
111
107
109
108
112
115
124
120
126
123
125
127
132
137
135
127
125
132
122
123
112
117
121
119
120
119
105
104
99
102
104
105
102
107
103
100
97
95
95
100
97
101
95
91
92
89
88
90
90
91
93
92
97
96
104
101
108
111
123
111
120
118
129
127
136
144
149
153
155
155
127
143
132
129
141
145
162
157
182
146
146
143
151
149
159
170
168
179
189
176
170
172
183
177
171
171
181
163
168
172
174
173
182
176
162
163
163
164
158
171
183
187
175
194
195
198
207
216
198
207
184
185
186
179
193
194
209
203
196
210
210
235
221
214
216
211
214
208
169
178
191
188
168
170
168
158
161
154
160
153
163
146
142
139
141
155
144
159
144
148
146
146
143
139
129
137
130
140
127
132
137
133
132
130
116
120
115
109
119
121
115
127
116
136
129
126
126
121
111
121
116
117
129
137
144
150
166
150
151
150
145
146
152
152
157
157
158
142
148
154
146
144
157
140
140
137
151
147
152
143
164
161
156
168
151
157
151
156
163
170
150
142
144
148
148
149
149
149
151
161
163
176
167
179
163
160
162
161
155
156
159
163
171
174
156
145
153
168
179
180
160
176
170
175
166
172
175
188
194
171
166
163
171
181
183
171
160
160
170
159
179
147
160
136
138
140
151
168
161
177
167
165
141
146
137
151
141
146
152
162
150
146
146
142
147
155
152
158
158
157
180
160
151
157
159
151
165
165
175
170
170
160
173
176
180
204
184
204
196
198
188
185
190
191
202
186
181
170
171
167
162
170
165
166
166
184
187
179
195
179
190
182
187
176
187
172
166
168
168
185
177
184
182
175
175
174
180
186
205
187
195
174
168
172
147
142
137
143
138
140
126
130
137
146
143
164
163
189
165
176
162
172
160
167
181
171
172
173
176
154
164
162
153
135
139
135
142
137
125
134
127
118
98
96
104
100
98
97
89
91
89
97
103
108
110
121
110
105
114
113
117
119
121
117
128
118
123
124
110
119
109
123
115
116
116
121
120
116
117
113
122
122
134
114
120
114
109
106
104
118
100
109
107
98
109
95
101
101
109
