779
869
770
685
662
636
637
563
576
613
557
524
524
519
533
492
500
456
435
419
416
396
390
393
408
390
403
412
434
443
417
411
363
384
354
374
382
438
430
426
408
408
418
445
440
450
466
437
390
395
387
363
356
335
365
345
401
382
395
394
388
402
379
371
392
384
384
369
368
342
362
371
396
407
362
305
329
308
322
305
317
305
339
326
344
341
358
353
361
314
336
304
314
283
301
308
304
285
291
288
261
251
241
252
239
251
250
275
266
260
264
265
267
287
297
282
280
283
273
271
294
275
282
246
250
239
274
263
283
291
298
312
269
277
271
280
269
294
263
262
259
259
254
254
261
263
270
275
243
245
252
276
271
266
271
268
251
253
269
264
265
249
248
244
240
261
244
258
260
256
257
280
240
249
267
265
299
262
266
272
281
289
294
311
331
336
312
314
310
357
298
316
317
323
331
329
341
307
319
340
341
318
323
312
304
320
319
304
325
284
281
272
275
277
264
274
246
251
247
241
242
227
216
202
218
208
211
222
214
232
227
235
223
221
218
226
221
238
227
232
207
209
216
222
241
255
245
257
264
257
270
259
269
269
259
245
249
257
271
273
305
269
256
246
238
272
230
206
214
235
237
281
264
294
268
257
252
272
248
220
234
237
235
222
235
242
245
251
266
265
261
252
285
287
298
295
292
302
280
272
274
256
269
249
253
238
254
206
219
208
203
217
200
190
186
189
188
208
197
208
201
218
220
214
193
204
194
190
219
187
199
195
214
216
220
214
237
228
230
245
263
237
241
262
261
255
243
230
258
244
261
259
262
230
241
239
242
255
256
223
247
237
237
240
253
234
239
247
243
244
266
286
282
270
277
282
289
273
278
272
274
281
297
274
259
259
252
250
249
256
263
270
275
263
257
266
267
263
263
271
255
252
228
233
225
224
219
200
211
203
222
205
225
213
226
216
231
210
226
229
258
262
260
263
256
279
259
262
225
232
209
225
232
270
215
221
212
204
218
228
190
169
167
167
148
171
160
165
138
144
125
122
116
103
106
105
111
113
102
105
117
126
135
136
144
164
142
135
132
143
138
140
124
124
126
123
136
133
138
134
157
139
142
142
148
144
128
121
135
128
150
135
131
131
133
150
135
154
140
154
162
163
165
165
155
180
185
200
159
160
169
162
152
155
158
181
167
173
169
178
185
190
186
197
176
186
173
175
163
148
145
148
152
157
150
157
155
155
156
170
164
180
187
194
199
209
210
183
198
186
182
210
199
221
208
225
207
197
199
191
195
208
202
202
207
207
206
196
183
208
193
205
209
189
187
186
197
187
202
194
196
203
182
195
202
198
208
230
236
217
236
268
225
233
239
226
265
236
244
237
232
213
212
222
235
239
245
268
279
271
275
286
294
311
287
291
277
308
303
342
322
354
326
325
308
326
299
331
287
317
327
342
333
335
347
366
323
331
332
313
293
303
282
329
301
344
297
323
301
330
313
301
295
337
309
338
330
322
302
305
285
279
276
290
290
281
284
261
242
227
237
245
240
258
279
275
294
248
271
247
257
258
264
279
283
259
258
239
235
224
244
219
224
231
235
230
219
232
228
236
247
232
240
230
230
218
224
229
223
234
228
254
265
248
256
254
258
242
237
239
239
242
252
257
262
280
261
256
236
246
216
210
192
191
165
169
149
163
153
137
133
126
113
118
116
101
105
105
112
117
130
119
131
129
133
141
144
144
151
151
158
166
163
156
163
169
193
172
210
159
191
162
166
169
161
152
150
149
144
149
147
163
160
167
179
173
174
180
176
165
163
157
147
140
136
137
120
122
108
112
108
106
108
115
103
109
100
94
102
95
99
99
92
95
88
91
85
91
84
82
79
78
79
72
72
72
76
73
77
72
74
72
71
71
70
74
72
79
72
74
72
74
76
84
72
74
74
74
74
74
74
74
74
74
74
74
74
74
74
74
74
74
74
74
74
74
74
74
74
74
74
74
74
74
74
74
74
74
74
74
74
74
74
74
74
74
74
74
74
74
74
74
74
74
74
74
74
74
74
74
74
74
74
74
74
74
74
74
74
74
74
74
74
74
74
74
74
74
74
74
74
74
74
74
74
74
74
74
74
74
74
74
74
74
74
74
74
74
74
74
74
74
74
74
74
74
74
74
74
74
74
74
74
74
74
74
74
74
74
74
74
74
74
74
74
74
74
74
74
74
74
74
74
74
74
74
74
74
74
74
74
74
74
74
74
74
74
74
74
74
74
74
74
74
74
74
74
74
74
74
