772
886
697
709
648
663
614
586
594
532
552
514
485
437
446
418
409
444
437
468
453
426
423
396
377
363
360
348
352
351
334
342
353
334
342
324
306
307
295
297
297
304
274
297
279
269
258
274
284
265
258
250
267
240
249
226
235
235
232
220
227
219
216
197
195
198
196
182
182
193
197
210
185
214
193
208
217
237
221
227
210
209
233
233
243
241
254
260
260
276
271
302
258
272
283
314
309
303
290
274
308
279
291
274
268
274
255
270
245
260
245
250
256
263
248
248
233
256
265
299
293
300
293
325
331
317
331
319
313
287
300
293
305
292
266
241
250
244
254
245
237
247
239
246
223
217
240
226
212
218
229
236
248
208
214
219
234
241
239
234
236
235
233
211
218
220
228
242
247
233
231
212
217
240
243
230
226
185
184
170
166
172
156
132
128
138
126
141
132
126
130
128
155
148
158
144
160
153
161
165
170
167
157
156
157
162
167
175
181
179
201
178
194
199
197
206
205
223
222
239
195
215
189
195
179
173
165
164
169
175
183
186
175
173
179
181
192
196
195
155
150
139
152
146
162
142
135
134
154
150
170
166
177
173
172
165
174
188
178
189
186
202
199
200
199
201
193
190
200
172
159
155
160
144
160
167
147
144
152
147
162
163
154
159
164
189
178
196
188
204
207
198
197
188
213
212
213
231
224
224
226
231
230
221
235
212
232
240
261
249
273
283
257
267
252
244
242
236
243
233
243
250
221
248
242
260
248
262
270
248
232
233
227
232
243
256
256
268
257
279
285
233
250
237
234
236
207
227
218
238
198
209
192
195
206
194
207
211
220
219
210
232
232
204
188
195
188
196
191
182
198
212
220
230
226
199
204
191
192
196
195
208
189
191
208
195
198
209
203
215
221
231
219
227
215
221
214
215
229
220
225
215
216
227
234
231
253
215
227
201
191
188
184
186
187
185
172
191
192
192
201
215
207
206
194
182
188
189
187
197
179
167
158
159
156
144
159
143
143
132
134
129
129
131
127
131
119
123
117
126
135
139
162
165
187
167
177
190
210
198
196
224
221
224
220
216
219
210
217
207
201
209
209
220
218
226
224
232
241
242
249
252
256
236
245
253
272
233
263
237
277
255
243
292
251
270
258
262
259
257
252
234
252
232
220
213
207
203
209
212
219
217
209
198
193
207
188
217
185
199
175
184
197
218
206
196
184
191
189
181
192
181
193
187
194
210
209
207
208
203
199
193
207
224
221
215
232
235
238
228
236
246
245
230
235
226
232
225
211
221
211
223
251
236
271
243
222
219
198
198
198
189
192
205
213
221
230
206
201
208
215
208
197
181
186
214
196
198
195
214
195
210
192
198
198
182
187
180
185
181
186
184
171
178
166
160
161
143
143
148
154
153
160
167
164
166
159
179
165
174
177
168
168
199
139
154
142
153
142
145
133
141
141
141
120
113
118
115
111
111
112
114
128
114
130
123
129
114
129
108
105
103
105
99
105
100
106
109
118
121
128
118
137
132
144
133
147
139
147
137
138
136
151
127
127
114
112
115
116
130
121
126
119
124
134
137
133
129
117
122
118
135
116
119
114
115
123
119
122
132
134
130
126
125
124
123
135
131
142
146
146
150
151
142
149
153
166
155
160
142
147
142
138
151
134
139
136
124
116
118
108
108
105
105
106
113
114
117
129
116
122
113
113
120
111
117
122
118
134
126
127
136
130
145
135
136
152
167
159
165
154
136
137
146
149
167
166
172
181
172
176
171
177
153
165
157
166
172
167
164
181
163
160
141
129
125
112
102
101
107
108
103
112
112
117
116
130
120
131
112
123
125
135
118
121
116
132
128
136
145
145
159
145
134
144
139
145
155
167
160
171
174
173
183
177
194
183
179
184
177
175
189
188
194
171
186
192
186
196
188
200
210
213
239
231
249
228
235
221
209
191
194
207
198
214
208
225
220
237
215
213
205
208
189
188
202
210
195
183
178
156
154
149
161
167
170
157
144
150
133
137
154
151
151
143
152
156
148
140
142
171
142
151
134
134
130
135
145
135
143
153
166
164
172
155
149
157
141
128
126
129
123
113
115
124
132
141
129
134
126
125
130
136
142
137
139
141
155
143
140
147
147
162
160
162
169
153
160
147
152
139
139
150
147
152
127
134
133
124
119
114
119
123
123
110
98
98
85
90
92
107
86
87
79
77
80
84
90
81
83
78
91
77
78
77
75
80
76
79
78
83
85
84
92
88
91
87
94
97
102
98
105
106
102
107
102
100
96
87
89
