752
920
713
723
694
665
552
546
514
515
553
539
533
515
486
480
429
438
446
403
441
368
377
353
368
356
370
353
366
383
356
354
380
335
332
343
344
357
365
354
402
338
365
374
372
376
402
391
417
381
385
394
399
400
394
406
382
404
394
356
349
352
319
300
286
266
276
254
262
272
290
281
291
277
288
283
277
267
285
301
288
320
311
336
331
321
334
349
326
334
328
332
319
290
286
302
300
309
291
327
342
334
369
348
368
355
341
334
315
297
320
299
294
272
286
276
258
289
271
285
290
267
294
263
235
228
231
228
220
222
233
216
212
194
199
199
221
215
228
215
198
216
205
201
199
188
191
201
198
186
194
179
143
146
130
141
135
149
156
167
171
156
154
162
147
160
174
174
170
183
186
198
171
175
182
186
188
206
214
218
229
231
202
218
209
201
209
188
195
187
165
158
149
156
138
150
158
157
140
125
122
119
122
108
105
110
122
127
137
143
153
164
173
139
132
143
128
140
141
135
135
126
126
132
126
127
126
136
129
135
127
124
116
114
106
116
108
114
117
113
111
104
106
101
103
104
107
107
111
113
123
113
120
115
125
118
138
123
125
112
111
108
104
107
105
108
105
97
98
99
99
102
98
97
101
101
102
106
109
111
121
123
134
117
124
121
133
126
133
127
135
133
140
140
147
136
141
138
132
126
130
125
128
123
133
130
122
118
117
115
120
120
123
128
130
128
138
126
125
125
125
133
141
141
135
129
132
120
116
110
107
108
108
110
110
111
113
112
117
116
129
111
105
101
100
103
102
108
103
110
108
113
118
119
119
125
114
119
116
115
118
121
129
128
124
131
126
125
127
131
127
135
133
131
128
137
132
142
128
138
136
134
137
135
132
142
132
137
139
148
148
146
149
142
138
132
136
128
135
133
137
136
137
149
147
152
163
160
152
166
151
152
155
167
171
175
176
181
182
183
188
166
178
162
159
164
162
178
151
166
164
173
179
172
166
159
150
166
159
135
134
137
134
143
141
135
143
130
136
126
125
126
120
114
109
99
93
90
89
87
87
87
87
87
87
87
87
87
87
87
87
87
87
87
87
87
87
87
87
87
87
87
87
87
87
87
87
87
87
87
87
87
87
87
87
87
87
87
87
87
87
87
87
87
87
87
87
87
87
87
87
87
87
87
87
87
87
87
87
87
87
87
87
87
87
87
87
87
87
87
87
87
87
87
87
87
87
87
87
87
87
87
87
87
87
87
87
87
87
87
87
87
87
87
87
87
87
87
87
87
87
87
87
87
87
87
87
87
87
87
87
87
87
87
87
87
87
87
87
87
87
87
87
87
87
87
87
87
87
87
87
87
87
87
87
87
87
87
87
87
87
87
87
87
87
87
87
87
87
87
87
87
87
87
87
87
87
87
87
87
87
87
87
87
87
87
87
87
87
87
87
87
87
87
87
87
87
87
87
87
87
87
87
87
87
87
87
87
87
87
87
87
87
87
87
87
87
87
87
87
87
87
87
87
87
87
87
87
87
87
87
87
87
87
87
87
87
87
87
87
87
87
87
87
87
87
87
87
87
87
87
87
87
87
87
87
87
87
87
87
87
87
87
87
87
87
87
87
87
87
87
87
87
87
87
87
87
87
87
87
87
87
87
87
87
87
87
87
87
87
87
87
87
87
87
87
87
87
87
87
87
87
87
87
87
87
87
87
87
87
87
87
87
87
87
87
87
87
87
87
87
87
87
87
87
87
87
87
87
87
87
87
87
87
87
87
87
87
87
87
87
87
87
87
87
87
87
87
87
87
87
87
87
87
87
87
87
87
87
87
87
87
87
87
87
87
87
87
87
87
87
87
87
87
87
87
87
87
87
87
87
87
87
87
87
87
87
87
87
87
87
87
87
87
87
87
87
87
87
87
87
87
87
87
87
87
87
87
87
87
87
87
87
87
87
87
87
87
87
87
87
87
87
87
87
87
87
87
87
87
87
87
87
87
87
87
87
87
87
87
87
87
87
87
87
87
87
87
87
87
87
87
87
87
87
87
87
87
87
87
87
87
87
87
87
87
87
87
87
87
87
87
87
87
87
87
87
87
87
87
87
87
87
87
87
87
87
87
87
87
87
87
87
87
87
87
87
87
87
87
87
87
87
87
87
87
87
87
87
87
87
87
87
87
87
87
87
87
87
87
87
87
87
87
87
87
87
87
87
87
87
87
87
87
87
87
87
87
87
87
87
87
87
87
87
87
87
87
87
87
87
87
87
87
87
87
87
87
87
87
