742
874
751
760
676
612
619
609
584
602
580
602
538
527
511
513
503
542
475
481
455
433
419
415
411
394
409
420
430
419
368
369
344
335
321
308
369
325
352
324
334
336
339
349
372
344
371
360
348
366
338
357
336
355
347
349
347
334
353
318
334
317
287
293
313
306
316
319
321
317
327
325
339
333
339
335
346
322
319
299
313
273
257
265
274
264
261
256
261
270
256
256
256
245
258
242
254
231
210
198
195
197
207
209
209
205
228
209
220
216
225
210
222
204
199
187
168
170
159
163
158
145
162
161
184
176
192
185
188
155
166
160
151
152
149
142
151
159
150
143
161
151
162
157
167
158
165
176
179
185
185
209
199
215
211
228
222
213
204
183
193
193
189
181
186
202
176
180
171
169
169
176
165
177
163
185
144
134
141
136
138
137
127
123
111
117
96
92
88
87
81
85
73
74
79
82
99
86
85
86
87
99
89
96
91
101
94
110
103
109
94
95
93
91
96
96
103
98
93
98
95
98
100
97
95
93
98
95
106
101
100
109
112
130
105
113
104
118
115
117
131
127
136
138
134
137
125
127
118
121
118
120
118
122
115
123
127
141
125
127
126
133
142
128
127
123
117
119
124
130
144
135
129
132
129
133
136
157
152
157
168
163
173
165
163
149
157
149
147
146
142
143
139
141
146
142
150
152
158
154
154
156
167
167
162
187
164
160
167
170
150
165
155
142
141
145
146
149
150
155
151
173
166
168
179
180
187
176
173
171
172
192
189
202
198
210
208
217
192
200
190
180
188
185
174
181
178
196
178
174
166
193
162
159
151
163
152
176
155
152
135
130
139
134
145
154
152
157
180
147
155
151
163
152
152
136
126
116
121
123
124
128
132
129
124
124
122
120
123
131
122
133
129
128
131
124
119
123
128
118
124
126
132
141
142
147
142
151
156
144
150
157
151
153
151
144
145
162
150
162
149
159
153
163
173
192
160
169
174
175
173
157
176
147
158
154
148
164
154
180
155
155
160
156
163
160
171
150
149
152
152
137
153
136
137
138
137
147
133
140
132
126
137
137
135
140
131
130
122
121
115
113
115
109
107
116
111
114
116
132
127
138
132
125
135
138
148
149
152
140
140
134
152
151
165
166
170
184
169
178
183
176
184
192
184
188
189
190
181
185
184
188
190
218
191
185
189
186
192
189
189
206
204
191
220
206
202
182
193
187
181
188
178
171
168
163
169
141
157
145
163
171
173
169
178
177
164
165
175
177
177
186
202
198
210
215
193
203
194
208
207
207
214
200
206
197
188
194
208
218
216
204
187
187
178
167
160
162
166
168
165
159
182
167
146
148
151
149
159
156
168
166
166
169
160
165
159
153
164
148
163
153
155
158
148
150
159
173
158
172
174
182
200
187
184
191
193
202
202
205
199
202
193
203
203
208
197
197
173
195
173
172
165
175
186
201
204
210
217
211
231
190
190
189
191
172
191
192
198
181
161
159
148
161
152
154
149
145
155
145
154
159
160
179
178
202
192
213
195
194
203
221
227
212
231
235
250
228
257
254
261
252
252
230
220
222
225
240
218
204
213
212
245
211
210
214
217
237
233
257
272
298
297
311
277
297
284
296
306
289
312
274
296
243
256
245
241
251
216
208
202
179
168
172
159
157
149
151
151
153
136
144
140
138
148
148
170
154
168
169
168
183
174
165
173
175
186
197
168
169
161
157
153
165
159
158
154
152
155
157
161
177
180
168
178
166
169
181
176
166
161
182
166
173
164
153
156
156
155
159
159
163
167
153
159
168
157
167
151
174
152
143
123
121
115
111
122
118
124
128
119
123
118
129
116
119
112
121
119
128
134
141
153
146
148
146
155
159
163
163
177
187
172
165
175
159
169
161
176
176
176
174
191
181
188
170
185
168
188
166
178
175
178
172
188
169
162
169
149
148
161
165
172
171
163
161
176
160
170
163
184
161
166
168
166
186
169
177
176
171
169
153
145
140
145
144
146
141
145
137
141
118
129
122
123
126
130
137
123
112
115
114
131
130
140
128
146
145
111
95
78
73
77
83
80
70
66
62
61
61
59
59
59
59
59
59
59
59
59
59
59
59
59
59
59
59
59
59
59
59
59
59
59
59
59
59
59
59
59
59
59
59
59
59
59
59
59
59
59
59
59
59
59
59
59
59
59
59
59
59
59
59
59
59
59
59
59
59
59
59
59
59
59
59
59
59
59
59
59
59
59
59
59
59
59
59
59
59
59
59
59
59
59
59
59
59
59
59
59
59
