781
875
763
725
664
692
624
619
547
540
497
448
428
400
382
373
344
347
299
310
292
287
289
300
279
302
304
287
294
277
273
281
297
275
297
271
256
241
226
242
234
239
249
250
248
249
244
271
267
284
291
299
296
277
282
293
271
270
297
284
288
295
276
255
255
241
247
254
236
247
264
258
282
240
241
211
228
220
234
216
218
218
220
218
228
238
237
246
249
236
252
237
237
236
245
242
255
237
248
245
243
242
251
241
217
226
227
226
214
216
191
199
201
199
196
193
197
210
196
198
207
213
233
221
236
233
239
227
262
249
244
243
260
291
273
261
269
274
277
250
254
246
218
229
221
208
181
174
174
163
165
165
178
183
183
191
180
193
172
186
169
174
156
175
173
194
186
174
199
182
209
193
209
178
170
175
185
193
187
198
201
204
210
203
218
209
213
218
223
215
218
203
211
205
220
223
233
246
236
259
267
256
250
267
264
280
256
264
265
271
255
240
223
215
205
208
196
181
163
164
154
137
145
152
150
140
128
133
152
124
129
122
130
124
118
104
103
93
90
88
85
93
95
101
101
113
114
125
115
138
145
121
118
119
120
115
100
108
103
112
91
92
82
87
81
90
98
108
102
123
109
126
121
146
130
146
139
145
133
134
138
127
131
131
127
134
127
132
126
131
128
124
126
116
120
120
125
115
114
118
121
120
120
116
104
106
108
103
114
115
104
109
101
98
90
83
89
87
92
104
95
104
101
99
94
98
89
101
91
104
104
101
94
108
93
106
97
103
107
113
106
123
112
116
120
121
123
112
113
114
112
105
112
115
118
137
127
134
107
109
92
82
79
86
84
77
81
73
66
65
65
67
61
62
62
63
66
65
65
73
70
76
69
74
68
73
73
82
79
81
77
83
79
84
80
83
85
86
97
95
85
74
77
75
81
79
93
81
73
67
73
69
74
71
67
64
66
64
66
67
75
63
60
57
56
55
53
52
50
50
50
50
50
50
50
50
50
50
50
50
50
50
50
50
50
50
50
50
50
50
50
50
50
50
50
50
50
50
50
50
50
50
50
50
50
50
50
50
50
50
50
50
50
50
50
50
50
50
50
50
50
50
50
50
50
50
50
50
50
50
50
50
50
50
50
52
47
44
41
41
41
41
41
41
41
41
41
41
41
41
41
41
41
41
41
41
41
41
41
41
41
41
41
41
41
41
41
41
41
41
41
41
41
41
41
41
41
41
41
41
41
41
41
41
41
41
41
41
41
41
41
41
41
41
41
41
41
41
41
41
41
41
41
41
41
41
41
41
41
41
41
41
41
41
41
41
41
41
41
41
41
41
41
41
41
41
41
41
41
41
41
41
41
41
41
41
41
41
41
41
41
41
41
41
41
41
41
41
41
41
41
41
41
41
41
41
41
41
41
41
41
41
41
41
41
41
41
41
41
41
41
41
41
41
41
41
41
41
41
41
41
41
41
41
41
41
41
41
41
41
41
41
41
41
41
41
41
41
41
41
41
41
41
41
41
41
41
41
41
41
41
41
41
41
41
41
41
41
41
41
41
41
41
41
41
41
41
41
41
41
41
41
41
41
41
41
41
41
41
41
41
41
41
41
41
41
41
41
41
41
41
41
41
41
41
41
41
41
41
41
41
41
41
41
41
41
41
41
41
41
41
41
41
41
41
41
41
41
41
41
41
41
41
41
41
41
41
41
41
41
41
41
41
41
41
41
41
41
41
41
41
41
41
41
41
41
41
41
41
41
41
41
41
41
41
41
41
41
41
41
41
41
41
41
41
41
41
41
41
41
41
41
41
41
41
41
41
41
41
41
41
41
41
41
41
41
41
41
41
41
41
41
41
41
41
41
41
41
41
41
41
41
41
41
41
41
41
41
41
41
41
41
41
41
41
41
41
41
41
41
41
41
41
41
41
41
41
41
41
41
41
41
41
41
41
41
41
41
41
41
41
41
41
41
41
41
41
41
41
41
41
41
41
41
41
41
41
41
41
41
41
41
41
41
41
41
41
41
41
41
41
41
41
41
41
41
41
41
41
41
41
41
41
41
41
41
41
41
41
41
41
41
41
41
41
41
41
41
41
41
41
41
41
41
41
41
41
41
41
41
41
41
41
41
41
41
41
41
41
41
41
41
41
41
41
41
41
41
41
41
41
41
41
41
41
41
41
41
41
41
41
41
41
41
41
41
41
41
41
41
41
41
41
41
41
41
41
41
41
41
41
41
41
41
41
41
41
41
41
41
41
41
41
41
41
41
41
41
41
41
