801
882
780
727
739
697
634
658
590
604
543
549
514
481
446
459
424
407
397
377
397
411
380
421
402
396
412
416
451
394
405
416
426
400
410
414
400
390
384
340
344
339
342
341
334
339
302
316
315
309
266
273
266
265
266
278
274
275
282
277
295
268
270
255
254
269
274
259
265
252
270
236
226
235
233
245
242
273
269
256
249
253
254
267
246
256
260
268
278
277
286
279
283
297
301
296
292
275
273
229
238
234
233
214
200
188
200
200
194
201
195
199
200
189
179
169
165
160
140
129
119
109
109
113
113
121
111
114
113
129
117
118
115
126
129
138
144
147
134
140
145
140
133
128
124
124
123
122
130
129
148
141
168
144
163
157
158
159
173
177
184
190
188
177
184
186
180
183
183
182
198
196
178
207
195
192
172
177
177
185
182
185
181
182
162
179
174
191
172
181
175
193
190
203
209
210
235
203
221
202
212
204
194
205
200
223
198
217
189
199
185
217
202
205
179
202
182
183
191
196
207
212
229
193
204
194
202
188
187
179
180
159
163
166
159
169
165
171
184
195
175
160
157
145
146
147
155
158
170
158
171
173
185
198
199
202
233
183
206
181
187
180
181
181
180
181
208
200
203
215
191
181
192
186
206
204
217
201
223
177
191
200
205
223
220
241
208
204
215
210
219
217
209
220
217
222
193
224
212
223
200
203
202
202
195
206
199
210
200
193
198
195
185
209
181
187
173
176
160
172
164
167
168
165
166
160
174
168
156
150
151
159
157
152
183
176
168
184
175
197
176
147
162
160
173
171
173
186
186
213
186
194
204
195
192
181
198
194
189
166
180
182
184
184
196
191
184
184
198
176
200
174
210
167
187
173
164
143
132
152
145
153
146
166
161
190
195
207
215
234
241
272
254
242
234
235
240
264
268
244
258
247
262
243
273
243
232
241
237
244
238
235
222
235
245
255
240
237
237
235
270
239
228
211
219
221
210
202
198
200
211
207
212
219
222
230
213
207
214
212
202
204
212
184
188
178
180
200
177
199
186
197
202
205
206
196
203
195
199
185
177
181
186
170
185
190
191
174
165
187
180
186
183
195
195
212
220
220
235
189
199
183
176
168
177
175
190
179
179
191
201
194
215
208
204
206
206
198
217
198
209
223
213
231
230
242
236
212
237
247
251
246
268
262
243
237
231
226
222
230
203
218
200
216
220
218
238
209
215
202
208
197
195
198
174
174
159
170
173
173
174
171
171
161
183
176
196
183
195
190
198
189
187
158
183
156
163
164
162
167
161
167
169
164
182
185
174
181
167
164
160
157
148
147
153
147
136
137
144
141
138
134
139
138
134
141
126
123
125
129
127
134
135
141
140
143
141
139
141
144
159
151
146
142
140
147
152
155
157
156
159
172
161
167
161
171
161
174
168
171
155
167
153
176
146
154
154
151
159
151
148
152
147
151
162
176
175
186
180
186
193
211
172
173
177
175
191
182
182
193
189
193
186
193
180
185
184
182
173
185
185
198
186
204
192
212
204
208
202
204
208
192
195
184
182
175
198
174
175
174
172
185
175
196
168
164
164
159
162
140
145
130
136
133
137
138
147
153
149
150
159
144
145
137
146
141
149
143
148
136
152
145
154
151
154
145
146
143
144
139
138
144
145
149
158
158
145
139
135
134
136
136
131
135
134
135
129
134
136
138
143
145
147
138
144
153
157
148
158
162
165
167
153
159
156
161
167
156
146
149
160
159
162
165
161
156
156
165
155
150
149
137
129
127
129
117
124
123
123
124
115
111
110
111
113
114
120
116
116
116
118
122
122
130
122
130
120
119
121
111
108
106
110
110
110
110
110
110
110
110
110
110
110
110
110
110
110
110
110
110
110
110
110
110
110
110
110
110
110
110
110
110
110
110
110
110
110
110
110
110
110
110
110
110
110
110
110
110
110
110
110
110
110
110
110
110
110
110
110
110
110
110
110
110
110
110
110
110
110
110
110
110
110
110
110
110
110
110
110
110
110
110
110
110
110
110
110
110
110
110
110
110
110
110
110
110
110
110
110
110
110
110
110
110
110
110
110
110
110
110
110
110
110
110
110
110
110
110
110
110
110
110
110
110
110
110
110
110
110
110
110
110
110
110
110
110
110
110
110
110
110
110
110
110
110
110
110
110
110
110
110
110
110
110
110
110
110
110
110
110
110
110
110
110
110
110
110
110
110
110
110
110
110
110
110
110
110
110
110
110
110
110
110
110
110
110
110
110
110
110
110
110
110
110
110
110
110
110
110
110
