720
854
724
697
658
663
628
654
596
589
612
611
589
531
506
528
496
458
486
438
459
441
417
413
465
478
458
433
426
441
440
424
432
421
401
411
383
435
399
403
398
382
396
398
403
418
393
398
380
341
325
327
292
284
281
296
277
274
276
259
268
268
259
279
267
238
257
255
258
258
254
256
276
262
267
266
268
264
289
255
243
256
273
268
275
276
283
291
289
303
299
349
330
364
359
348
364
354
334
318
299
306
300
278
283
285
264
274
274
266
291
278
275
283
303
311
324
319
344
339
318
320
344
313
299
305
291
300
287
296
309
305
343
335
344
363
327
343
330
322
300
282
267
273
268
248
263
269
278
270
306
277
262
237
242
229
226
218
200
196
205
194
184
203
178
189
189
196
194
187
200
174
175
159
159
155
147
152
159
170
154
168
169
186
172
187
180
189
171
184
197
203
195
187
174
178
177
175
190
184
190
194
192
223
194
214
180
191
189
184
210
223
197
199
182
201
169
168
156
161
161
164
170
159
165
150
163
163
185
188
189
192
162
146
141
143
144
152
154
170
169
167
184
190
195
186
195
226
209
222
217
244
226
235
233
217
216
212
210
220
213
210
220
212
231
202
215
201
197
189
193
166
175
168
176
151
153
139
158
140
143
152
157
162
161
169
168
187
205
197
208
213
241
201
220
215
252
222
227
216
231
221
226
215
195
199
201
213
199
200
189
189
174
169
163
158
147
142
143
150
165
161
168
168
182
177
159
173
164
162
160
151
147
137
139
145
148
151
144
143
139
134
129
132
139
148
147
158
155
163
150
156
159
161
166
160
174
172
173
171
173
181
174
178
179
169
159
154
145
144
150
160
152
150
154
148
151
150
137
140
124
122
122
116
116
113
115
106
104
107
105
103
106
106
107
114
107
110
112
111
113
117
111
114
119
118
118
120
117
115
119
121
126
121
125
121
116
113
115
113
116
114
112
116
112
111
110
113
116
120
114
122
120
124
120
127
116
124
117
126
117
118
118
122
124
111
109
108
110
106
110
107
108
109
115
115
120
129
126
130
138
135
140
136
144
138
132
137
150
139
149
138
152
134
144
129
125
126
124
131
136
144
141
160
160
154
152
162
151
154
148
151
163
162
165
156
157
147
145
140
139
146
154
137
141
151
134
133
132
123
132
133
142
141
148
151
145
146
151
146
143
150
155
153
170
147
135
147
146
149
150
144
139
152
140
132
132
129
132
140
136
150
146
150
152
170
144
154
150
158
143
132
128
119
112
111
110
104
105
104
107
110
109
108
103
101
99
97
96
94
94
94
94
94
94
94
94
94
94
94
94
94
94
94
94
94
94
94
94
94
94
94
94
94
94
94
94
94
94
94
94
94
94
94
94
94
94
94
94
94
94
94
94
94
94
94
94
94
94
94
94
94
94
94
94
94
94
94
94
94
94
94
94
94
94
94
94
94
94
94
94
94
94
94
94
94
94
94
94
94
94
94
94
94
94
94
94
94
94
94
94
94
94
94
94
94
94
94
94
94
94
94
94
94
94
94
94
94
94
94
94
94
94
94
94
94
94
94
94
94
94
94
94
94
94
94
94
94
94
94
94
94
94
94
94
94
94
94
94
94
94
94
94
94
94
94
94
94
94
94
94
94
94
94
94
94
94
94
94
94
94
94
94
94
94
94
94
94
94
94
94
94
94
94
94
94
94
94
94
94
94
94
94
94
94
94
94
94
94
94
94
94
94
94
94
94
94
94
94
94
94
94
94
94
94
94
94
94
94
94
94
94
94
94
94
94
94
94
94
94
94
94
94
94
94
94
94
94
94
94
94
94
94
94
94
94
94
94
94
94
94
94
94
94
94
94
94
94
94
94
94
94
94
94
94
94
94
94
94
94
94
94
94
94
94
94
94
94
94
94
94
94
94
94
94
94
94
94
94
94
94
94
94
94
94
94
94
94
94
94
94
94
94
94
94
94
94
94
94
94
94
94
94
94
94
94
94
94
94
94
94
94
94
94
94
94
94
94
94
94
94
94
94
94
94
94
94
94
94
94
94
94
94
94
94
94
94
94
94
94
94
94
94
94
94
94
94
94
94
94
94
94
94
94
94
94
94
94
94
94
94
94
94
94
94
94
94
94
94
94
94
94
94
94
94
94
94
94
94
94
94
94
94
94
94
94
94
94
94
94
94
94
94
94
94
94
94
94
94
94
94
94
94
94
94
94
94
94
94
94
94
94
94
94
94
94
94
94
94
94
94
94
94
94
94
94
94
94
94
94
