729
819
760
734
708
670
686
636
650
623
574
552
514
496
522
492
454
432
403
397
376
406
362
394
388
439
385
422
404
375
380
345
342
351
339
305
319
280
293
268
256
261
232
228
226
223
240
242
246
261
241
227
239
223
258
233
253
219
225
205
226
207
218
191
211
187
192
176
176
169
169
185
188
196
185
193
169
185
170
181
190
177
177
202
192
189
163
189
172
179
186
160
172
173
177
181
183
199
189
185
193
197
192
198
196
188
183
192
174
172
185
179
192
171
197
185
175
192
171
181
173
154
161
183
174
205
193
207
208
186
204
185
180
175
175
181
198
181
196
184
186
190
179
194
187
201
192
195
196
207
191
195
175
165
171
151
141
132
137
136
142
158
164
171
171
171
174
162
157
168
170
156
158
157
162
145
147
149
154
153
152
151
156
163
162
166
174
164
169
167
154
146
154
156
162
158
151
146
141
142
148
165
151
176
162
160
155
169
160
177
177
168
192
180
183
186
192
199
211
224
207
196
189
207
194
199
188
173
141
150
133
146
140
141
134
149
131
123
129
118
127
117
119
120
104
105
103
100
97
97
98
100
96
105
97
113
105
123
109
116
116
126
105
110
109
114
113
114
120
107
102
114
105
105
107
108
110
119
110
117
103
105
108
109
109
114
108
96
94
85
84
88
79
84
86
88
90
99
90
100
100
114
104
121
100
91
93
86
85
81
83
85
88
85
86
92
90
93
86
87
87
81
81
81
83
88
86
100
94
118
102
121
104
112
117
125
123
118
116
111
131
114
120
109
109
95
97
92
96
91
84
89
88
88
84
78
85
78
82
86
86
87
90
95
95
95
102
98
107
106
100
103
104
97
99
103
93
95
97
92
97
98
101
95
94
96
100
105
112
106
103
106
115
113
121
125
125
135
140
150
149
125
145
123
140
120
125
117
130
117
120
113
120
135
141
117
128
115
119
114
119
126
125
131
121
121
106
130
122
127
125
139
143
138
126
140
121
139
117
130
144
134
135
152
135
150
137
157
134
141
139
139
135
135
141
154
150
144
149
157
139
168
153
146
154
158
154
171
133
155
138
144
154
146
129
136
122
133
126
139
123
143
138
122
131
133
119
127
132
122
139
128
135
132
144
126
132
132
129
125
128
126
133
130
137
148
152
136
135
148
155
151
139
142
140
144
168
146
170
138
142
140
132
140
131
133
145
137
158
147
139
124
134
111
129
108
117
104
103
104
96
98
93
100
89
93
92
86
88
88
83
77
71
74
69
78
68
71
66
73
67
68
72
65
65
64
66
64
67
65
70
71
75
75
75
84
79
77
87
84
86
89
92
90
85
92
99
90
96
95
108
99
100
98
105
105
119
110
114
125
103
113
113
110
112
112
112
128
113
126
115
118
124
108
119
113
111
112
101
117
123
134
123
113
119
98
97
100
97
92
95
95
98
95
103
98
91
93
96
86
95
90
92
93
96
95
92
95
91
93
100
100
107
104
111
108
119
103
109
115
106
109
104
97
90
99
97
102
93
102
88
84
84
87
88
90
88
89
96
104
101
112
104
107
113
125
120
122
117
120
117
125
132
145
149
159
137
144
141
131
152
142
152
146
145
138
143
133
135
145
135
144
145
148
154
159
176
165
178
177
158
176
162
170
156
156
150
153
167
165
157
174
149
159
149
162
164
169
188
176
195
182
177
187
203
210
213
201
189
205
208
208
183
187
188
188
181
191
194
180
177
170
178
181
176
198
183
182
187
207
188
187
188
192
216
220
220
216
210
198
170
176
181
179
168
150
157
155
172
142
146
146
152
129
128
106
102
101
106
107
113
127
126
136
141
150
157
149
169
162
185
179
195
173
198
201
222
201
217
206
212
215
204
207
212
183
202
190
199
195
194
191
198
198
212
192
185
183
197
212
226
203
212
210
216
228
239
242
254
237
248
247
232
222
223
224
214
215
215
224
226
259
254
253
270
270
275
246
258
261
250
236
258
235
218
210
195
188
187
201
181
180
192
180
213
193
196
195
205
208
202
214
213
224
224
226
259
241
271
252
267
252
269
281
286
287
274
293
293
251
242
249
245
273
249
259
263
239
225
232
256
230
230
239
247
240
239
237
272
248
260
268
289
302
296
304
302
295
285
320
310
312
324
278
301
290
275
289
270
284
255
267
252
285
295
293
318
308
288
290
324
315
310
310
295
283
298
294
329
347
296
302
272
257
249
234
234
253
246
261
248
255
249
237
246
250
255
263
267
283
257
256
256
255
262
261
265
276
258
279
