743
829
678
692
674
634
636
601
582
563
569
562
537
494
477
473
485
490
462
473
427
475
455
498
411
441
415
421
407
407
405
404
412
399
454
406
428
428
424
431
415
369
345
362
360
341
354
360
364
355
345
368
380
360
383
360
338
308
321
307
298
297
286
333
292
300
305
319
307
314
311
322
284
273
298
269
272
268
279
283
288
269
288
275
265
278
251
278
293
305
274
296
298
340
315
299
293
304
303
279
302
271
278
256
258
275
270
276
296
328
334
309
283
302
283
299
285
281
302
300
302
316
335
341
329
329
307
336
298
314
297
283
293
295
314
333
345
356
369
369
363
382
339
366
346
382
374
377
368
366
345
346
328
307
299
283
294
281
259
252
278
245
244
240
232
249
228
206
228
206
220
207
211
198
215
210
217
218
226
218
204
212
224
214
216
232
214
231
200
204
194
188
188
207
208
178
173
176
170
146
153
148
142
158
157
163
159
152
159
137
145
150
161
138
166
135
152
149
153
157
151
157
162
162
170
168
170
160
160
160
164
170
174
179
171
188
151
169
150
169
145
148
149
155
169
173
177
177
179
178
168
178
162
179
156
171
154
146
162
152
152
169
144
152
132
146
140
151
143
138
152
141
149
144
143
152
159
166
179
167
174
191
193
205
197
184
184
176
171
169
180
192
189
178
179
167
168
171
180
173
191
187
195
197
207
219
203
202
227
207
222
214
228
222
229
211
229
219
252
217
225
245
243
245
233
242
240
235
219
207
207
195
193
194
193
220
206
230
207
198
195
192
173
185
184
193
218
222
224
207
196
207
201
214
206
234
221
242
224
238
243
252
269
258
275
262
296
256
278
271
255
246
220
238
242
233
232
213
211
222
228
231
231
233
231
234
246
241
235
210
211
197
184
207
176
162
164
179
185
194
180
200
185
193
196
209
218
219
218
237
224
270
243
273
243
247
236
212
216
189
202
184
192
171
162
166
166
163
172
179
171
167
173
174
167
164
176
163
184
169
173
174
178
186
166
167
168
167
176
159
166
155
185
157
157
167
148
156
143
150
143
149
152
151
139
129
131
126
130
133
137
137
156
143
165
160
168
168
184
189
191
198
171
172
157
156
145
141
152
143
155
153
159
151
150
152
169
154
151
148
149
151
146
156
146
143
138
132
130
128
132
130
141
130
142
140
145
128
126
124
127
133
132
125
131
134
136
135
134
130
137
130
129
116
127
128
127
145
133
124
128
131
139
145
137
148
151
157
142
141
138
135
125
125
119
109
107
104
100
90
100
98
105
99
109
101
102
91
89
90
90
93
99
96
112
102
131
105
111
115
122
124
132
114
114
112
120
122
123
109
120
117
127
128
138
138
151
149
136
127
125
131
132
136
139
135
127
126
126
132
123
130
123
113
114
114
116
123
122
127
127
124
117
125
113
117
115
114
115
119
107
110
105
101
106
101
99
93
94
100
100
113
110
115
114
134
103
101
101
101
104
101
111
98
100
103
101
100
105
110
114
112
108
107
106
112
124
133
133
126
120
117
111
109
110
118
110
126
115
134
116
126
116
115
119
125
125
126
133
148
137
154
137
147
144
152
157
174
154
166
172
182
188
180
182
177
171
180
168
164
154
157
171
151
159
158
157
162
159
174
164
169
163
159
158
154
136
127
141
134
147
145
170
145
162
150
156
172
144
152
139
139
129
130
115
115
122
103
104
101
102
97
98
96
100
100
102
102
105
100
105
98
103
99
107
100
105
103
95
96
99
102
105
112
109
119
117
118
126
120
120
125
121
130
126
132
127
127
133
129
131
131
127
127
111
113
107
107
114
97
95
87
93
87
88
81
76
75
75
75
75
75
75
75
75
75
75
75
75
75
75
75
75
75
75
75
75
75
75
75
75
75
75
75
75
75
75
75
75
75
75
75
75
75
75
75
75
75
75
75
75
75
75
75
75
75
75
75
75
75
75
75
75
75
75
75
75
75
75
75
75
75
75
75
75
75
75
75
75
75
75
75
75
75
75
75
75
75
75
75
75
75
75
75
75
75
75
75
75
75
75
75
75
75
75
75
75
75
75
75
75
75
75
75
75
75
75
75
75
75
75
75
75
75
75
75
75
75
75
75
75
75
75
75
75
75
75
75
75
75
75
75
75
75
75
75
75
75
75
75
75
75
75
75
75
75
75
75
75
75
75
75
75
75
75
75
75
75
75
75
75
75
75
75
75
75
75
75
75
75
75
75
75
75
75
75
75
75
75
75
75
75
75
75
75
75
75
75
75
75
