744
853
688
704
678
641
624
609
571
566
529
498
508
463
482
464
468
427
411
409
418
427
401
405
410
426
413
408
438
389
376
379
366
391
361
381
351
372
320
330
307
329
296
305
321
297
303
293
300
300
336
317
305
322
295
322
290
282
317
296
338
297
347
302
301
301
293
311
311
319
317
318
303
279
277
260
253
270
245
262
245
245
241
234
242
244
229
217
209
216
199
223
203
201
205
211
219
202
206
211
194
194
193
204
181
188
191
196
189
211
204
212
212
222
219
199
224
221
203
207
224
225
236
232
234
216
203
233
229
226
245
225
229
256
244
251
247
242
253
236
235
243
242
249
252
255
250
272
247
277
227
237
207
207
226
211
199
203
192
208
205
218
213
220
232
228
242
252
242
238
229
243
242
245
215
214
213
215
222
211
210
204
207
200
211
211
220
227
240
256
237
216
218
210
219
207
185
197
188
200
176
179
181
189
171
175
174
191
173
176
168
169
162
165
164
180
188
176
175
191
192
198
184
170
187
176
167
167
177
185
192
200
196
194
192
192
209
217
229
206
221
200
203
186
169
157
151
142
148
149
147
148
148
152
133
144
132
139
136
141
135
142
129
145
146
152
156
174
174
161
164
175
163
174
176
180
181
187
179
176
160
160
148
149
152
147
150
153
151
154
151
143
145
136
141
142
137
138
143
146
157
159
149
152
152
165
168
180
165
146
133
135
128
131
117
110
99
101
93
92
88
93
86
83
82
90
79
82
83
82
83
81
88
81
97
81
86
81
81
82
84
94
94
94
86
80
78
74
66
65
59
56
54
54
54
54
54
54
54
54
54
54
54
54
54
54
54
54
54
54
54
54
54
54
54
54
54
54
54
54
54
54
54
54
54
54
54
54
54
54
54
54
54
54
54
54
54
54
54
54
54
54
54
54
54
54
54
54
54
54
54
54
54
54
54
54
54
54
54
54
54
54
54
54
54
54
54
54
54
54
54
54
54
54
54
54
54
54
54
54
54
54
54
54
54
54
54
54
54
54
54
54
54
54
54
54
54
54
54
54
54
54
54
54
54
54
54
54
54
54
54
54
54
54
54
54
54
54
54
54
54
54
54
54
54
54
54
54
54
54
54
54
54
54
54
54
54
54
54
54
54
54
54
54
54
54
54
54
54
54
54
54
54
54
54
54
54
54
54
54
54
54
54
54
54
54
54
54
54
54
54
54
54
54
54
54
54
54
54
54
54
54
54
54
54
54
54
54
54
54
54
54
54
54
54
54
54
54
54
54
54
54
54
54
54
54
54
54
54
54
54
54
54
54
54
54
54
54
54
54
54
54
54
54
54
54
54
54
54
54
54
54
54
54
54
54
54
54
54
54
54
54
54
54
54
54
54
54
54
54
54
54
54
54
54
54
54
54
54
54
54
54
54
54
54
54
54
54
54
54
54
54
54
54
54
54
54
54
54
54
54
54
54
54
54
54
54
54
54
54
54
54
54
54
54
54
54
54
54
54
54
54
54
54
54
54
54
54
54
54
54
54
54
54
54
54
54
54
54
54
54
54
54
54
54
54
54
54
54
54
54
54
54
54
54
54
54
54
54
54
54
54
54
54
54
54
54
54
54
54
54
54
54
54
54
54
54
54
54
54
54
54
54
54
54
54
54
54
54
54
54
54
54
54
54
54
54
54
54
54
54
54
54
54
54
54
54
54
54
54
54
54
54
54
54
54
54
54
54
54
54
54
54
54
54
54
54
54
54
54
54
54
54
54
54
54
54
54
54
54
54
54
54
54
54
54
54
54
54
54
54
54
54
54
54
54
54
54
54
54
54
54
54
54
54
54
54
54
54
54
54
54
54
54
54
54
54
54
54
54
54
54
54
54
54
54
54
54
54
54
54
54
54
54
54
54
54
54
54
54
54
54
54
54
54
54
54
54
54
54
54
54
54
54
54
54
54
54
54
54
54
54
54
54
54
54
54
54
54
54
54
54
54
54
54
54
54
54
54
54
54
54
54
54
54
54
54
54
54
54
54
54
54
54
54
54
54
54
54
54
54
54
54
54
54
54
54
54
54
54
54
54
54
54
54
54
54
54
54
54
54
54
54
54
54
54
54
54
54
54
54
54
54
54
54
54
54
54
54
54
54
54
54
54
54
54
54
54
54
54
54
54
54
54
54
54
54
54
54
54
54
54
54
54
54
54
54
54
54
54
54
54
54
54
54
54
54
54
54
54
54
54
54
54
54
54
54
54
54
54
54
54
54
54
54
54
54
54
54
54
