750
849
735
704
603
557
570
573
526
498
496
499
472
453
466
457
446
436
436
436
462
418
469
425
441
422
409
425
405
421
387
395
399
427
411
389
411
369
363
364
352
363
356
372
376
373
344
370
351
352
328
337
296
299
275
274
258
249
243
251
274
263
297
290
340
305
323
311
343
331
352
350
319
327
313
334
318
350
352
326
314
344
321
348
304
317
337
311
319
328
298
309
326
325
335
342
333
327
345
364
382
365
390
392
375
350
326
316
310
320
325
316
338
326
352
330
358
334
329
336
324
342
322
347
351
357
344
388
377
371
376
365
383
402
395
417
391
380
376
332
328
329
344
308
330
320
310
298
305
282
305
274
283
250
259
256
250
247
255
248
259
260
281
290
260
274
246
265
229
212
231
210
220
216
237
245
237
223
213
196
209
187
196
186
197
186
180
162
158
149
167
154
170
173
184
196
204
212
219
230
241
227
239
251
234
249
244
234
249
247
233
220
204
216
209
202
213
212
222
221
210
231
201
195
200
188
213
185
193
188
225
207
224
234
228
252
231
263
240
241
263
260
261
271
244
282
236
261
234
249
252
238
211
212
220
209
200
195
195
211
215
198
201
199
192
208
202
181
164
168
159
185
181
204
177
188
168
171
175
170
182
185
174
184
180
197
178
180
192
187
199
187
186
190
192
177
175
165
171
170
172
173
173
168
187
174
197
185
208
190
197
187
187
183
183
194
199
204
203
216
216
210
218
204
209
218
199
191
190
188
188
191
180
174
186
167
165
168
148
161
147
157
160
185
165
162
181
172
206
188
203
194
207
200
217
203
211
212
214
217
216
197
213
202
224
209
198
184
200
189
204
182
171
194
180
181
182
195
192
193
209
206
211
194
211
190
205
202
204
221
212
221
222
247
228
266
254
288
245
277
255
274
235
234
243
229
259
264
254
266
250
281
260
264
300
314
321
302
326
302
338
309
343
301
335
299
302
307
312
303
288
291
276
279
245
243
243
214
207
205
212
228
235
221
244
231
231
234
241
233
230
241
244
238
237
243
248
249
243
245
253
248
270
254
259
268
255
249
242
246
262
258
262
270
299
278
288
273
298
276
287
283
290
305
280
271
265
270
276
266
251
289
282
298
325
299
329
346
358
354
302
312
300
299
298
298
316
304
333
297
346
282
323
297
298
304
328
271
271
248
268
258
274
260
262
248
236
248
243
255
229
234
220
210
191
202
207
222
202
225
217
260
257
279
241
248
250
271
239
242
242
241
237
246
250
244
242
242
253
239
203
195
199
198
193
205
216
215
220
220
222
217
236
229
235
219
221
200
200
189
179
185
172
186
170
166
161
172
170
171
160
158
156
153
168
154
155
150
142
134
133
138
145
136
134
129
140
125
134
121
122
122
130
129
143
138
142
152
154
152
138
138
124
130
129
133
141
127
133
132
134
144
126
133
133
135
137
132
141
147
146
152
151
148
137
141
132
136
123
129
125
127
122
123
122
122
126
125
117
117
114
113
113
113
113
113
113
113
113
113
113
113
113
113
113
113
113
113
113
113
113
113
113
113
113
113
113
113
113
113
113
113
113
113
113
113
113
113
113
113
113
113
113
113
113
113
113
114
114
118
115
119
109
106
104
105
104
103
104
103
101
100
98
98
98
98
98
98
98
98
98
98
98
98
98
98
98
98
98
98
98
98
98
98
98
98
98
98
98
98
98
98
98
98
98
98
98
98
98
98
98
98
98
98
98
98
98
98
98
98
98
98
98
98
98
98
98
98
98
98
98
98
98
98
98
98
98
98
98
98
98
98
98
98
98
98
98
98
98
98
98
98
98
98
98
98
98
98
98
98
98
98
98
98
98
98
98
98
98
98
98
98
98
98
98
98
98
98
98
98
98
98
98
98
98
98
98
98
98
98
98
98
98
98
98
98
98
98
98
98
98
98
98
98
98
98
98
98
98
98
98
98
98
98
98
98
98
98
98
98
98
98
98
98
98
98
98
98
98
98
98
98
98
98
98
98
98
98
98
98
98
98
98
98
98
98
98
98
98
98
98
98
98
98
98
98
98
98
98
98
98
98
98
98
98
98
98
98
98
98
98
98
98
98
98
98
98
98
98
98
98
98
98
98
98
98
98
98
98
98
98
98
98
98
98
98
98
98
98
98
98
98
98
98
98
98
98
98
98
98
98
98
98
98
98
98
98
98
98
98
98
98
98
98
98
98
98
98
98
98
98
98
98
98
98
98
98
98
98
98
98
98
98
98
98
98
98
98
98
98
