735
891
729
742
662
645
652
585
558
553
528
498
461
482
451
456
418
417
367
385
341
405
380
391
364
388
364
372
365
364
355
383
355
410
402
380
372
362
358
336
361
331
351
336
348
345
360
352
362
357
329
340
322
315
296
301
324
301
303
310
337
324
339
343
345
310
312
311
290
304
301
301
284
276
239
238
221
201
207
205
185
188
190
190
186
192
195
197
177
184
176
170
176
180
161
155
166
158
164
161
163
171
180
186
187
180
178
175
161
165
160
162
162
167
173
167
170
178
168
167
164
159
149
162
151
167
143
142
137
154
143
166
145
131
123
119
133
128
138
126
135
126
129
131
131
148
128
135
126
129
131
128
129
136
137
131
138
131
126
134
147
158
168
160
169
174
170
175
172
184
174
171
177
169
175
186
180
185
175
168
181
177
189
173
172
171
191
188
191
202
187
184
183
178
197
196
199
195
190
192
191
191
177
188
195
171
185
185
190
178
180
191
188
177
170
165
160
154
171
175
159
181
149
147
156
155
163
154
146
148
145
139
124
122
116
113
108
109
121
108
118
108
103
106
115
114
114
113
120
116
125
136
140
139
141
129
143
117
118
116
107
124
117
128
127
116
110
107
110
103
103
106
109
119
110
117
120
115
114
120
108
112
111
102
115
105
116
107
118
116
127
129
143
138
142
126
142
137
127
139
136
151
139
148
140
147
151
135
129
121
123
116
124
117
137
117
119
116
132
128
127
132
137
140
130
134
127
133
141
141
143
136
146
148
172
157
161
158
167
166
168
189
189
204
206
191
202
176
176
165
163
154
177
151
155
167
176
165
163
152
152
154
145
149
153
166
159
173
168
165
164
153
165
181
176
168
170
165
169
180
160
170
156
157
162
152
166
153
155
140
140
133
147
141
149
140
148
151
153
160
165
169
188
181
198
179
185
195
182
191
173
163
177
176
182
174
165
156
169
173
162
166
160
149
170
164
166
184
157
188
177
215
210
226
246
261
241
226
224
228
212
218
225
233
228
233
243
229
238
249
250
227
225
196
214
203
209
203
199
216
212
213
199
213
187
185
191
197
184
207
184
188
181
187
172
174
158
163
147
167
167
175
170
171
152
151
160
151
153
163
170
172
153
165
162
162
138
150
155
154
151
155
144
150
150
147
143
136
133
132
134
124
136
120
118
111
119
119
108
115
117
110
113
121
121
125
114
127
117
120
108
108
111
112
120
123
120
129
130
160
125
125
119
132
131
135
122
127
116
115
122
122
126
128
124
125
128
125
126
118
126
108
111
107
100
113
106
115
105
106
101
105
110
110
111
118
121
128
113
112
118
117
116
116
111
115
116
107
102
90
80
72
72
68
69
72
70
68
68
65
66
66
67
68
70
75
71
65
63
64
65
69
68
70
75
73
87
78
88
83
92
99
114
103
115
117
135
125
132
140
140
149
158
147
162
156
179
169
176
179
160
150
162
159
158
143
147
143
141
146
150
142
155
126
143
112
113
112
115
120
108
110
115
96
97
100
98
92
94
92
98
104
103
94
102
104
101
85
80
82
79
74
78
79
85
75
81
78
84
83
86
88
85
86
90
87
89
92
101
92
96
87
93
86
83
86
81
83
78
75
81
85
86
88
103
91
86
88
97
100
94
101
100
101
108
90
87
83
80
76
76
64
61
58
58
55
52
54
57
64
63
70
68
67
67
77
74
78
90
84
90
87
93
88
85
78
74
76
74
70
60
61
61
55
55
54
55
54
55
54
53
56
56
58
58
59
57
63
56
54
57
53
51
48
50
50
50
50
50
50
50
50
50
50
50
50
50
50
50
50
50
50
50
50
50
50
50
50
50
50
50
50
50
50
50
50
50
50
50
50
50
50
50
50
50
50
50
50
50
50
50
50
50
50
50
50
50
50
50
50
50
50
50
50
50
50
50
50
50
50
50
50
50
50
50
50
50
50
50
50
50
50
50
50
50
50
50
50
50
50
50
50
50
50
50
50
50
50
50
50
50
50
50
50
50
50
50
50
50
50
50
50
50
50
50
50
50
50
50
50
50
50
50
50
50
50
50
50
50
50
50
50
50
50
50
50
50
50
50
50
50
50
50
50
50
50
50
50
50
50
50
50
50
50
50
50
50
50
50
50
50
50
50
50
50
50
50
50
50
50
50
50
50
50
50
50
50
50
50
50
50
50
50
50
50
50
50
50
50
50
50
50
50
50
50
50
50
50
50
50
50
50
50
50
50
50
50
50
50
50
50
50
50
50
50
50
50
50
50
50
