765
835
699
675
610
595
548
540
502
489
460
482
451
475
462
463
458
420
442
411
403
404
394
414
413
409
401
372
332
359
345
350
360
357
360
366
378
372
389
396
399
395
374
391
386
391
399
371
355
379
381
405
356
333
345
339
376
341
357
365
368
380
387
393
407
407
411
388
406
370
387
381
368
353
359
355
366
348
336
340
303
333
308
326
307
322
295
321
305
325
315
339
330
346
346
340
332
345
342
350
320
339
274
312
284
284
295
289
288
274
288
296
305
302
299
286
287
296
286
293
277
281
288
292
286
284
268
252
248
246
264
275
294
267
293
251
290
245
252
247
233
237
231
230
221
246
234
227
227
226
236
219
247
216
225
212
212
190
213
180
185
159
161
155
165
146
165
154
154
160
153
146
139
136
127
120
124
126
120
137
118
120
110
115
111
117
100
104
109
111
127
124
114
110
108
118
123
139
139
144
159
144
149
155
147
149
153
164
158
172
177
188
179
203
178
172
189
182
218
177
188
202
185
193
175
174
174
172
185
154
146
144
144
143
161
156
184
164
203
181
186
184
198
163
186
159
169
156
155
167
174
189
171
184
178
187
178
196
200
207
189
212
211
201
200
182
181
188
176
168
168
176
159
144
144
139
136
144
138
145
169
153
157
149
137
134
134
149
153
163
155
155
142
141
134
137
134
136
150
153
160
145
147
136
133
132
141
149
153
172
175
163
164
158
175
146
152
152
120
122
113
114
114
108
113
121
114
129
128
128
117
125
120
120
121
121
132
120
121
124
108
113
117
121
124
129
135
142
146
140
149
142
148
146
157
147
153
139
147
141
135
132
150
131
164
128
132
139
154
145
163
163
147
144
157
156
174
163
164
177
180
188
167
170
168
165
162
180
184
184
164
160
164
161
164
143
161
143
149
122
134
143
155
159
163
173
184
180
179
193
192
209
213
220
216
218
207
186
179
175
163
166
154
162
175
177
170
175
189
185
188
185
187
185
202
194
198
161
173
168
169
177
179
202
225
209
219
220
251
223
237
238
257
243
243
228
225
231
251
260
248
226
219
216
220
204
212
212
207
224
183
194
185
191
198
192
192
197
210
213
225
216
245
209
225
229
226
223
229
216
227
219
219
189
197
199
203
227
206
204
199
188
185
205
197
208
203
221
228
226
217
224
209
234
226
239
227
243
230
216
218
210
224
191
204
161
162
149
162
154
139
139
134
147
142
132
108
107
102
108
98
106
107
112
115
116
126
130
137
145
175
155
171
143
158
133
156
137
156
148
157
142
143
139
132
122
127
128
130
145
141
130
141
135
138
144
157
141
136
142
132
137
124
117
113
102
127
97
100
104
108
110
107
98
103
101
107
121
107
125
105
120
113
110
106
118
114
119
119
120
105
111
109
103
106
103
116
111
115
110
124
118
111
127
129
129
124
126
116
116
113
119
121
127
124
137
132
148
138
142
156
156
165
155
154
152
181
166
170
163
179
169
164
159
177
152
147
151
151
154
139
127
131
125
135
137
140
138
137
130
118
121
120
126
123
138
124
131
151
134
150
144
150
175
150
167
162
175
182
173
170
171
161
166
160
149
127
138
140
145
151
155
178
167
171
177
177
195
168
183
179
166
192
138
151
136
138
148
160
142
148
131
125
143
127
134
127
134
130
137
146
138
159
156
167
160
182
154
178
170
189
192
212
212
204
227
204
235
204
209
197
209
179
183
144
149
143
152
154
151
156
148
168
155
169
165
159
168
172
183
163
183
175
177
182
170
197
179
182
181
190
197
203
226
208
213
189
201
196
215
216
234
230
212
257
244
249
243
230
211
224
219
232
205
205
213
219
216
216
233
220
235
210
222
232
231
236
191
190
181
182
191
182
197
196
202
221
197
224
193
201
199
195
200
224
227
221
203
199
209
219
219
199
221
200
218
211
241
218
229
203
214
186
187
196
202
219
213
224
208
220
220
237
244
209
205
179
169
157
166
159
153
155
149
149
152
144
160
141
148
141
147
156
169
146
137
128
123
131
127
134
135
133
140
144
158
145
154
160
169
176
185
178
186
183
173
185
178
208
194
204
186
135
131
120
126
117
126
130
127
132
147
143
137
155
137
154
152
155
160
185
172
177
178
202
194
189
180
175
184
187
200
218
220
206
201
213
216
206
208
231
255
257
228
219
222
263
244
257
243
263
234
229
240
253
256
260
276
282
287
284
270
269
278
281
307
265
238
242
240
231
235
239
245
219
237
238
236
240
233
234
215
207
213
188
175
191
167
161
177
