746
824
763
717
698
691
663
622
598
566
522
527
540
511
513
497
497
509
487
492
514
509
512
473
484
494
511
518
468
475
490
434
422
421
400
395
383
380
380
374
359
371
376
422
402
401
418
410
395
381
359
409
402
408
371
376
391
377
386
358
361
353
371
346
329
318
314
299
291
307
277
276
278
285
245
256
262
251
246
272
260
249
271
249
258
281
248
251
255
262
229
227
205
212
202
205
202
189
194
184
194
196
179
188
173
180
185
192
216
214
226
235
260
261
267
258
250
234
252
235
258
230
247
247
262
259
307
263
267
238
254
261
259
291
275
278
267
283
294
308
280
304
286
284
292
294
273
282
266
265
254
251
253
251
265
249
275
269
284
263
263
286
297
291
290
292
284
289
293
313
302
313
295
290
305
318
318
296
275
283
298
291
271
238
224
233
233
238
249
263
270
254
254
251
251
247
236
255
236
222
213
203
209
207
196
196
198
195
177
188
201
194
210
201
208
212
218
217
226
204
216
201
213
220
194
213
207
222
204
189
166
167
162
183
184
185
187
180
203
179
206
181
201
190
206
194
182
185
199
184
190
178
183
178
191
185
176
181
184
183
201
193
205
188
204
195
205
226
236
226
214
218
228
212
199
200
204
210
221
232
205
211
212
207
244
248
255
248
230
223
226
241
242
257
269
259
255
257
247
265
248
256
236
246
257
256
247
229
245
248
242
245
243
248
232
237
221
232
223
223
217
210
228
216
220
211
212
223
204
215
211
220
239
226
231
220
227
220
219
226
241
236
223
235
235
234
245
259
258
233
240
251
254
255
233
213
212
220
228
241
232
252
271
262
253
266
265
266
260
220
224
210
236
206
214
213
218
209
196
208
211
232
220
249
234
257
255
257
274
268
294
264
273
287
281
277
273
260
257
247
237
248
253
261
268
271
279
278
251
270
225
214
233
219
237
246
268
277
281
321
307
309
302
298
322
301
301
269
278
273
275
268
246
275
265
274
267
266
267
265
249
248
250
281
262
294
277
280
299
275
294
298
335
292
321
317
331
324
353
340
334
311
320
325
308
342
329
335
298
320
298
308
292
291
297
297
311
300
297
293
285
290
304
286
255
292
259
272
246
262
244
246
233
254
251
264
266
279
302
329
327
307
301
298
311
298
271
274
257
275
267
274
272
282
300
288
269
297
286
298
309
317
319
327
322
313
309
288
297
299
295
289
289
263
284
278
305
304
325
344
325
348
312
296
288
272
268
282
279
289
297
281
295
263
274
274
281
300
254
250
235
234
217
224
219
216
222
234
242
249
219
228
230
248
239
243
247
256
248
239
225
254
248
211
228
238
234
220
218
236
235
240
248
255
235
235
219
221
212
231
209
212
207
203
223
222
235
234
235
242
267
263
255
263
255
234
236
234
242
227
236
225
232
233
248
231
224
240
219
248
221
236
225
237
224
234
215
209
231
224
225
215
217
224
199
193
193
188
180
195
198
186
188
198
218
188
186
189
192
202
198
184
181
173
155
170
159
164
143
156
157
163
172
180
175
180
176
169
164
171
162
182
169
185
179
182
173
176
182
160
169
161
188
166
173
176
173
173
188
171
202
164
190
163
176
173
172
197
189
210
190
213
218
190
185
165
164
171
172
182
197
179
194
194
178
194
191
209
199
202
204
195
185
192
204
202
215
239
230
233
224
229
219
227
233
219
232
220
220
211
212
194
203
200
202
231
208
217
241
228
240
234
216
206
201
198
204
228
236
246
247
249
270
239
270
266
265
283
272
258
278
280
238
232
222
229
239
233
234
247
249
273
275
276
262
268
275
291
286
280
283
271
287
274
307
310
295
321
312
331
344
371
351
373
351
358
320
330
316
343
303
313
256
272
261
266
262
264
259
278
283
278
273
291
281
264
260
237
245
243
244
247
267
264
254
251
227
234
227
235
232
240
225
243
242
264
242
232
191
194
214
210
209
192
183
182
178
194
167
170
175
177
172
188
184
191
181
195
200
201
201
203
209
205
190
173
190
163
184
151
152
152
150
163
148
162
148
141
149
144
150
148
160
132
137
133
131
133
142
140
154
159
187
165
173
153
150
140
126
126
119
118
115
121
113
119
114
118
118
122
106
99
100
102
111
105
105
108
107
102
102
105
112
96
102
96
93
92
99
104
94
94
98
85
85
91
89
88
100
82
77
73
76
70
72
74
78
62
52
52
52
52
52
52
52
52
52
52
52
52
52
52
52
52
52
52
52
52
52
52
52
52
52
52
52
52
52
52
52
52
