803
926
784
740
699
669
655
617
590
518
523
478
446
438
453
439
425
441
439
431
480
443
496
454
429
422
429
407
411
390
382
373
351
351
327
355
314
359
338
355
362
364
374
407
403
423
396
399
390
395
377
361
359
347
337
328
287
267
265
243
249
244
250
248
258
268
304
320
312
330
292
303
278
291
294
295
289
284
284
300
302
308
315
315
296
316
320
304
342
320
305
296
312
325
320
327
350
359
359
358
355
360
338
350
357
344
361
343
351
342
333
350
354
385
348
364
336
352
328
321
315
345
323
329
321
327
314
295
290
308
305
309
325
317
343
356
349
345
325
321
327
281
291
272
281
280
307
293
278
275
275
276
265
267
250
257
291
267
271
282
302
293
295
284
286
316
291
282
307
299
286
275
286
248
225
226
233
222
236
201
216
222
236
218
240
217
209
219
217
196
203
205
205
221
217
244
246
257
265
305
252
249
275
263
271
245
242
232
234
221
199
200
191
206
187
169
171
168
181
156
155
152
149
133
123
116
113
112
107
112
102
93
94
95
101
106
95
104
91
88
85
90
88
94
87
95
92
107
92
100
89
87
85
87
84
87
88
90
93
95
92
100
95
103
103
105
105
112
106
101
112
93
96
87
88
95
87
92
91
99
102
100
101
105
109
124
108
128
112
128
124
156
136
144
122
125
119
121
107
102
100
104
87
91
92
98
90
81
89
94
97
101
115
106
128
116
128
131
122
118
117
119
122
117
109
104
97
99
99
99
105
103
98
110
85
88
88
92
103
107
120
118
106
111
111
114
109
116
117
126
134
131
138
153
161
166
167
194
165
183
164
168
156
160
160
167
170
167
157
157
154
143
140
132
140
141
145
148
141
150
148
145
159
145
144
144
153
142
133
126
128
131
130
130
124
133
126
138
130
140
151
157
158
150
149
133
136
123
121
122
112
116
109
120
119
141
133
148
128
135
130
148
134
148
151
166
158
168
159
163
161
151
140
142
153
130
141
136
144
119
128
128
131
135
128
133
137
117
126
116
122
121
115
119
110
119
108
109
108
111
106
106
109
111
117
111
110
115
113
127
114
121
114
113
113
117
111
113
115
121
115
111
112
122
117
136
112
113
109
113
111
113
114
116
120
131
114
116
112
111
114
113
120
113
113
112
115
118
121
121
125
127
137
127
137
125
133
125
128
132
138
122
123
125
126
134
128
137
134
137
131
129
127
130
124
137
132
148
144
141
136
148
137
141
125
129
131
135
133
139
134
149
137
132
142
130
141
137
146
139
126
135
133
122
128
125
136
126
133
130
143
119
124
127
136
119
120
135
132
155
134
147
135
121
121
119
125
121
113
111
110
113
113
114
112
111
113
112
117
113
122
119
125
131
126
128
130
126
133
121
127
120
124
114
114
110
112
110
112
108
106
106
106
108
108
108
108
108
108
108
108
108
108
108
108
108
108
108
108
108
108
108
108
108
108
108
108
108
108
108
108
108
108
108
108
108
108
108
108
108
108
108
108
108
108
108
108
108
108
108
108
108
108
108
108
108
108
108
108
108
108
108
108
108
108
108
108
108
108
108
108
108
108
108
108
108
108
108
108
108
108
108
108
108
108
108
108
108
108
108
108
108
108
108
108
108
108
108
108
108
108
108
108
108
108
108
108
108
108
108
108
108
108
108
108
108
108
108
108
108
108
108
108
108
108
108
108
108
108
108
108
108
108
108
108
108
108
108
108
108
108
108
108
108
108
108
108
108
108
108
108
108
108
108
108
108
108
108
108
108
108
108
108
108
108
108
108
108
108
108
108
108
108
108
108
108
108
108
108
108
108
108
108
108
108
108
108
108
108
108
108
108
108
108
108
108
108
108
108
108
108
108
108
108
108
108
108
108
108
108
108
108
108
108
108
108
108
108
108
108
108
108
108
108
108
108
108
108
108
108
108
108
108
108
108
108
108
108
108
108
108
108
108
108
108
108
108
108
108
108
108
108
108
108
108
108
108
108
108
108
108
108
108
108
108
108
108
108
108
108
108
108
108
108
108
108
108
108
108
108
108
108
108
108
108
108
108
108
108
108
108
108
108
108
108
108
108
108
108
108
108
108
108
108
108
108
108
108
108
108
108
108
108
108
108
108
108
108
108
108
108
108
108
108
108
108
108
108
108
108
108
108
108
108
108
108
108
108
108
108
108
108
108
108
108
108
108
108
108
108
108
108
108
108
108
108
108
108
108
108
108
108
108
108
108
108
108
108
108
108
108
108
108
108
108
108
108
108
108
108
