779
946
701
641
653
633
602
601
570
546
550
551
554
532
526
485
470
475
496
420
431
429
443
409
427
426
413
403
396
400
409
409
378
384
358
359
346
360
346
357
354
362
341
325
304
302
284
278
295
293
301
316
306
295
299
256
255
231
237
247
243
260
240
250
274
263
274
231
247
239
244
218
247
220
231
206
200
187
183
182
179
167
167
165
154
154
138
141
153
139
138
137
138
134
136
140
157
151
155
149
154
157
158
146
149
171
167
186
168
176
171
176
179
181
187
183
199
189
199
192
187
204
179
176
158
147
142
145
146
157
143
148
152
165
163
189
164
170
165
163
176
193
182
196
188
190
172
187
202
181
178
190
170
175
176
178
167
171
178
160
172
169
158
162
155
161
159
172
169
154
145
136
152
136
151
142
152
156
154
138
149
143
137
130
128
140
140
148
160
164
158
152
158
180
175
192
180
188
188
189
174
150
160
159
167
165
178
155
153
148
165
148
156
150
136
132
130
117
114
116
110
115
98
98
92
90
99
98
88
90
81
75
73
73
72
77
75
77
74
76
80
75
77
84
82
82
82
82
84
81
80
83
84
82
80
83
83
84
89
86
90
93
88
100
91
98
86
90
86
87
91
92
103
97
105
99
102
96
116
95
98
91
95
96
99
100
90
83
75
77
85
81
86
80
77
76
79
80
87
86
101
90
98
94
102
109
108
118
105
122
117
129
117
131
128
130
134
131
140
132
142
135
134
143
155
146
146
147
160
158
155
157
151
145
167
156
153
152
147
149
157
160
145
148
149
145
160
163
145
151
135
137
142
135
126
120
115
117
119
131
127
142
126
135
122
127
123
126
134
140
156
140
149
130
151
160
162
161
177
156
166
161
173
177
178
186
193
201
202
221
225
242
217
217
194
176
190
171
198
194
192
196
213
188
212
194
197
182
193
191
205
202
217
230
235
239
232
232
209
210
214
233
224
223
234
234
232
233
230
212
218
208
197
201
207
223
241
254
230
235
213
212
215
223
222
238
227
226
223
210
209
219
217
226
201
208
208
207
207
217
212
201
200
198
180
186
177
182
179
174
167
179
172
176
188
175
187
173
185
163
166
167
181
186
186
175
159
158
153
161
161
193
180
164
168
157
156
163
167
186
185
196
200
206
210
228
213
224
194
194
189
195
191
196
202
182
175
171
166
177
170
165
162
173
170
165
182
151
162
168
153
166
154
179
165
186
200
213
185
178
201
199
197
222
212
213
221
204
218
208
220
196
216
209
262
214
229
209
207
193
200
200
175
166
164
162
147
148
157
139
137
135
145
144
150
152
177
164
176
173
157
156
149
149
161
151
152
161
158
155
172
142
153
159
161
170
185
183
180
185
180
168
166
180
170
174
179
181
202
204
223
217
216
216
219
217
211
199
206
223
210
200
202
199
214
218
210
211
203
186
201
176
176
159
162
163
170
155
173
173
171
178
163
167
160
155
151
145
148
148
139
133
139
125
129
121
132
117
120
119
109
120
117
117
116
134
135
143
141
150
128
129
123
125
124
125
130
123
132
138
132
127
127
127
134
124
144
127
138
138
134
153
143
148
164
139
157
145
147
141
148
141
163
119
109
102
102
109
90
87
86
89
88
86
92
87
82
79
78
79
77
73
79
68
64
64
67
65
65
66
67
67
68
72
73
79
78
75
80
82
88
82
95
88
85
79
77
81
83
75
69
71
70
67
72
70
78
69
76
66
68
62
60
60
60
60
60
60
60
60
60
60
60
60
60
60
60
60
60
60
60
60
60
60
60
60
60
60
60
60
60
60
60
60
60
60
60
60
60
60
62
58
57
55
55
54
55
57
57
61
59
61
59
59
60
63
69
61
62
61
63
62
65
61
62
62
65
61
61
57
58
62
60
67
58
55
53
53
53
53
53
53
53
53
53
53
53
53
53
53
53
53
53
53
53
53
53
53
53
53
53
53
53
53
53
53
53
53
53
53
53
53
53
53
53
53
53
53
53
53
53
53
53
53
53
53
53
53
53
53
53
53
53
53
53
53
53
53
53
53
53
53
53
53
53
53
53
53
53
53
53
53
53
53
53
53
53
53
53
53
53
53
53
53
53
53
53
53
53
53
53
53
53
53
53
53
53
53
53
53
53
53
53
53
53
53
53
53
53
53
53
53
53
53
53
53
53
53
53
53
53
53
53
53
53
53
53
53
53
53
53
53
53
53
53
53
53
53
53
53
53
53
53
53
53
53
53
53
53
53
53
53
53
53
53
53
53
53
53
53
