710
794
755
730
688
643
592
570
575
571
558
493
493
489
465
447
428
414
393
440
398
407
406
362
359
369
356
378
369
372
388
390
391
345
353
337
349
322
322
335
337
324
324
317
323
323
318
320
325
319
312
312
306
332
332
329
309
331
290
292
281
289
292
285
304
299
333
312
324
262
281
256
282
277
294
263
245
234
244
214
228
229
220
227
220
240
239
227
231
222
207
215
222
227
202
201
205
209
216
220
220
229
212
239
221
225
227
235
222
228
223
236
239
234
231
233
225
232
211
213
205
191
188
192
185
197
199
203
212
214
225
212
245
222
245
248
274
254
280
255
261
239
232
227
229
235
248
239
237
240
245
267
242
267
238
263
253
257
269
280
295
273
283
293
278
269
275
282
284
292
307
328
310
318
311
318
310
319
301
286
277
299
278
295
287
298
335
314
361
328
334
301
282
285
280
306
267
283
260
298
261
262
266
255
267
265
299
270
297
302
255
274
245
275
271
318
305
300
318
329
346
348
350
372
351
366
337
348
353
341
347
350
352
353
357
350
351
367
332
335
313
306
326
332
333
321
317
285
282
299
283
249
274
242
255
259
291
277
280
264
280
288
300
305
353
351
375
361
377
350
346
296
310
323
308
334
332
323
337
342
342
372
359
359
344
366
367
373
382
370
370
358
374
375
384
368
381
379
374
400
354
415
366
407
351
359
363
344
351
332
327
352
329
332
319
299
315
308
291
269
275
288
285
307
311
305
293
303
285
281
257
253
262
262
270
246
258
261
277
262
261
231
240
248
261
246
271
264
254
269
234
232
208
227
215
190
211
184
197
199
212
213
201
239
207
217
195
211
197
203
192
206
200
209
187
187
196
189
189
182
192
195
199
202
202
205
194
182
182
176
160
161
170
167
181
174
195
184
172
173
169
164
170
165
156
158
162
151
157
142
125
129
135
136
130
137
128
131
124
130
126
126
143
126
139
130
150
130
141
137
145
145
163
152
156
154
156
170
167
190
171
179
168
165
168
179
152
171
167
167
163
149
158
152
152
156
139
137
139
140
149
139
164
138
137
135
138
130
127
134
131
128
127
141
143
155
165
165
154
155
159
164
165
135
130
118
132
132
147
159
153
171
160
179
165
172
185
192
220
211
225
211
243
197
234
207
226
194
198
195
183
199
192
198
194
222
215
233
224
245
254
258
257
239
221
221
192
174
192
185
171
165
176
160
176
165
193
184
179
170
143
149
146
130
144
128
132
130
146
152
166
153
162
166
190
161
173
146
138
136
144
148
151
150
143
136
129
133
125
119
121
117
118
121
130
128
106
111
106
100
110
113
123
119
112
117
112
126
114
127
130
147
152
153
143
145
156
146
164
183
177
169
162
183
161
164
162
162
165
159
144
139
137
126
132
125
111
110
103
110
103
105
104
118
103
119
104
98
99
98
117
104
106
110
107
106
101
100
86
95
88
100
95
94
99
105
113
113
127
107
115
107
100
107
103
109
93
101
91
85
88
78
75
77
72
74
77
78
85
86
98
93
104
110
119
110
122
110
121
111
122
116
120
125
117
123
106
128
123
128
125
138
138
133
121
140
119
137
119
136
151
150
161
175
163
173
166
188
181
192
169
168
153
159
152
176
146
150
155
159
129
141
149
147
155
153
154
170
177
155
155
151
142
160
141
161
139
134
137
149
165
179
186
183
177
160
189
149
171
171
182
175
175
173
182
159
145
158
163
164
136
156
160
171
148
160
166
169
164
144
152
143
157
159
155
152
161
161
167
153
165
151
153
146
156
164
163
163
161
159
158
144
156
137
135
128
130
124
116
99
98
91
99
95
111
101
113
107
123
125
127
135
142
138
141
152
157
157
148
167
170
153
154
156
149
153
169
158
164
144
146
150
135
146
147
138
135
124
125
124
126
123
126
121
120
130
125
138
125
128
125
119
94
96
96
97
104
100
107
102
113
109
105
112
111
109
117
103
105
105
111
118
102
104
113
102
95
93
92
99
97
94
101
95
99
100
101
106
114
111
117
114
106
105
97
102
90
94
85
83
81
87
77
73
72
65
67
63
63
63
64
62
66
60
57
56
58
58
58
58
58
58
58
58
58
58
58
58
58
58
58
58
58
58
58
58
58
58
58
58
58
58
58
58
58
58
58
58
58
58
58
58
58
58
58
58
58
58
58
58
58
58
58
58
58
58
58
58
58
58
58
58
58
58
58
58
58
58
58
58
58
58
58
58
58
58
58
58
58
58
58
58
58
58
58
58
58
58
58
58
