763
872
763
750
706
756
722
683
658
642
565
584
594
540
537
535
549
588
552
533
530
529
502
509
468
436
452
445
402
393
373
379
383
373
372
348
336
357
347
345
355
369
369
380
333
366
337
336
324
340
306
321
316
305
303
288
300
272
291
291
290
289
322
290
269
265
262
284
261
275
284
296
306
306
311
317
284
288
266
282
261
245
244
273
239
265
248
273
254
243
245
271
227
240
258
251
265
275
254
267
270
265
258
262
269
264
277
287
285
263
276
274
282
276
293
294
309
307
311
323
299
285
291
271
268
265
253
249
243
223
211
233
205
205
192
209
201
211
210
202
185
172
165
148
150
153
160
139
142
129
136
136
151
164
158
152
160
145
148
149
151
168
176
192
178
200
179
182
184
210
186
202
209
215
196
205
216
204
229
190
190
193
193
191
190
205
225
205
223
221
225
219
227
248
242
233
224
245
216
228
233
239
218
229
197
217
183
179
152
136
136
135
132
136
127
127
141
140
147
143
138
145
135
147
149
164
134
144
134
143
135
127
140
132
143
146
139
143
142
150
162
163
157
157
172
164
162
159
156
166
156
170
185
192
185
181
181
179
214
209
221
219
222
230
231
229
214
216
216
204
201
187
191
178
185
163
166
172
168
169
170
191
177
175
173
178
161
179
172
184
196
208
200
198
168
189
176
187
166
159
149
152
145
152
163
169
178
172
168
190
157
148
170
142
150
142
148
152
159
155
160
153
171
170
175
161
141
133
119
128
118
123
126
124
136
121
121
127
128
138
149
134
134
138
136
128
131
132
139
150
140
142
116
141
124
136
124
137
145
150
144
148
132
134
133
132
134
140
134
139
118
120
119
120
118
125
119
133
134
140
136
146
140
147
159
148
151
146
166
142
134
136
135
120
134
126
121
123
130
142
150
165
153
171
152
163
163
190
148
154
157
164
157
162
161
165
167
161
157
163
153
163
155
146
146
145
149
150
139
139
150
139
156
153
184
171
171
179
158
153
158
162
166
159
157
158
163
167
169
156
179
162
159
175
179
173
179
187
185
194
186
199
198
203
218
219
243
221
223
200
190
182
197
189
198
208
200
197
186
185
181
194
193
187
191
190
196
188
207
185
175
173
179
181
186
190
191
184
177
172
152
157
134
142
132
141
134
120
132
125
137
131
140
125
122
118
112
104
122
115
127
122
109
112
101
109
101
103
100
110
115
109
134
107
112
106
101
99
105
112
118
112
112
114
128
120
136
130
136
128
131
143
138
156
156
151
168
156
164
172
189
164
179
173
188
170
178
174
167
167
174
191
187
213
185
175
165
175
173
171
199
185
213
191
181
211
200
201
192
205
181
181
206
168
191
175
176
182
187
208
192
185
194
194
197
207
203
204
183
172
189
189
193
188
195
199
198
182
167
172
185
196
216
215
232
213
201
225
215
216
216
220
210
202
208
184
195
192
188
173
170
174
150
157
151
143
148
131
148
154
163
171
164
142
167
157
143
154
134
148
127
147
122
134
134
159
147
153
169
162
181
175
177
174
175
187
196
178
195
159
164
160
170
149
143
144
150
153
141
158
144
152
134
131
127
122
120
130
117
110
123
118
129
117
123
122
135
140
136
157
150
143
138
145
138
133
133
143
137
127
127
123
146
123
135
124
128
115
112
109
103
99
105
97
99
93
97
91
97
90
90
90
92
88
88
86
86
92
84
82
78
78
78
78
78
78
78
78
78
78
78
78
78
78
78
78
80
76
74
75
70
69
70
70
70
70
70
70
70
70
70
70
70
70
70
70
70
70
70
70
70
70
70
70
70
70
70
70
70
70
70
70
70
70
70
70
70
70
70
70
70
70
70
70
70
70
70
70
70
70
70
70
70
70
70
70
70
70
70
70
70
70
70
70
70
70
70
70
70
70
70
70
70
70
70
70
70
70
70
70
70
70
70
70
70
70
70
70
70
70
70
70
70
70
70
70
70
70
70
70
70
70
70
70
70
70
70
70
70
70
70
70
70
70
70
70
70
70
70
70
70
70
70
70
70
70
70
70
70
70
70
70
70
70
70
70
70
70
70
70
70
70
70
70
70
70
70
70
70
70
70
70
70
70
70
70
70
70
70
70
70
70
70
70
70
70
70
70
70
70
70
70
70
70
70
70
70
70
70
70
70
70
70
70
70
70
70
70
70
70
70
70
70
70
70
70
70
70
70
70
70
70
70
70
70
70
70
70
70
70
70
70
70
70
70
70
70
70
70
70
70
70
70
70
70
70
70
70
70
70
