750
763
680
662
634
614
628
567
569
554
533
528
514
491
475
479
478
442
439
468
464
482
477
489
480
489
473
457
443
448
433
421
423
391
396
392
398
388
414
409
403
401
374
387
395
407
352
324
344
333
319
304
306
277
268
260
275
270
261
281
264
277
294
282
265
257
265
250
253
246
249
220
230
221
202
205
207
197
215
208
229
216
238
239
236
211
221
214
231
242
263
229
251
236
244
220
218
240
240
246
248
227
256
234
271
235
249
235
247
236
212
211
230
235
251
257
267
281
276
293
287
315
320
298
305
327
273
263
293
277
285
274
278
280
282
259
287
279
269
276
276
275
301
282
295
296
280
264
284
264
285
306
271
271
269
278
300
286
299
291
273
275
264
261
272
260
260
249
221
205
222
239
212
240
242
266
264
256
247
259
273
257
257
261
257
254
250
251
246
248
213
216
228
232
231
242
250
270
261
237
227
193
193
186
186
188
202
225
222
243
231
267
241
260
255
254
216
210
210
217
221
234
217
227
228
225
211
214
222
214
223
240
243
223
221
210
217
227
197
202
207
213
214
216
220
220
221
213
204
219
208
215
196
197
169
171
174
180
190
184
182
174
180
175
197
160
166
154
179
183
205
185
205
214
214
183
195
184
208
187
187
213
195
192
190
190
197
193
193
208
192
204
212
214
197
190
200
194
214
197
199
200
212
216
219
211
228
225
231
237
219
200
214
203
203
191
218
208
214
232
231
178
192
170
168
177
167
165
185
188
212
189
200
175
181
187
194
190
203
215
237
220
233
251
234
250
226
237
211
226
220
232
200
218
204
224
212
200
201
205
188
184
199
188
201
184
178
183
173
196
181
196
195
181
189
178
193
204
216
218
208
225
201
208
201
203
208
230
226
209
218
198
197
181
180
188
187
206
186
207
201
232
217
213
221
215
214
212
211
201
196
186
174
149
156
142
147
153
153
153
159
163
178
161
180
186
193
170
164
163
182
180
192
187
198
199
210
194
189
186
176
181
174
180
165
154
150
144
155
156
153
147
146
146
144
155
150
144
156
144
149
150
155
156
157
165
157
173
160
163
159
158
154
152
147
147
154
160
170
161
166
150
146
136
147
147
154
148
153
155
155
163
166
166
164
164
158
157
154
168
179
178
192
203
208
204
203
176
162
179
159
158
168
166
165
184
169
192
169
171
169
175
182
172
168
163
162
159
182
148
147
147
152
150
142
146
155
149
160
144
148
142
151
153
151
155
163
170
161
159
161
161
159
163
173
150
131
131
136
130
144
129
135
129
135
130
135
125
124
123
123
136
123
131
136
140
138
147
133
118
120
118
132
125
128
127
120
127
120
115
113
113
119
125
122
121
114
125
115
121
130
131
128
127
128
122
130
120
125
123
132
132
141
134
131
149
143
154
156
158
161
157
165
177
179
172
182
162
173
155
153
160
159
157
173
148
162
154
160
162
158
159
148
152
150
148
138
137
143
141
134
137
143
140
139
144
139
143
129
130
129
136
128
125
121
122
127
125
125
128
130
113
110
99
100
101
101
105
103
108
102
100
103
101
103
101
102
104
103
102
107
104
116
108
105
102
104
107
109
107
106
109
103
104
104
105
107
106
111
110
118
116
123
125
133
128
124
121
131
125
132
128
130
133
131
125
135
131
135
132
123
128
132
130
118
126
117
118
116
117
120
121
131
124
128
131
138
144
154
151
142
148
149
148
148
148
146
149
142
152
141
148
145
150
148
155
156
179
164
177
185
182
204
206
188
182
173
180
174
173
181
151
165
165
174
181
167
170
166
152
167
159
167
158
162
160
161
170
148
154
168
165
157
165
175
175
177
182
170
171
167
170
180
206
187
193
195
200
206
201
211
202
187
183
174
166
159
166
190
171
177
182
207
208
231
228
228
222
208
199
226
214
204
201
206
190
184
179
164
181
170
183
200
197
207
189
190
195
165
161
154
175
175
173
197
173
192
178
190
206
225
208
207
211
203
198
201
221
227
201
221
214
236
232
227
233
230
219
215
209
215
202
205
198
196
198
209
216
206
207
205
191
209
208
218
203
206
216
205
216
218
228
226
242
238
216
203
188
183
182
188
166
161
178
174
173
173
181
183
196
202
187
207
173
171
166
182
161
178
144
162
146
152
161
165
171
184
193
198
191
191
217
190
215
221
241
232
221
214
216
212
222
226
225
241
242
227
243
228
247
245
251
250
249
234
243
241
215
205
211
190
185
185
189
199
179
188
186
193
193
203
196
199
210
195
208
214
217
210
194
