748
920
695
695
634
664
649
638
623
549
582
526
512
501
485
522
500
515
507
476
466
442
454
439
439
447
460
478
453
437
393
406
398
408
373
344
340
328
320
329
326
352
346
359
327
315
325
344
336
310
316
342
334
354
360
363
322
358
335
359
355
359
361
336
337
330
337
345
348
332
350
362
367
382
358
404
384
372
352
373
327
333
328
301
322
312
293
306
300
281
271
291
279
300
276
281
302
304
300
284
264
267
237
268
249
274
250
246
266
265
252
247
264
238
264
246
259
240
285
241
284
260
305
290
292
314
310
311
290
297
273
306
290
275
271
235
255
224
225
236
247
244
268
272
250
261
274
273
275
291
295
314
316
299
327
305
302
291
288
268
274
280
282
283
278
273
305
293
296
283
284
269
277
265
269
249
281
247
235
223
220
214
224
206
212
203
210
215
213
226
226
210
225
187
173
171
165
184
173
175
194
190
188
205
216
211
220
193
207
180
195
184
187
185
186
179
176
190
203
204
199
195
188
187
175
194
186
197
197
189
196
189
210
194
199
200
189
199
203
189
187
202
207
221
233
253
239
254
220
264
230
226
215
214
216
226
241
248
255
267
264
256
250
248
273
279
297
274
270
285
279
257
233
223
243
206
230
206
199
184
176
190
189
196
181
182
192
187
185
175
189
180
202
202
191
199
209
197
220
209
236
220
221
195
196
203
205
188
172
180
197
184
176
173
171
163
182
167
189
179
180
196
173
183
178
197
186
162
193
171
187
155
135
131
126
129
113
107
106
105
103
96
99
99
96
96
100
99
96
100
101
106
110
123
112
127
121
129
117
126
113
114
115
122
122
146
125
128
127
139
121
135
136
131
129
130
140
135
135
131
137
133
122
127
138
132
136
132
123
125
133
137
147
154
154
147
149
144
165
140
142
124
134
120
127
112
122
111
117
100
106
99
109
103
111
103
102
102
109
109
110
111
127
112
118
106
118
99
100
83
73
75
81
75
77
82
85
90
97
97
91
84
82
83
83
83
85
84
88
87
94
88
82
83
89
84
93
82
82
79
80
79
83
85
89
93
101
89
93
93
93
93
93
93
93
93
93
93
93
93
93
93
93
93
93
93
93
93
93
93
93
93
93
93
93
93
93
93
93
93
93
93
93
93
93
93
93
93
93
93
93
93
93
93
93
93
93
93
93
93
93
93
93
93
93
93
93
93
93
93
93
93
93
93
93
93
93
93
93
93
93
93
93
93
93
93
93
93
93
93
93
93
93
93
93
93
93
93
93
93
93
93
93
93
93
93
93
93
93
93
93
93
93
93
93
93
93
93
93
93
93
93
93
93
93
93
93
93
93
93
93
93
93
93
93
93
93
93
93
93
93
93
93
93
93
93
93
93
93
93
93
93
93
93
93
93
93
93
93
93
93
93
93
93
93
93
93
93
93
93
93
93
93
93
93
93
93
93
93
93
93
93
93
93
93
93
93
93
93
93
93
93
93
93
93
93
93
93
93
93
93
93
93
93
93
93
93
93
93
93
93
93
93
93
93
93
93
93
93
93
93
93
93
93
93
93
93
93
93
93
93
93
93
93
93
93
93
93
93
93
93
93
93
93
93
93
93
93
93
93
93
93
93
93
93
93
93
93
93
93
93
93
93
93
93
93
93
93
93
93
93
93
93
93
93
93
93
93
93
93
93
93
93
93
93
93
93
93
93
93
93
93
93
93
93
93
93
93
93
93
93
93
93
93
93
93
93
93
93
93
93
93
93
93
93
93
93
93
93
93
93
93
93
93
93
93
93
93
93
93
93
93
93
93
93
93
93
93
93
93
93
93
93
93
93
93
93
93
93
93
93
93
93
93
93
93
93
93
93
93
93
93
93
93
93
93
93
93
93
93
93
93
93
93
93
93
93
93
93
93
93
93
93
93
93
93
93
93
93
93
93
93
93
93
93
93
93
93
93
93
93
93
93
93
93
93
93
93
93
93
93
93
93
93
93
93
93
93
93
93
93
93
93
93
93
93
93
93
93
93
93
93
93
93
93
93
93
93
93
93
93
93
93
93
93
93
93
93
93
93
93
93
93
93
93
93
93
93
93
93
93
93
93
93
93
93
93
93
93
93
93
93
93
93
93
93
93
93
93
93
93
93
93
93
93
93
93
93
93
93
93
93
93
93
93
93
93
93
93
93
93
93
93
93
93
93
93
93
93
93
93
93
93
93
93
93
93
93
93
93
93
93
93
93
93
93
93
93
93
93
93
93
93
93
93
93
93
93
93
93
