704
767
661
664
659
635
651
598
594
571
555
544
521
496
492
454
407
409
406
390
407
396
407
379
374
368
327
313
317
280
306
312
336
304
323
297
294
310
303
295
277
250
258
259
274
254
274
280
304
303
325
324
305
294
285
294
302
297
264
286
271
292
270
297
271
270
260
266
287
292
291
292
298
274
269
283
297
314
307
295
277
270
279
298
293
302
315
323
309
329
291
290
284
305
282
279
280
276
272
287
263
276
287
302
233
241
230
239
222
232
235
236
265
265
266
274
281
253
260
280
256
293
250
248
252
234
240
233
244
237
234
243
219
234
221
233
230
222
234
237
221
243
246
248
223
212
215
218
236
218
233
220
238
248
260
253
269
276
291
289
311
297
269
266
248
232
227
208
230
236
236
251
242
255
282
256
250
228
255
260
256
283
255
278
270
306
291
275
262
273
282
259
264
256
264
239
228
226
228
238
234
236
229
223
226
213
211
209
208
219
193
215
208
263
204
217
208
201
187
189
181
194
174
180
168
166
165
172
173
176
179
193
187
184
183
170
191
194
197
204
196
200
192
200
205
226
231
225
237
208
230
219
203
208
202
192
211
192
193
180
199
174
165
180
178
198
201
226
198
224
233
245
237
246
263
247
249
228
224
230
224
219
223
234
237
236
230
237
233
258
247
217
228
230
242
250
263
262
273
278
294
279
290
261
254
271
277
272
249
237
241
244
234
242
226
226
204
233
204
211
212
235
185
188
189
201
195
201
193
190
177
184
175
188
185
186
179
172
170
174
176
194
188
206
199
203
182
191
193
203
198
193
188
190
190
205
192
197
199
195
182
178
156
172
155
168
149
155
145
139
143
146
160
147
166
151
165
167
179
162
152
160
162
176
167
177
172
167
158
154
154
162
176
178
176
188
169
183
190
193
191
178
174
200
166
173
167
171
161
160
175
165
180
174
162
178
169
158
184
175
189
174
177
194
176
180
159
174
170
178
168
179
161
176
162
175
172
189
200
193
192
195
204
235
231
231
219
232
232
219
214
238
213
231
218
231
228
223
227
245
235
227
244
254
255
267
277
273
254
268
266
281
246
238
240
223
234
265
271
296
256
257
260
261
273
262
276
271
266
242
247
246
222
214
195
194
200
204
187
194
218
197
193
177
189
183
191
184
174
171
187
184
173
195
189
221
217
227
221
251
228
229
219
226
212
229
213
216
188
190
202
213
205
174
174
179
177
164
163
168
166
169
153
159
168
146
137
136
143
137
132
121
121
116
125
116
117
133
123
125
123
122
130
123
119
116
128
114
123
118
125
130
116
124
122
122
115
129
109
111
114
124
125
124
135
130
146
126
128
129
133
120
122
136
119
121
112
113
107
118
120
129
120
119
113
126
117
112
107
100
105
102
109
110
120
107
112
107
119
107
104
103
104
101
102
108
107
116
123
122
109
120
110
112
109
114
113
113
101
104
88
89
81
85
79
86
81
78
74
77
73
79
77
78
77
78
82
78
85
79
81
80
79
87
92
86
78
85
88
96
88
96
89
96
88
88
93
97
96
103
107
100
91
107
100
115
99
90
93
92
92
97
98
110
105
105
106
106
107
105
97
93
100
114
115
114
109
115
119
130
134
122
123
130
124
127
123
117
114
132
115
130
113
114
113
109
103
101
102
122
100
98
92
85
94
79
74
65
63
63
57
56
55
57
56
60
57
58
57
58
59
64
56
56
53
51
50
51
53
58
55
58
63
63
65
69
66
71
80
80
75
80
83
77
81
73
73
72
70
72
67
69
70
84
70
69
63
60
60
60
58
57
55
55
55
55
55
55
55
55
55
55
55
55
55
55
55
55
55
55
55
55
55
55
55
55
55
55
55
55
55
55
55
55
55
55
55
55
55
55
55
55
55
55
55
55
55
55
55
55
55
55
55
55
55
55
55
55
55
55
55
55
55
55
55
55
55
55
55
55
55
55
55
55
55
55
55
55
55
55
55
55
55
55
55
55
55
55
55
55
55
55
55
55
55
55
55
55
55
55
55
55
55
55
55
55
55
55
55
55
55
55
55
55
55
55
55
55
55
55
55
55
55
55
55
55
55
55
55
55
55
55
55
55
55
55
55
55
55
55
55
55
55
55
55
55
55
55
55
55
55
55
55
55
55
55
55
55
55
55
55
55
55
55
55
55
55
55
55
55
55
55
55
55
55
55
55
55
55
55
55
55
55
55
55
55
55
55
55
55
55
55
55
55
55
55
55
55
55
55
55
55
55
55
55
55
55
55
55
55
