707
810
734
676
671
630
628
600
595
612
560
566
541
544
544
548
519
493
474
397
399
396
394
368
348
354
344
364
342
352
347
371
378
390
414
382
383
382
364
294
298
283
276
275
276
285
296
275
284
259
277
271
276
273
279
290
288
298
276
296
285
324
306
331
301
324
311
337
330
339
346
359
374
344
345
327
310
317
300
283
289
285
275
295
289
275
271
242
253
257
238
249
211
216
210
217
198
201
181
186
189
176
174
166
180
171
168
164
159
175
180
195
192
194
196
214
207
222
202
230
192
230
219
233
240
262
258
252
249
241
261
238
247
229
233
223
220
235
221
230
234
235
250
248
256
207
206
214
223
232
221
218
190
189
204
201
204
191
192
221
205
191
192
193
181
209
194
209
203
219
189
219
195
211
207
219
205
197
205
198
236
214
253
238
244
246
243
228
237
218
192
198
187
193
211
209
192
208
208
216
224
226
229
211
237
223
273
240
244
247
245
269
252
240
251
255
259
261
251
253
262
264
272
269
256
251
224
252
223
241
235
242
242
263
250
259
250
256
214
240
243
253
233
253
238
267
242
244
236
261
248
258
226
228
205
199
193
185
195
203
223
238
267
246
239
261
262
262
245
264
251
252
247
229
239
215
211
224
242
247
248
228
233
213
210
210
204
213
217
216
223
208
233
225
240
238
242
227
221
213
218
201
215
217
220
234
257
219
228
249
234
231
228
224
232
238
228
254
199
194
184
173
181
205
186
201
202
205
223
211
193
193
193
210
205
197
187
182
173
172
193
176
179
176
178
170
175
182
179
166
182
176
158
138
141
142
150
151
152
152
138
141
134
119
115
106
107
106
110
112
119
120
114
112
114
116
124
112
114
114
114
114
114
114
114
114
114
114
114
114
114
114
114
114
114
114
114
114
114
114
114
114
114
114
114
114
114
114
114
114
114
114
114
114
114
114
114
114
114
114
114
114
114
114
114
114
114
114
114
114
114
114
114
114
114
114
114
114
114
114
114
114
114
114
114
114
114
114
114
114
114
114
114
114
114
114
114
114
114
114
114
114
114
114
114
114
114
114
114
114
114
114
114
114
114
114
114
114
114
114
114
114
114
114
114
114
114
114
114
114
114
114
114
114
114
114
114
114
114
114
114
114
114
114
114
114
114
114
114
114
114
114
114
114
114
114
114
114
114
114
114
114
114
114
114
114
114
114
114
114
114
114
114
114
114
114
114
114
114
114
114
114
114
114
114
114
114
114
114
114
114
114
114
114
114
114
114
114
114
114
114
114
114
114
114
114
114
114
114
114
114
114
114
114
114
114
114
114
114
114
114
114
114
114
114
114
114
114
114
114
114
114
114
114
114
114
114
114
114
114
114
114
114
114
114
114
114
114
114
114
114
114
114
114
114
114
114
114
114
114
114
114
114
114
114
114
114
114
114
114
114
114
114
114
114
114
114
114
114
114
114
114
114
114
114
114
114
114
114
114
114
114
114
114
114
114
114
114
114
114
114
114
114
114
114
114
114
114
114
114
114
114
114
114
114
114
114
114
114
114
114
114
114
114
114
114
114
114
114
114
114
114
114
114
114
114
114
114
114
114
114
114
114
114
114
114
114
114
114
114
114
114
114
114
114
114
114
114
114
114
114
114
114
114
114
114
114
114
114
114
114
114
114
114
114
114
114
114
114
114
114
114
114
114
114
114
114
114
114
114
114
114
114
114
114
114
114
114
114
114
114
114
114
114
114
114
114
114
114
114
114
114
114
114
114
114
114
114
114
114
114
114
114
114
114
114
114
114
114
114
114
114
114
114
114
114
114
114
114
114
114
114
114
114
114
114
114
114
114
114
114
114
114
114
114
114
114
114
114
114
114
114
114
114
114
114
114
114
114
114
114
114
114
114
114
114
114
114
114
114
114
114
114
114
114
114
114
114
114
114
114
114
114
114
114
114
114
114
114
114
114
114
114
114
114
114
114
114
114
114
114
114
114
114
114
114
114
114
114
114
114
114
114
114
114
114
114
114
114
114
114
114
114
114
114
114
114
114
114
114
114
114
114
114
114
114
114
114
114
114
114
114
114
114
114
114
114
114
114
114
114
114
114
114
114
114
114
114
114
114
114
114
114
114
114
114
114
114
114
114
114
114
114
114
114
114
114
114
114
114
114
114
114
114
114
114
114
114
114
114
114
114
114
114
114
114
114
114
114
114
114
114
114
114
114
114
114
114
114
114
114
114
114
114
114
114
114
114
114
114
114
114
114
114
114
114
114
114
114
114
