770
889
682
679
678
699
641
659
584
591
574
547
512
503
453
443
441
451
425
459
450
446
429
401
432
419
405
442
377
396
377
407
399
375
367
336
377
323
313
320
324
318
302
289
291
290
287
295
315
268
278
281
298
292
264
289
293
293
298
326
334
342
333
347
329
334
318
298
303
329
324
303
339
318
350
336
372
359
395
397
392
378
379
390
329
333
336
310
330
309
304
295
300
280
318
276
310
281
282
298
273
266
238
251
259
250
248
226
219
228
237
245
273
255
227
228
208
215
233
228
236
224
216
237
209
259
186
192
170
162
147
148
137
136
135
138
125
141
123
138
132
141
147
158
156
168
147
162
141
153
148
153
158
148
148
153
165
169
174
158
162
174
172
166
161
177
159
186
161
180
172
176
189
188
198
192
222
208
244
237
247
249
244
257
222
223
211
216
222
206
218
217
231
243
223
219
218
222
232
249
266
243
253
225
222
215
221
219
213
225
238
251
235
229
240
233
258
241
229
226
219
209
195
190
178
191
154
164
146
154
143
127
126
139
133
144
136
149
144
136
141
140
145
134
156
133
137
129
121
120
126
121
122
132
130
129
116
118
107
95
90
88
89
83
88
84
81
79
82
81
88
81
83
81
83
81
87
82
84
85
85
92
90
95
98
101
103
108
93
96
96
95
91
95
97
107
100
101
106
109
117
118
119
119
124
118
116
115
115
120
119
130
130
135
135
134
131
152
156
165
146
158
167
158
163
164
171
163
165
155
150
148
125
142
114
116
104
108
113
117
107
119
110
131
112
104
119
113
119
119
104
102
99
104
102
104
104
115
111
122
115
120
127
120
129
119
128
129
121
115
116
118
118
120
120
127
119
129
119
137
125
144
132
153
149
173
121
122
124
121
124
120
119
125
124
127
121
129
118
118
115
122
114
114
116
116
117
119
119
126
124
135
128
131
137
135
142
142
139
148
148
149
153
149
148
155
159
162
171
178
199
199
202
185
201
181
190
190
190
197
190
204
185
185
173
181
172
182
189
182
178
180
180
194
191
214
213
232
221
237
249
219
224
218
217
200
224
209
218
229
226
226
239
225
226
211
216
207
201
207
202
214
199
197
197
205
202
199
189
206
194
201
190
176
169
173
174
179
188
205
199
211
210
202
211
217
226
220
241
225
238
226
242
248
248
241
215
236
204
211
196
191
204
199
216
213
207
208
206
235
216
249
234
254
225
239
230
214
238
232
243
230
217
205
218
211
201
205
221
194
200
191
211
212
213
209
183
206
191
197
192
180
189
193
188
195
172
173
183
169
166
156
161
142
146
146
151
143
132
136
129
135
131
124
131
125
127
122
131
128
135
131
139
129
119
106
106
106
108
114
106
107
104
118
110
125
120
129
129
148
135
151
142
142
137
127
127
128
131
131
113
113
122
118
125
134
130
126
140
132
132
127
129
124
120
121
128
124
126
119
116
115
119
129
131
126
130
120
132
131
143
139
142
159
152
157
147
151
160
156
155
153
125
120
125
148
125
126
125
133
145
139
154
161
140
151
139
160
134
139
147
140
139
120
129
124
125
132
147
139
142
132
142
135
139
132
150
139
130
138
134
132
128
141
147
144
149
135
154
144
150
144
134
134
128
126
120
108
122
112
129
125
131
137
140
137
140
133
134
151
139
173
171
157
154
167
155
170
170
177
167
164
163
179
156
175
173
194
201
210
200
195
189
198
197
207
195
226
194
205
186
198
181
167
169
171
166
161
180
191
189
199
177
177
186
165
170
176
181
184
180
193
215
194
238
180
177
164
163
139
143
134
154
134
133
134
136
140
142
149
158
171
166
165
162
157
152
150
154
162
172
180
159
166
186
181
175
166
193
168
187
188
190
211
208
221
222
247
244
252
240
254
263
263
257
274
274
272
290
262
277
295
294
276
302
297
325
291
289
320
272
262
268
251
244
251
252
258
241
234
225
231
235
240
248
246
233
232
219
230
205
208
203
183
182
172
169
158
173
158
141
135
140
139
122
126
126
142
137
131
122
137
135
142
134
136
142
141
139
143
162
158
150
140
138
141
140
146
141
158
138
166
129
134
133
146
160
143
154
154
153
160
161
169
149
150
143
150
154
155
146
151
161
158
160
156
170
160
170
165
179
167
173
173
152
158
142
131
136
121
111
113
113
109
114
114
119
119
129
140
141
147
151
170
180
184
177
172
168
150
157
168
174
167
165
168
152
151
144
147
149
146
139
144
136
142
134
156
147
141
142
141
145
145
145
149
130
121
116
131
