746
818
787
789
687
655
675
663
580
558
524
503
544
508
471
458
459
452
445
451
440
417
433
440
395
432
411
412
392
411
378
407
375
403
410
406
405
422
421
388
380
380
337
366
342
342
335
328
320
322
324
310
326
288
294
272
283
272
263
252
260
263
248
265
260
270
274
300
288
293
294
306
292
308
298
290
297
320
306
300
285
269
268
274
279
274
276
268
270
246
279
250
267
245
280
273
281
272
265
295
283
277
251
256
259
257
253
281
282
263
268
240
248
217
230
193
182
181
180
185
180
195
183
195
195
198
207
205
202
206
219
228
228
239
245
269
254
255
231
240
249
243
265
258
265
288
279
276
258
250
247
257
254
258
231
241
214
212
195
205
198
201
195
207
216
229
228
227
218
218
216
218
213
199
227
203
198
219
209
236
214
225
205
217
199
213
200
198
200
183
199
198
200
198
193
199
185
179
177
176
168
173
158
149
151
139
134
147
137
136
129
127
128
139
131
156
139
150
146
151
162
154
169
163
158
161
172
163
190
170
181
175
170
168
158
177
181
172
180
185
179
160
167
164
162
159
161
160
171
172
159
168
159
142
150
131
132
145
133
136
137
140
146
146
128
145
139
135
140
124
112
108
104
107
111
112
114
112
108
115
110
112
108
111
119
117
117
109
124
121
133
139
134
140
136
140
127
135
134
151
145
144
135
126
117
111
106
108
105
100
98
97
103
111
116
111
106
114
122
127
126
126
128
118
112
110
116
120
120
123
118
118
114
127
125
143
131
152
130
153
132
136
136
141
137
150
139
159
145
151
155
183
166
158
157
149
162
152
165
170
182
166
189
178
183
154
157
155
164
150
174
157
161
143
152
147
151
177
147
162
155
156
146
143
140
150
142
145
157
145
149
151
163
171
168
169
183
184
181
191
207
237
204
195
203
209
212
233
228
218
240
238
251
260
270
271
296
295
303
293
287
286
270
252
237
235
226
226
230
246
244
246
221
230
236
237
237
263
268
267
254
267
253
245
234
218
220
225
231
223
227
221
239
251
256
284
278
314
287
280
284
288
282
300
287
286
261
257
281
254
268
258
278
260
298
280
324
296
330
286
279
273
298
292
279
299
300
334
338
378
308
333
355
344
317
316
342
321
324
342
343
333
333
328
318
337
334
329
328
312
297
297
304
288
281
273
258
270
282
302
277
299
315
307
308
334
326
341
319
313
308
334
307
319
322
320
325
288
283
290
270
271
286
269
274
303
294
283
308
280
296
264
278
268
260
254
280
275
304
246
250
238
247
259
222
246
222
216
220
233
224
233
235
238
240
217
229
212
231
254
234
268
245
251
247
226
231
228
203
216
193
205
196
183
186
188
208
201
210
201
241
228
259
219
234
234
250
244
240
238
236
242
255
280
283
292
282
285
268
259
258
263
225
223
217
235
222
253
253
265
239
251
233
227
242
245
240
255
256
257
267
271
289
286
277
291
266
267
253
278
263
270
265
296
276
279
290
268
259
247
240
223
223
230
204
197
206
216
207
211
201
211
220
231
229
241
227
242
235
220
227
236
237
229
225
236
232
237
236
255
247
235
241
233
215
203
195
211
206
204
198
183
201
185
191
169
164
163
169
170
178
168
165
180
183
197
205
220
227
252
233
251
258
247
233
222
224
247
250
241
227
223
236
233
222
245
239
225
218
207
229
233
215
209
214
232
223
249
265
271
248
262
233
224
208
224
225
241
235
224
210
230
189
196
197
204
211
191
202
174
187
166
186
153
174
177
172
182
178
171
179
173
205
174
184
176
182
145
150
129
129
117
116
126
118
140
115
118
119
115
109
114
123
125
120
120
117
124
120
135
121
137
117
119
116
119
117
123
127
146
137
150
129
136
146
145
147
153
161
152
164
150
140
135
136
146
127
120
117
124
130
129
143
136
158
138
131
133
129
130
120
123
134
140
122
140
135
141
129
113
119
122
129
108
120
112
119
109
125
111
102
105
111
112
122
120
104
97
106
93
94
88
85
82
81
85
82
76
84
84
101
94
99
98
106
96
93
89
92
99
105
117
111
112
114
113
111
114
119
130
124
114
110
113
105
104
105
91
80
76
79
77
68
68
62
64
64
65
60
59
57
57
57
57
57
57
57
57
57
57
57
57
57
57
57
57
57
57
57
57
57
57
57
57
57
57
57
57
57
57
57
57
57
57
57
57
57
57
57
57
57
57
57
57
57
57
57
57
57
57
57
57
57
57
57
57
57
57
57
57
57
57
57
57
57
57
57
57
57
57
