745
891
726
684
671
640
593
594
639
637
694
608
627
623
562
570
539
523
563
529
526
524
529
486
457
478
443
443
480
421
450
422
429
444
432
396
405
385
419
383
427
363
392
371
371
358
359
325
360
319
341
325
312
319
305
308
310
312
355
323
331
332
339
333
330
322
319
297
305
294
291
274
261
257
255
263
270
274
263
268
280
277
272
260
262
261
257
271
254
256
239
248
234
257
255
252
265
285
273
303
289
298
296
300
313
315
306
292
276
272
265
255
258
252
264
270
271
259
276
260
297
267
253
232
220
227
227
224
249
234
240
242
263
245
250
250
240
253
256
248
253
250
266
248
252
259
240
250
237
246
249
274
289
285
302
297
308
310
349
325
313
337
297
311
280
335
287
292
280
285
280
275
295
296
307
273
259
235
228
232
263
240
238
228
218
221
242
245
248
238
244
241
288
241
266
255
265
273
265
240
248
208
207
195
173
172
181
170
170
163
186
181
187
196
185
163
175
184
191
203
207
216
218
210
228
207
217
209
235
227
227
209
211
199
204
199
197
180
192
205
199
203
196
188
174
159
172
163
152
165
156
168
153
181
178
185
198
192
189
181
178
164
166
162
158
161
153
140
146
149
144
145
147
145
148
142
135
148
132
123
116
114
118
112
112
114
120
107
125
106
121
108
123
125
135
96
96
94
98
93
106
92
100
100
103
107
111
121
111
124
101
103
102
110
108
113
104
123
112
120
97
98
98
100
96
100
98
104
110
106
105
100
90
90
91
89
83
84
87
83
92
81
79
81
83
82
87
82
85
81
82
82
85
90
85
86
86
84
89
86
85
82
87
75
79
75
77
84
74
74
70
70
67
65
66
68
69
68
72
69
73
69
73
72
72
69
77
66
64
65
66
65
68
65
66
63
66
63
67
65
69
65
65
66
67
72
70
82
66
65
61
60
60
58
57
55
55
55
55
55
55
55
55
55
55
55
55
55
55
55
55
55
55
55
55
55
55
55
55
55
55
55
55
55
55
55
55
55
55
55
55
55
55
55
55
55
55
55
55
55
55
55
55
55
55
55
55
55
55
55
55
55
55
55
55
55
55
55
55
55
55
55
55
55
55
55
55
55
55
55
55
55
55
55
55
55
55
55
55
55
55
55
55
55
55
55
55
55
55
55
55
55
55
55
55
55
55
55
55
55
55
55
55
55
55
55
55
55
55
55
55
55
55
55
55
55
55
55
55
55
55
55
55
55
55
55
55
55
55
55
55
55
55
55
55
55
55
55
55
55
55
55
55
55
55
55
55
55
55
55
55
55
55
55
55
55
55
55
55
55
55
55
55
55
55
55
55
55
55
55
55
55
55
55
55
55
55
55
55
55
55
55
55
55
55
55
55
55
55
55
55
55
55
55
55
55
55
55
55
55
55
55
55
55
55
55
55
55
55
55
55
55
55
55
55
55
55
55
55
55
55
55
55
55
55
55
55
55
55
55
55
55
55
55
55
55
55
55
55
55
55
55
55
55
55
55
55
55
55
55
55
55
55
55
55
55
55
55
55
55
55
55
55
55
55
55
55
55
55
55
55
55
55
55
55
55
55
55
55
55
55
55
55
55
55
55
55
55
55
55
55
55
55
55
55
55
55
55
55
55
55
55
55
55
55
55
55
55
55
55
55
55
55
55
55
55
55
55
55
55
55
55
55
55
55
55
55
55
55
55
55
55
55
55
55
55
55
55
55
55
55
55
55
55
55
55
55
55
55
55
55
55
55
55
55
55
55
55
55
55
55
55
55
55
55
55
55
55
55
55
55
55
55
55
55
55
55
55
55
55
55
55
55
55
55
55
55
55
55
55
55
55
55
55
55
55
55
55
55
55
55
55
55
55
55
55
55
55
55
55
55
55
55
55
55
55
55
55
55
55
55
55
55
55
55
55
55
55
55
55
55
55
55
55
55
55
55
55
55
55
55
55
55
55
55
55
55
55
55
55
55
55
55
55
55
55
55
55
55
55
55
55
55
55
55
55
55
55
55
55
55
55
55
55
55
55
55
55
55
55
55
55
55
55
55
55
55
55
55
55
55
55
55
55
55
55
55
55
55
55
55
55
55
55
55
55
55
55
55
55
55
55
55
55
55
55
55
55
55
55
55
55
55
55
55
55
55
55
55
55
55
55
55
55
55
55
55
55
55
55
55
55
55
55
55
55
55
55
55
55
55
55
55
55
55
55
55
55
55
55
55
55
55
55
55
55
55
55
55
55
55
55
55
55
55
55
55
55
55
55
