729
773
718
715
661
638
635
571
570
532
526
490
564
501
452
425
410
429
413
433
403
396
403
374
379
376
353
354
347
371
377
383
355
357
351
349
340
329
335
315
324
302
284
307
293
307
293
303
298
311
272
265
279
300
307
302
296
316
311
333
304
277
266
272
267
249
247
244
235
214
203
185
206
209
209
226
223
220
227
242
228
232
236
240
240
250
225
220
228
243
233
229
215
244
218
226
227
239
261
232
279
252
286
247
272
253
253
232
220
225
236
245
213
242
214
255
241
271
253
280
274
283
241
234
233
241
228
216
199
172
176
171
159
153
164
171
160
160
149
156
160
162
171
169
174
177
185
191
201
211
190
206
205
192
196
187
200
193
191
189
174
186
173
175
157
143
132
154
143
146
133
133
142
138
139
146
137
150
137
112
99
103
107
111
108
102
104
114
116
116
129
125
117
126
127
134
127
146
127
136
121
120
129
118
137
121
131
129
127
125
133
122
120
118
124
94
97
96
92
95
99
100
109
99
95
92
84
83
90
87
90
93
93
104
87
92
84
95
87
101
98
95
94
99
93
99
105
106
99
110
109
108
117
115
121
128
131
151
138
158
154
152
141
154
150
158
149
152
148
136
139
147
139
142
150
159
141
144
146
150
148
160
155
153
179
148
155
150
145
130
129
118
112
108
106
94
103
93
100
101
98
99
101
98
94
99
104
93
103
92
89
85
80
86
76
73
74
76
79
84
90
93
95
87
101
91
93
96
111
89
89
81
74
84
74
66
66
68
65
67
64
67
66
73
73
83
77
85
93
107
100
107
112
116
117
127
136
144
155
155
146
139
147
142
143
139
149
156
140
136
144
129
147
132
155
152
146
149
167
170
168
167
175
169
203
183
181
173
187
180
184
184
185
183
158
150
152
150
153
147
151
130
129
128
126
132
131
136
156
151
159
171
184
166
166
168
173
166
167
173
186
175
204
199
215
198
212
205
210
191
220
234
222
220
211
213
206
211
216
215
236
228
219
212
229
209
209
212
212
210
236
251
248
268
265
292
241
242
238
273
226
245
215
208
226
216
228
237
236
233
239
232
194
188
178
176
179
166
176
190
175
189
184
205
196
207
200
207
202
210
201
203
215
214
235
234
233
241
234
252
224
252
225
236
215
244
233
248
248
247
248
238
246
222
232
246
257
235
238
236
228
217
232
215
215
198
184
177
183
183
193
201
192
182
182
182
177
181
194
192
183
176
180
174
171
162
160
154
144
149
150
151
154
150
146
150
144
150
140
140
153
129
141
133
144
146
143
130
138
120
122
118
123
121
125
122
129
132
132
144
134
157
145
175
164
172
174
180
186
206
179
190
162
162
166
162
168
193
182
179
196
204
215
202
191
204
187
178
160
164
160
167
178
194
185
198
199
206
192
200
199
194
181
208
201
201
201
190
195
203
208
209
212
210
215
208
208
208
223
223
232
227
245
219
253
244
270
266
274
275
258
276
250
258
263
271
258
282
287
277
267
284
257
287
253
276
271
261
250
257
241
230
238
230
244
248
275
252
267
262
281
275
259
236
231
216
230
227
246
231
262
245
255
234
238
231
240
253
254
242
235
254
246
251
255
234
237
226
239
252
251
267
291
282
298
279
291
260
275
280
266
250
236
242
231
244
236
268
253
261
263
242
246
280
257
267
247
256
252
239
232
225
238
239
239
260
260
277
249
231
240
209
207
209
211
226
232
244
259
252
229
213
208
191
211
191
184
179
182
160
149
140
147
150
148
138
148
144
147
135
135
138
146
142
134
139
141
141
146
141
149
148
166
150
155
153
160
157
160
178
167
172
158
157
169
166
167
168
170
168
158
152
154
147
169
147
164
150
153
152
140
147
147
152
157
158
159
148
162
150
156
157
166
159
171
189
177
197
192
181
172
190
171
185
179
181
200
173
179
179
192
185
195
192
199
193
185
190
171
189
187
208
191
184
189
181
187
185
168
183
171
179
187
187
192
181
197
202
193
213
198
212
202
216
190
190
187
189
190
194
192
180
188
185
182
180
176
181
188
190
178
182
164
159
163
156
164
162
169
171
184
172
190
175
192
193
182
200
180
158
151
134
128
126
121
118
119
125
127
130
125
122
116
124
126
123
128
126
124
127
127
146
128
133
133
144
135
138
128
128
129
136
134
129
133
140
134
140
143
142
142
138
142
115
120
113
109
114
110
114
113
120
118
113
120
118
123
128
129
129
135
124
129
126
125
128
131
141
140
140
139
134
135
136
146
133
140
137
133
147
