705
883
780
769
715
695
656
620
590
585
544
544
501
468
479
430
399
400
399
411
411
413
379
354
361
363
353
340
345
341
344
326
340
313
332
332
317
325
326
305
305
300
277
308
329
344
346
336
337
299
312
347
333
323
341
299
342
298
313
307
318
305
303
313
299
285
291
292
290
298
300
313
282
313
285
315
307
328
288
296
294
313
265
278
270
288
248
248
237
236
226
223
239
230
261
239
237
215
225
220
230
239
253
242
249
257
266
289
286
314
283
246
249
247
233
236
244
243
278
265
267
262
256
249
267
226
226
219
222
227
208
197
205
194
192
199
174
189
186
189
204
190
198
195
190
188
195
170
163
167
153
149
149
143
144
150
158
160
170
152
137
141
144
148
138
136
143
145
156
163
165
179
189
164
189
170
156
154
154
160
156
163
147
149
135
131
119
110
112
114
119
124
125
133
136
153
153
159
160
150
160
154
165
156
151
161
173
158
164
166
179
168
187
180
199
184
230
215
228
214
220
195
193
201
189
196
205
217
200
221
192
203
187
193
185
199
183
194
176
184
192
186
182
175
166
162
155
155
163
175
158
151
157
148
163
149
166
160
175
166
156
163
171
188
211
225
221
238
250
250
264
228
241
211
228
212
225
199
212
215
223
210
224
223
221
224
231
244
215
242
239
232
236
249
238
244
211
233
225
231
222
264
228
220
234
253
266
257
249
251
237
232
232
237
239
243
241
231
236
227
218
241
218
225
223
225
222
235
246
234
222
236
225
243
234
232
202
222
208
236
201
238
219
249
235
251
229
245
254
252
237
225
215
217
219
229
207
204
208
200
206
192
209
196
192
205
196
192
191
183
183
186
175
155
173
178
186
186
187
178
173
163
167
175
177
185
187
183
184
177
174
196
183
192
181
180
179
182
178
184
197
197
208
207
176
199
197
190
192
201
187
202
200
232
227
249
228
245
236
258
267
257
265
265
234
254
246
231
207
199
211
196
198
207
201
207
196
190
196
176
188
190
206
214
230
223
223
230
239
231
213
185
196
159
156
162
156
174
137
131
138
120
108
110
106
106
110
114
121
125
129
128
131
134
123
119
120
127
138
137
136
144
126
142
121
122
105
119
107
118
109
117
107
122
110
117
109
120
117
126
121
127
106
114
101
97
102
107
111
116
103
102
105
104
105
118
121
114
114
115
120
117
129
122
130
139
123
132
122
122
122
122
107
112
107
114
107
111
111
96
99
88
95
92
85
90
94
102
104
101
107
109
102
96
93
94
103
99
111
96
95
100
104
117
111
117
119
122
117
119
118
115
127
132
133
122
129
126
133
119
118
116
117
116
110
114
120
104
104
100
104
97
107
105
118
124
142
131
147
142
169
144
166
142
148
161
156
138
134
140
142
130
130
122
126
114
109
104
101
101
104
103
100
93
91
88
87
85
85
85
85
85
85
85
85
85
85
85
85
85
85
85
85
85
85
85
85
85
85
85
85
85
87
82
79
77
78
78
78
78
78
78
78
78
78
78
78
78
78
78
78
78
78
80
76
73
71
71
71
71
71
71
71
71
71
71
71
71
71
71
71
71
71
71
71
71
71
71
71
71
71
71
71
71
71
71
71
71
71
71
71
71
71
71
71
71
71
71
71
71
71
71
71
71
71
71
71
71
71
71
71
71
71
71
71
71
71
71
71
71
71
71
71
71
71
71
71
71
71
71
71
71
71
71
71
71
71
71
71
71
71
71
71
71
71
71
71
71
71
71
71
71
71
71
71
71
71
71
71
71
71
71
71
71
71
71
71
71
71
71
71
71
71
71
71
71
71
71
71
71
71
71
71
71
71
71
71
71
71
71
71
71
71
71
71
71
71
71
71
71
71
71
71
71
71
71
71
71
71
71
71
71
71
71
71
71
71
71
71
71
71
71
71
71
71
71
71
71
71
71
71
71
71
71
71
71
71
71
71
71
71
71
71
71
71
71
71
71
71
71
71
71
71
71
71
71
71
71
71
71
71
71
71
71
71
71
71
71
71
71
71
71
71
71
71
71
71
71
71
71
71
71
71
71
71
71
71
71
71
71
71
71
71
71
71
71
71
71
71
71
71
71
71
71
71
71
71
71
71
71
71
71
71
71
71
71
71
71
71
71
71
71
71
71
71
71
71
71
71
71
71
71
71
71
71
71
71
71
71
71
71
71
71
71
71
71
71
71
71
71
71
71
71
71
71
71
71
71
71
71
71
71
71
71
71
71
71
71
71
71
71
71
71
71
71
71
71
71
71
71
