720
824
760
709
668
587
612
581
567
565
563
595
506
520
465
460
439
437
458
399
454
411
431
412
419
427
432
392
423
390
452
415
450
451
482
442
458
405
429
378
403
366
395
395
376
407
391
374
377
356
361
388
363
401
379
389
385
368
401
374
360
399
393
373
365
353
360
380
376
384
347
385
347
338
299
325
313
325
295
313
304
301
309
301
299
304
290
278
286
280
262
259
260
252
248
266
252
240
265
257
244
259
247
258
241
255
249
255
238
243
256
266
218
226
232
229
230
230
241
238
235
229
229
224
230
248
234
241
263
259
256
259
250
257
251
264
257
272
262
269
259
241
242
232
215
208
215
211
214
239
225
216
199
227
206
210
219
219
175
188
181
172
174
187
186
166
173
158
155
150
145
146
149
146
156
147
144
143
164
159
172
175
179
163
166
175
164
179
179
161
175
164
175
170
174
181
176
167
170
177
189
203
216
220
215
230
222
217
228
223
249
225
245
234
240
238
231
232
238
231
249
250
235
245
227
213
196
206
213
215
201
179
181
177
177
184
173
154
160
158
162
159
158
162
162
176
171
178
172
180
165
163
181
163
167
162
187
166
175
177
181
176
173
177
179
174
166
175
160
165
160
172
164
187
169
178
180
203
190
181
176
177
185
192
207
227
226
215
226
213
212
208
218
227
218
242
232
246
236
229
226
257
225
230
230
232
234
220
228
238
229
260
241
256
238
262
249
256
221
228
213
209
202
201
197
198
182
183
183
171
157
154
139
143
138
136
140
142
144
149
148
157
146
148
147
157
153
150
145
151
148
141
146
151
157
140
141
144
141
148
153
171
162
173
172
172
167
176
193
188
202
195
201
187
185
188
188
205
190
182
172
182
186
202
202
198
189
200
201
202
206
214
200
197
201
188
198
193
209
191
198
198
202
194
189
192
196
211
167
161
148
141
159
139
148
136
150
142
161
138
139
129
134
136
134
136
137
146
155
145
160
148
154
151
144
140
147
141
139
139
129
133
134
132
132
146
142
150
158
159
156
142
158
148
156
157
145
161
161
173
173
180
174
178
192
209
178
178
174
181
168
184
189
194
198
199
222
205
223
219
225
221
211
215
236
206
209
177
166
161
178
175
192
189
195
214
193
191
193
198
182
194
177
181
171
165
165
163
159
164
151
155
152
155
142
140
120
119
119
108
120
101
112
102
95
118
102
127
101
106
97
107
106
114
109
114
120
122
124
119
134
132
129
132
131
137
146
148
150
166
146
159
131
148
144
151
124
114
117
120
129
121
106
101
100
105
101
104
98
100
106
95
100
97
107
96
107
99
91
90
91
85
82
82
84
85
89
87
95
84
81
77
77
77
77
77
77
77
77
77
77
77
77
77
77
77
77
77
77
77
77
77
77
77
77
77
77
77
77
77
77
77
77
77
77
77
77
77
77
77
77
77
77
77
77
77
77
77
77
77
77
77
77
77
77
77
77
77
77
77
77
77
77
77
77
77
77
77
77
77
77
77
77
77
77
77
77
77
77
77
77
77
77
77
77
77
77
77
77
77
77
77
77
77
77
77
77
77
77
77
77
77
77
77
77
77
77
77
77
77
77
77
77
77
77
77
77
77
77
77
77
77
77
77
77
77
77
77
77
77
77
77
77
77
77
77
77
77
77
77
77
77
77
77
77
77
77
77
77
77
77
77
77
77
77
77
77
77
77
77
77
77
77
77
77
77
77
77
77
77
77
77
77
77
77
77
77
77
77
77
77
77
77
77
77
77
77
77
77
77
77
77
77
77
77
77
77
77
77
77
77
77
77
77
77
77
77
77
77
77
77
77
77
77
77
77
77
77
77
77
77
77
77
77
77
77
77
77
77
77
77
77
77
77
77
77
77
77
77
77
77
77
77
77
77
77
77
77
77
77
77
77
77
77
77
77
77
77
77
77
77
77
77
77
77
77
77
77
77
77
77
77
77
77
77
77
77
77
77
77
77
77
77
77
77
77
77
77
77
77
77
77
77
77
77
77
77
77
77
77
77
77
77
77
77
77
77
77
77
77
77
77
77
77
77
77
77
77
77
77
77
77
77
77
77
77
77
77
77
77
77
77
77
77
77
77
77
77
77
77
77
77
77
77
77
77
77
77
77
77
77
77
77
77
77
77
77
77
77
77
77
77
77
77
77
77
77
77
77
77
77
77
77
77
77
77
77
77
77
77
77
77
77
77
77
77
77
77
77
77
77
77
77
77
77
77
77
77
77
77
77
77
77
77
77
77
77
77
77
77
