765
838
754
722
616
607
571
595
553
527
543
493
488
455
486
455
456
454
483
476
475
466
466
451
419
424
431
417
414
435
426
412
381
385
370
359
352
349
322
291
249
256
262
245
239
247
268
260
258
270
267
282
274
268
275
278
278
286
307
284
289
267
279
256
262
257
253
260
255
257
261
267
287
268
253
250
250
228
219
214
206
200
169
164
168
168
170
167
163
157
165
152
151
144
158
158
158
164
178
172
169
187
154
167
167
169
190
193
195
194
201
200
195
211
221
204
216
206
227
235
239
234
260
246
248
226
232
239
240
249
208
212
200
233
215
204
209
201
200
204
227
216
207
191
200
203
212
201
205
212
200
196
184
182
185
177
164
162
168
169
173
186
166
186
180
201
201
207
205
236
215
229
248
226
208
206
201
210
207
188
205
209
200
217
197
198
206
176
176
165
170
166
166
169
164
156
149
148
172
158
155
148
138
128
135
139
130
128
135
136
132
127
130
132
130
130
124
125
128
128
128
136
140
130
131
133
144
147
141
141
137
150
143
161
153
169
166
153
151
142
157
144
155
133
125
141
128
151
141
135
142
139
156
150
153
148
144
141
139
136
144
140
135
142
129
133
134
146
144
135
137
123
122
130
123
139
116
120
123
122
123
134
134
140
141
138
138
122
131
125
133
128
122
126
130
130
137
133
137
130
135
128
119
125
118
133
119
141
141
139
134
143
138
134
130
130
128
120
132
128
131
122
128
126
141
126
134
133
136
124
125
124
126
127
134
123
120
117
110
122
106
105
98
99
100
101
105
115
112
117
125
128
138
132
130
142
128
123
132
141
139
127
126
113
114
116
115
114
117
108
108
106
110
109
120
110
113
115
120
126
135
140
137
155
135
128
143
149
135
146
139
136
138
149
142
149
137
145
145
151
141
146
152
148
156
157
163
159
164
155
163
163
163
183
160
147
136
132
133
127
126
132
131
141
139
137
142
140
124
127
126
126
140
117
115
111
112
114
102
100
102
103
103
107
100
103
103
103
105
111
105
107
108
107
114
117
109
112
121
123
117
124
118
114
119
121
120
121
126
121
133
131
138
137
125
136
122
118
123
122
119
126
129
130
128
116
119
114
117
117
108
110
115
123
127
133
136
138
146
138
136
144
146
129
134
121
129
128
128
133
135
140
131
139
132
129
135
134
145
140
150
146
159
155
159
149
152
153
142
141
130
133
134
137
138
136
133
143
136
144
142
142
143
144
129
132
136
133
128
122
128
128
134
135
134
135
137
136
151
146
150
148
158
153
158
135
127
126
133
134
144
152
145
157
147
161
163
170
160
164
172
190
171
174
175
185
187
195
197
192
195
205
188
198
191
183
162
181
166
159
155
156
157
159
144
138
144
147
150
148
153
156
135
143
127
139
128
143
132
138
137
130
123
127
130
133
133
135
134
138
138
145
145
132
135
128
119
115
118
117
121
112
117
111
109
110
111
108
109
105
110
113
112
128
114
113
114
107
108
105
106
105
113
109
111
105
110
105
110
104
106
99
102
102
104
106
107
115
116
120
122
126
121
126
117
140
117
115
111
106
108
107
117
117
122
125
121
136
139
145
141
150
145
158
138
131
125
113
112
109
117
119
120
119
111
118
122
113
121
110
102
107
109
116
119
127
129
125
125
131
144
136
150
137
147
137
139
149
135
133
137
137
158
145
161
159
156
156
151
152
161
156
165
165
157
164
162
166
164
158
169
170
181
183
192
170
190
174
180
162
169
172
181
168
162
163
159
161
152
165
159
169
168
168
174
178
199
191
168
179
168
172
166
162
148
158
155
142
149
135
123
120
112
109
112
107
107
111
103
112
102
103
105
103
100
97
101
94
89
89
89
89
89
89
89
89
89
89
89
89
89
89
89
89
89
89
89
89
89
89
89
89
89
89
89
89
89
89
89
89
89
89
89
89
89
89
89
89
89
89
89
89
89
89
89
89
89
89
89
89
89
89
89
89
89
89
89
89
89
89
89
89
89
89
89
89
89
89
89
89
89
89
89
89
89
89
89
89
89
89
89
89
89
89
89
89
89
89
89
89
89
89
89
89
89
89
89
89
89
89
89
89
89
89
89
89
89
89
89
89
89
89
89
89
89
89
89
89
89
89
89
89
89
89
89
89
89
89
89
89
89
89
89
89
89
89
89
89
89
89
89
89
89
89
89
89
89
89
89
89
89
89
89
89
89
89
89
89
89
89
89
89
89
89
89
89
89
89
89
89
89
89
89
89
89
89
89
89
89
89
