741
819
724
706
673
654
627
616
594
599
586
558
504
478
474
469
463
502
468
467
440
463
475
483
460
438
432
457
433
443
415
377
384
352
388
382
375
361
368
354
325
337
326
329
305
301
313
296
276
261
256
268
269
278
262
235
237
227
230
217
229
210
223
221
217
224
207
223
201
210
186
171
167
155
161
151
152
162
148
155
154
158
156
150
152
162
178
181
191
183
168
170
179
178
179
168
176
183
176
171
164
164
144
154
166
144
143
117
120
125
109
110
117
112
125
127
131
131
136
140
126
140
138
106
121
117
125
107
127
120
157
109
103
94
101
101
109
100
99
88
99
94
84
85
88
97
94
105
94
99
103
100
103
102
113
103
113
100
114
116
123
130
137
142
146
143
120
123
115
122
120
137
117
119
106
105
105
103
106
112
112
101
102
98
104
100
98
109
126
108
100
98
102
109
104
113
109
128
120
147
127
146
132
137
94
102
97
100
104
109
122
110
113
123
113
116
121
131
118
117
122
123
122
126
141
134
127
123
123
118
123
123
121
121
123
122
126
124
133
125
129
115
117
128
124
121
112
108
109
118
111
117
116
122
119
112
114
112
113
118
123
120
116
131
120
125
135
134
136
131
130
134
129
128
126
128
127
129
132
129
137
131
135
134
142
138
147
135
127
123
121
124
119
119
116
120
113
111
110
103
99
99
95
99
98
104
101
109
102
99
97
95
95
95
94
94
94
92
91
89
89
89
89
89
89
89
89
89
89
89
89
89
89
89
89
89
89
89
89
89
89
89
89
89
89
89
89
89
89
89
89
89
89
89
89
89
89
89
89
89
89
89
89
89
89
89
89
89
89
89
89
89
89
89
89
89
89
89
89
89
89
89
89
89
89
89
89
89
89
89
89
89
89
89
89
89
89
89
89
89
89
89
89
89
89
89
89
89
89
89
89
89
89
89
89
89
89
89
89
89
89
89
89
89
89
89
89
89
89
89
89
89
89
89
89
89
89
89
89
89
89
89
89
89
89
89
89
89
89
89
89
89
89
89
89
89
89
89
89
89
89
89
89
89
89
89
89
89
89
89
89
89
89
89
89
89
89
89
89
89
89
89
89
89
89
89
89
89
89
89
89
89
89
89
89
89
89
89
89
89
89
89
89
89
89
89
89
89
89
89
89
89
89
89
89
89
89
89
89
89
89
89
89
89
89
89
89
89
89
89
89
89
89
89
89
89
89
89
89
89
89
89
89
89
89
89
89
89
89
89
89
89
89
89
89
89
89
89
89
89
89
89
89
89
89
89
89
89
89
89
89
89
89
89
89
89
89
89
89
89
89
89
89
89
89
89
89
89
89
89
89
89
89
89
89
89
89
89
89
89
89
89
89
89
89
89
89
89
89
89
89
89
89
89
89
89
89
89
89
89
89
89
89
89
89
89
89
89
89
89
89
89
89
89
89
89
89
89
89
89
89
89
89
89
89
89
89
89
89
89
89
89
89
89
89
89
89
89
89
89
89
89
89
89
89
89
89
89
89
89
89
89
89
89
89
89
89
89
89
89
89
89
89
89
89
89
89
89
89
89
89
89
89
89
89
89
89
89
89
89
89
89
89
89
89
89
89
89
89
89
89
89
89
89
89
89
89
89
89
89
89
89
89
89
89
89
89
89
89
89
89
89
89
89
89
89
89
89
89
89
89
89
89
89
89
89
89
89
89
89
89
89
89
89
89
89
89
89
89
89
89
89
89
89
89
89
89
89
89
89
89
89
89
89
89
89
89
89
89
89
89
89
89
89
89
89
89
89
89
89
89
89
89
89
89
89
89
89
89
89
89
89
89
89
89
89
89
89
89
89
89
89
89
89
89
89
89
89
89
89
89
89
89
89
89
89
89
89
89
89
89
89
89
89
89
89
89
89
89
89
89
89
89
89
89
89
89
89
89
89
89
89
89
89
89
89
89
89
89
89
89
89
89
89
89
89
89
89
89
89
89
89
89
89
89
89
89
89
89
89
89
89
89
89
89
89
89
89
89
89
89
89
89
89
89
89
89
89
89
89
89
89
89
89
89
89
89
89
89
89
89
89
89
89
89
89
89
89
89
89
89
89
89
89
89
89
89
89
89
89
89
89
89
89
89
89
89
89
89
89
89
89
89
89
89
89
89
89
89
89
89
89
89
89
89
89
89
89
89
89
89
89
89
89
89
89
89
89
89
89
89
89
89
89
89
89
89
89
89
89
89
89
89
89
89
89
89
89
89
89
89
89
89
89
89
89
89
89
89
89
