741
812
693
693
712
667
636
631
608
602
515
493
487
516
496
495
497
468
494
462
473
452
410
404
392
425
410
418
402
421
401
421
380
424
382
399
360
388
380
350
344
316
323
293
303
296
281
283
272
277
274
272
271
289
265
290
244
245
247
241
233
234
227
262
250
288
253
280
287
279
296
312
321
307
323
279
281
254
236
255
255
282
291
295
342
357
358
361
355
373
369
367
385
386
383
372
380
403
391
397
396
386
380
392
374
385
381
419
379
371
392
410
396
416
396
417
373
389
364
367
346
357
353
369
360
407
365
355
331
326
282
287
267
275
253
249
255
257
259
233
234
215
210
191
198
187
210
201
230
225
246
218
196
212
223
227
236
251
231
265
233
245
231
235
253
262
241
246
229
236
205
218
190
211
190
188
208
175
195
181
183
185
179
185
159
175
171
159
173
170
181
196
197
220
220
227
239
247
255
243
262
263
250
232
231
236
214
219
219
225
237
229
220
213
211
231
222
251
228
210
240
241
261
241
281
251
285
263
256
261
264
271
240
235
206
208
200
193
215
208
220
219
212
213
204
196
206
211
232
229
228
248
245
260
268
286
259
283
259
259
270
256
236
229
216
206
203
209
214
219
215
229
227
228
236
243
244
250
240
224
216
215
207
198
196
173
169
180
197
202
210
210
240
215
229
237
252
234
253
223
229
225
236
217
236
231
261
240
263
250
287
278
312
252
279
253
249
257
281
265
251
251
248
267
234
244
235
253
233
250
235
257
264
270
263
258
242
242
250
253
255
277
279
288
280
289
297
322
317
319
342
335
331
319
311
315
314
301
300
310
287
271
266
279
267
262
261
258
261
270
292
304
304
313
279
287
274
271
260
273
276
294
288
264
238
240
244
256
251
255
272
293
290
269
244
240
247
232
245
243
210
185
177
169
172
167
172
176
182
175
184
205
184
187
190
198
202
191
201
205
202
198
207
192
194
199
206
194
207
200
206
191
192
206
202
211
221
209
216
248
239
259
239
262
256
251
238
232
225
241
240
254
258
266
261
238
237
230
230
229
234
239
250
223
237
234
227
241
227
245
228
218
206
213
205
209
214
207
200
213
197
189
192
189
183
189
189
187
193
184
178
177
171
163
158
155
149
161
142
141
132
137
129
144
133
145
132
142
140
156
153
173
178
200
187
199
204
211
204
201
177
170
187
182
179
183
199
202
191
193
198
210
226
216
213
190
204
198
214
212
229
214
223
220
221
226
221
236
222
207
211
186
200
187
191
191
196
200
207
217
215
211
229
224
256
218
208
195
201
221
211
189
184
188
179
179
176
189
192
201
201
209
202
220
208
229
206
202
205
209
215
196
201
204
201
206
217
222
205
237
209
201
203
195
210
201
209
210
220
214
212
231
230
262
237
275
247
267
253
234
265
232
245
238
266
233
216
225
225
240
249
263
263
272
273
260
245
255
259
278
278
302
269
268
240
221
220
236
235
240
267
246
246
241
243
261
245
254
244
256
233
243
248
244
262
246
272
270
294
290
295
305
293
308
291
314
290
313
265
253
251
245
253
227
234
231
228
225
244
219
261
241
239
227
254
206
230
212
225
237
232
224
246
228
213
213
216
203
177
174
173
164
180
186
193
189
199
186
192
204
214
213
195
190
199
200
202
193
204
199
203
203
191
194
170
180
183
180
195
184
194
196
213
204
220
215
208
213
205
214
200
224
220
222
229
233
238
219
229
224
242
223
215
203
202
195
202
201
195
201
204
222
197
183
172
189
171
162
158
160
167
174
173
191
185
192
184
194
200
199
194
190
199
199
190
181
179
185
179
187
208
199
204
198
181
197
170
198
160
157
139
144
136
140
147
157
172
161
153
165
163
191
170
177
196
183
180
173
195
174
194
179
187
197
170
182
178
160
177
167
184
187
175
174
188
172
168
159
156
156
151
163
164
161
162
169
167
177
195
196
203
211
216
203
186
186
201
191
188
187
178
161
170
172
180
170
150
146
146
133
138
129
136
134
130
127
148
141
138
123
119
124
126
125
141
132
135
131
132
121
128
126
127
131
130
131
129
131
138
139
160
149
160
152
153
168
164
162
178
168
170
176
164
167
152
153
147
150
151
154
156
151
154
143
137
140
145
143
162
151
147
154
151
151
143
161
150
146
158
162
148
157
155
154
155
152
157
157
168
162
165
177
166
180
159
151
154
158
159
160
153
151
150
152
158
178
150
176
155
157
157
167
157
170
176
173
179
193
164
187
161
167
148
167
150
152
161
158
171
156
