738
795
712
700
631
597
574
571
546
529
541
492
540
507
559
472
467
444
452
465
417
448
384
395
374
415
377
389
372
367
389
401
346
381
339
373
360
362
374
361
404
398
404
435
451
413
440
430
446
449
414
396
406
393
358
376
407
431
393
403
395
399
371
390
360
386
400
358
361
307
301
303
292
282
284
267
301
293
285
308
305
298
299
297
295
287
267
265
288
307
304
283
302
312
293
273
288
285
286
292
287
276
281
294
273
282
243
277
272
301
253
254
276
274
294
298
331
296
288
282
257
253
253
242
240
253
228
231
224
228
207
220
201
229
199
190
199
201
199
204
201
232
229
254
244
270
259
264
245
252
247
251
249
245
255
261
278
280
291
281
268
257
283
276
300
285
252
238
233
253
247
248
250
247
249
250
257
264
263
268
266
267
256
252
248
246
240
252
243
258
266
256
250
227
235
237
203
214
217
223
213
218
210
212
210
208
224
212
183
178
188
177
178
178
189
184
202
187
204
198
237
215
225
239
249
219
216
214
214
207
212
225
230
212
191
204
192
192
198
173
179
165
173
164
164
172
160
188
167
170
172
173
169
182
162
169
168
179
185
170
161
182
178
183
189
181
191
189
204
186
201
186
187
195
199
187
197
204
182
204
190
199
187
179
184
180
190
172
178
188
178
198
189
211
184
188
190
196
178
182
187
196
177
201
186
202
194
214
202
204
185
204
194
208
212
220
214
221
224
221
228
227
230
231
245
234
215
221
195
209
214
221
212
226
211
202
194
202
202
207
190
210
214
217
209
205
205
192
206
176
163
166
163
158
177
158
162
144
153
148
149
150
152
148
152
133
131
115
116
114
115
118
120
123
129
123
141
135
160
144
163
161
192
148
151
142
153
137
148
146
141
147
146
162
147
167
151
172
164
178
159
159
145
141
141
127
121
119
119
111
127
112
120
110
113
111
119
115
115
102
101
105
103
110
106
106
105
112
113
121
115
121
123
121
122
119
126
123
121
121
116
122
117
118
122
129
123
123
126
134
131
138
127
137
133
150
138
142
148
142
159
149
152
150
161
153
156
177
141
140
131
124
129
127
123
119
129
117
120
117
114
120
124
132
134
135
129
146
128
146
133
145
142
140
136
129
132
141
140
152
150
139
132
131
127
126
123
120
121
125
117
115
108
106
110
116
115
117
116
116
124
116
119
100
101
102
102
106
103
99
103
100
105
105
104
115
107
115
103
98
100
101
106
104
104
101
100
103
100
110
103
107
106
112
109
118
105
108
105
112
96
95
94
90
92
91
91
95
91
91
88
90
85
86
86
86
87
86
88
90
94
96
98
104
102
106
108
100
110
107
111
113
121
111
123
112
113
106
115
105
104
101
98
102
93
92
89
85
85
84
82
81
79
79
79
79
79
79
79
79
79
79
79
79
79
79
79
79
79
79
79
79
79
79
79
79
79
79
79
79
79
79
79
79
79
79
79
79
79
79
79
79
79
79
79
79
79
79
79
79
79
79
79
79
79
79
79
79
79
79
79
79
79
79
79
79
79
79
79
79
79
79
79
79
79
79
79
79
79
79
79
79
79
79
79
79
79
79
79
79
79
79
79
79
79
79
79
79
79
79
79
79
79
79
79
79
79
79
79
79
79
79
79
79
79
79
79
79
79
79
79
79
79
79
79
79
79
79
79
79
79
79
79
79
79
79
79
79
79
79
79
79
79
79
79
79
79
79
79
79
79
79
79
79
79
79
79
79
79
79
79
79
79
79
79
79
79
79
79
79
79
79
79
79
79
79
79
79
79
79
79
79
79
79
79
79
79
79
79
79
79
79
79
79
79
79
79
79
79
79
79
79
79
79
79
79
79
79
79
79
79
79
79
79
79
79
79
79
79
79
79
79
79
79
79
79
79
79
79
79
79
79
79
79
79
79
79
79
79
79
79
79
79
79
79
79
79
79
79
79
79
79
79
79
79
79
79
79
79
79
79
79
79
79
79
79
79
79
79
79
79
79
79
79
79
79
79
79
79
79
79
79
79
79
79
79
79
79
79
79
79
79
79
79
79
79
79
79
79
79
79
79
79
79
79
79
79
79
79
79
79
79
79
79
79
79
79
79
79
79
79
79
79
79
79
79
79
79
79
79
79
79
79
79
79
79
79
79
79
79
79
79
79
79
79
79
79
79
79
79
79
79
79
79
79
79
79
79
79
79
79
79
79
79
79
79
79
79
79
79
79
79
79
79
79
79
79
79
79
79
79
79
79
79
79
79
79
79
79
79
