726
805
749
712
682
636
645
639
563
549
567
549
564
543
509
496
492
456
399
404
424
383
384
354
350
336
349
336
348
366
366
354
339
377
371
344
352
338
372
318
358
345
315
343
316
351
333
344
350
349
335
311
317
323
323
327
339
354
340
345
367
338
363
396
393
343
360
370
373
367
386
331
295
308
281
291
281
313
293
310
291
296
309
315
306
317
332
289
285
271
260
277
262
258
256
239
254
211
220
211
198
179
199
177
200
188
201
173
177
192
180
205
184
167
169
174
168
168
173
181
181
191
198
201
183
173
169
167
175
169
174
188
186
186
175
191
168
159
140
128
135
129
124
134
139
133
139
147
137
131
126
135
141
138
154
157
137
165
159
171
172
186
182
173
175
177
171
189
196
197
212
207
214
239
239
220
221
224
214
200
179
171
191
170
178
170
189
185
172
161
172
164
182
168
181
179
188
183
177
186
144
153
129
129
130
132
140
133
146
152
163
164
176
184
205
209
219
222
240
208
197
216
187
177
179
179
171
189
185
187
180
169
180
171
163
171
166
191
174
207
202
220
211
202
206
218
218
200
194
209
190
185
176
176
172
174
187
179
196
184
203
199
212
217
223
207
230
211
238
202
218
216
222
230
245
205
236
215
226
202
212
217
219
230
261
230
232
233
230
236
231
248
228
238
226
222
227
225
228
253
222
241
248
230
241
229
223
231
225
232
219
235
220
220
218
213
214
227
188
190
201
179
178
147
166
165
183
178
196
188
184
183
199
186
185
181
188
188
183
197
160
178
169
183
191
207
194
203
175
195
170
160
143
163
155
158
171
170
167
156
181
179
168
170
180
181
176
191
182
207
196
216
208
224
206
242
209
213
210
209
218
222
207
207
206
200
218
215
208
210
189
191
184
169
165
186
165
170
155
158
159
164
152
136
137
137
143
144
153
151
157
170
169
167
172
170
181
177
185
193
185
184
189
210
190
186
165
172
179
182
177
191
167
180
170
172
197
187
178
152
145
144
160
150
154
157
169
166
166
174
168
180
159
165
174
177
190
190
190
178
181
192
165
165
162
155
157
164
145
147
145
138
139
139
145
144
137
131
145
143
142
125
135
130
136
142
137
138
140
130
128
129
124
127
128
135
133
133
134
127
126
116
119
115
117
124
130
121
126
121
128
128
132
129
135
142
150
157
147
152
142
139
137
151
140
155
151
151
165
159
152
165
150
154
141
159
157
174
163
158
172
178
176
185
181
156
163
156
154
143
136
140
136
131
134
131
142
137
145
138
148
156
160
166
166
178
157
163
173
166
175
158
157
146
160
161
164
172
172
167
176
194
165
153
139
141
135
139
124
124
133
131
141
133
136
137
146
133
146
135
131
140
146
138
140
133
138
140
144
151
149
153
158
169
170
189
169
187
168
176
176
179
168
177
172
170
191
191
197
192
212
185
217
172
180
168
167
161
164
167
203
177
183
186
178
189
173
177
192
176
147
161
160
152
162
154
164
170
173
170
179
176
188
197
182
174
183
172
188
180
167
177
147
151
135
127
121
123
120
136
126
124
111
121
124
123
139
124
131
114
119
125
118
122
137
124
119
125
130
131
142
128
143
125
125
121
124
114
117
125
129
130
126
136
132
133
131
142
128
137
124
126
124
120
124
121
125
125
121
119
124
118
103
97
90
87
87
85
84
82
82
82
82
82
82
82
82
82
82
82
82
82
82
82
82
82
82
82
82
82
82
82
82
82
82
82
82
82
82
82
82
82
82
82
82
82
82
82
82
82
82
82
82
82
82
82
82
82
82
82
82
82
82
82
82
82
82
82
82
82
82
82
82
82
82
82
82
82
82
82
82
82
82
82
82
82
82
82
82
82
82
82
82
82
82
82
82
82
82
82
82
82
82
82
82
82
82
82
82
82
82
82
82
82
82
82
82
82
82
82
82
82
82
82
82
82
82
82
82
82
82
82
82
82
82
82
82
82
82
82
82
82
82
82
82
82
82
82
82
82
82
82
82
82
82
82
82
82
82
82
82
82
82
82
82
82
82
82
82
82
82
82
82
82
82
82
82
82
82
82
82
82
82
82
82
82
82
82
82
82
82
82
82
82
82
82
82
82
82
82
82
82
82
82
82
82
82
82
82
82
82
82
82
82
82
82
82
82
82
82
82
82
82
82
82
82
82
82
82
82
82
82
82
82
82
82
82
82
82
82
82
82
82
82
82
82
82
82
82
82
82
82
82
82
82
82
82
82
82
82
82
82
82
82
82
82
82
82
82
82
