716
821
714
666
660
591
607
600
574
573
519
574
523
519
487
463
489
452
489
474
445
475
455
457
455
482
489
507
506
510
478
529
452
462
453
462
426
406
391
364
348
340
313
330
317
326
298
305
273
273
270
264
259
270
245
235
234
213
234
196
200
190
196
195
194
198
196
204
195
201
214
201
219
227
232
216
206
190
182
207
203
212
220
218
217
237
231
221
219
202
209
195
199
222
210
201
216
221
205
192
182
187
188
200
179
177
163
163
167
152
163
152
166
149
167
151
172
161
164
160
146
135
122
128
132
135
153
151
153
164
142
149
138
136
140
143
155
142
134
138
137
137
143
144
144
153
151
158
150
164
164
169
158
164
156
172
149
153
142
144
151
143
146
137
135
138
131
139
132
139
131
136
131
138
141
135
136
139
140
140
154
143
138
147
138
153
141
152
135
134
135
129
124
125
125
131
132
138
132
132
132
126
133
126
126
130
132
134
127
126
123
127
129
128
131
124
126
129
128
132
131
134
136
142
145
146
154
162
146
153
155
159
165
162
162
167
155
166
162
153
162
168
179
179
190
184
185
184
202
197
190
191
192
184
178
170
162
165
160
144
144
153
145
156
138
150
149
160
155
160
152
156
166
151
167
159
168
164
189
165
195
181
193
176
179
189
164
168
160
176
191
189
187
180
175
146
146
146
155
144
159
152
157
138
159
160
166
177
181
189
176
197
193
195
206
202
216
210
218
210
224
238
227
238
237
236
223
225
235
233
206
199
193
203
211
187
187
197
180
183
202
203
215
212
215
212
213
195
222
189
203
199
212
192
198
235
211
251
208
244
200
191
178
185
189
189
178
191
179
210
204
201
187
189
189
208
196
199
192
199
210
216
215
229
224
216
207
236
220
207
205
226
213
222
241
212
237
199
215
220
214
226
212
237
247
250
255
248
246
244
232
241
234
228
216
210
221
215
226
225
225
240
233
226
221
227
231
227
238
262
276
239
238
236
247
241
261
266
270
293
284
293
256
289
270
259
277
280
301
281
295
291
278
307
307
282
278
297
290
282
260
245
234
238
231
211
220
211
207
203
207
219
232
245
242
244
237
258
260
265
277
271
265
277
270
254
276
222
221
227
244
244
245
253
270
241
234
226
224
220
245
225
224
233
203
193
184
202
199
216
204
219
237
204
187
203
188
197
188
185
201
196
202
213
226
211
236
228
228
211
207
207
213
204
183
194
184
189
212
190
219
200
204
209
206
189
196
189
189
187
199
204
189
183
182
202
183
191
176
159
167
157
135
159
154
178
167
172
160
166
168
206
158
178
162
187
162
175
172
159
156
153
157
156
158
169
174
161
190
174
187
160
155
143
151
140
149
144
162
158
146
138
141
140
130
141
152
145
155
145
161
147
164
164
182
164
188
183
214
198
199
217
227
224
232
222
226
231
222
231
238
222
234
225
225
226
236
202
225
213
215
203
219
200
209
207
209
216
220
194
216
200
198
179
183
173
184
184
198
199
197
206
196
161
164
175
170
171
169
153
152
152
148
153
160
155
147
157
145
160
133
139
130
134
126
130
131
133
125
141
137
145
136
135
133
128
139
142
123
127
111
98
90
85
83
87
84
93
80
72
72
72
72
72
72
72
72
72
72
72
72
72
72
72
72
72
72
72
72
72
72
72
72
72
72
72
72
72
72
72
72
72
72
72
72
72
72
72
72
72
72
72
72
72
72
72
72
72
72
72
72
72
72
72
72
72
72
72
72
72
72
72
72
72
72
72
72
72
72
72
72
72
72
72
72
72
72
72
72
72
72
72
72
72
72
72
72
72
72
72
72
72
72
72
72
72
72
72
72
72
72
72
72
72
72
72
72
72
72
72
72
72
72
72
72
72
72
72
72
72
72
72
72
72
72
72
72
72
72
72
72
72
72
72
72
72
72
72
72
72
72
72
72
72
72
72
72
72
72
72
72
72
72
72
72
72
72
72
72
72
72
72
72
72
72
72
72
72
72
72
72
72
72
72
72
72
72
72
72
72
72
72
72
72
72
72
72
72
72
72
72
72
72
72
72
72
72
72
72
72
72
72
72
72
72
72
72
72
72
72
72
72
72
72
72
72
72
72
72
72
72
72
72
72
72
72
72
72
72
72
72
72
72
72
72
72
72
72
72
72
72
72
72
72
72
72
72
72
72
72
72
72
72
72
72
72
72
72
72
72
72
72
72
72
72
72
72
72
72
72
72
72
72
72
72
72
72
72
72
72
72
72
72
72
72
72
72
72
72
72
