742
847
703
731
712
639
676
582
619
589
638
564
557
561
519
550
523
526
523
515
485
442
472
468
461
478
477
449
446
472
410
414
410
389
361
353
372
354
374
350
355
361
367
355
373
386
341
337
325
304
299
314
299
313
300
288
302
303
320
322
327
304
307
308
323
324
340
338
300
288
290
280
281
287
288
291
281
269
275
291
273
278
278
260
266
256
266
284
294
294
308
310
295
320
316
345
338
324
320
346
347
354
348
334
333
299
331
303
298
277
297
306
312
312
313
295
317
312
333
298
281
291
281
283
276
275
239
228
234
224
232
221
229
247
280
282
270
306
298
287
314
291
271
267
293
273
272
278
261
287
258
241
258
252
241
278
247
271
259
256
241
248
246
250
228
237
225
228
213
227
213
228
245
228
241
250
219
217
226
227
225
253
269
275
272
266
248
251
260
270
284
259
286
272
268
247
251
244
231
232
218
225
216
222
221
247
246
239
229
229
268
240
263
263
287
285
290
292
263
262
251
274
258
258
248
234
257
262
240
264
256
238
265
245
224
236
217
233
218
235
226
237
233
246
250
228
209
223
226
235
233
221
223
223
235
212
241
200
198
194
183
200
196
205
183
193
170
183
173
172
184
175
187
188
199
210
227
212
220
226
232
250
253
254
249
222
235
207
213
215
196
203
216
215
208
207
212
207
218
215
218
208
199
217
225
224
221
227
221
185
178
191
194
208
198
198
211
204
232
218
224
219
190
209
195
205
187
198
181
189
197
206
196
220
214
233
201
216
224
215
225
215
193
200
193
197
189
195
212
199
197
190
182
179
159
153
150
147
134
134
143
134
142
132
134
144
144
140
123
133
115
116
121
123
128
137
139
135
145
131
135
140
136
144
136
128
120
133
133
144
154
176
155
163
154
140
132
127
131
135
134
122
115
114
127
105
109
102
100
112
93
97
93
83
91
85
95
92
99
102
104
107
91
94
103
96
113
98
111
107
117
106
117
126
129
143
129
140
141
146
146
150
152
145
132
123
123
131
129
123
125
120
127
118
120
124
128
130
130
129
129
127
134
138
130
110
116
104
107
113
118
132
131
128
152
142
157
153
174
157
158
152
169
173
182
154
166
158
163
154
159
162
170
167
160
145
149
145
143
136
132
137
138
151
156
162
165
180
181
176
175
185
175
171
178
170
191
175
179
190
192
192
202
189
203
180
174
184
165
147
144
136
133
133
147
128
109
107
112
121
123
129
141
140
140
150
138
134
146
133
144
143
143
128
127
135
122
130
129
134
133
161
133
130
134
129
126
126
128
136
145
138
147
132
131
142
132
141
141
138
134
128
120
125
110
104
94
101
94
98
98
98
98
98
100
110
115
133
119
120
119
103
103
110
90
96
95
96
86
83
82
81
80
92
92
83
86
79
79
76
68
69
66
66
67
70
70
72
83
72
76
79
76
60
55
50
52
50
55
52
59
52
54
57
55
67
58
69
62
70
67
77
70
72
71
70
76
75
74
77
81
84
87
83
79
78
82
83
82
70
73
74
77
76
78
84
83
89
72
67
65
69
68
85
67
65
63
69
65
65
59
68
62
80
69
82
78
90
86
87
86
88
90
90
99
93
89
74
73
71
70
65
71
68
73
77
74
76
84
85
70
64
56
55
58
59
55
54
57
58
58
62
61
65
69
67
67
70
69
62
67
67
68
72
73
76
74
73
88
72
73
66
69
72
64
67
66
79
60
60
59
59
60
51
51
49
48
53
46
45
45
46
50
48
55
46
43
41
41
41
41
41
41
41
41
41
41
41
41
41
41
41
41
41
41
41
41
41
41
41
41
41
41
41
41
41
41
41
41
41
41
41
41
41
41
41
41
41
41
41
41
41
41
41
41
41
41
41
41
41
41
41
41
41
41
41
41
41
41
41
41
41
41
41
41
41
41
41
41
41
41
41
41
41
41
41
41
41
41
41
41
41
41
41
41
41
41
41
41
41
41
41
41
41
41
41
41
41
41
41
41
41
41
41
41
41
41
41
41
41
41
41
41
41
41
41
41
41
41
41
41
41
41
41
41
41
41
41
41
41
41
41
41
41
41
41
41
41
41
41
41
41
41
41
41
41
41
41
41
41
41
41
41
41
41
41
41
41
41
41
41
41
41
41
41
41
41
41
41
41
41
41
41
41
41
41
41
41
41
41
41
41
41
41
41
41
41
41
41
41
41
41
41
41
41
41
41
41
41
41
41
41
41
41
41
41
41
41
41
41
41
41
41
41
41
41
41
41
41
41
