764
852
708
700
655
628
547
537
498
490
432
409
428
382
389
362
361
339
346
358
354
384
369
379
394
409
393
399
383
372
369
340
301
296
292
314
324
330
289
302
295
317
306
320
295
285
292
303
287
310
296
292
263
274
258
253
264
254
277
259
250
262
247
220
203
212
212
213
225
207
199
204
179
177
163
176
181
163
182
180
191
170
161
161
168
173
182
176
168
166
175
191
196
213
231
219
218
233
226
225
234
212
230
208
209
205
222
188
185
187
183
185
202
180
176
168
166
150
158
150
156
150
151
158
150
142
149
149
151
170
157
181
164
179
183
177
182
170
168
170
167
170
155
149
152
152
163
144
152
146
148
157
147
154
166
146
162
156
175
174
204
199
249
209
210
197
202
205
224
236
235
268
245
246
221
230
230
229
219
235
240
245
249
245
230
247
239
234
245
260
261
260
244
252
259
262
287
247
275
243
271
250
243
280
253
289
285
284
307
285
290
299
305
293
292
278
297
295
331
314
343
324
330
331
333
349
330
313
301
324
330
309
329
360
323
339
351
378
335
346
350
327
310
320
308
297
301
282
284
293
272
292
291
297
311
306
308
291
285
259
262
245
264
248
243
241
211
202
191
180
184
177
186
193
194
205
205
193
199
212
215
218
216
224
201
214
196
205
189
184
183
178
178
184
194
195
213
217
233
234
216
206
200
214
219
203
206
168
192
188
207
194
190
203
209
217
214
196
164
165
158
152
156
150
151
146
153
155
149
138
135
138
136
139
138
142
146
135
137
142
143
134
148
141
170
143
160
155
158
155
169
172
166
182
176
180
168
185
153
163
156
160
148
158
146
139
140
147
146
140
127
137
124
138
128
125
117
134
111
113
118
123
135
121
121
118
113
112
122
113
118
118
119
131
128
128
120
116
119
118
123
132
120
123
116
95
94
91
98
92
89
97
90
99
87
94
86
89
82
96
79
71
72
71
68
63
63
66
63
69
64
66
66
67
68
74
69
69
72
65
69
68
66
65
65
66
70
65
69
64
69
71
71
70
70
67
73
66
69
67
76
71
82
80
78
81
74
70
71
74
70
73
69
73
75
79
75
77
73
79
84
87
80
91
83
69
73
71
69
69
72
75
79
74
70
74
76
75
76
72
72
82
71
69
70
64
64
60
58
64
58
68
62
64
54
54
57
58
61
64
64
67
69
75
65
68
67
69
65
70
61
65
62
60
61
61
71
65
69
60
61
55
60
53
55
54
60
62
72
68
69
70
71
85
74
88
65
67
65
69
76
78
92
76
80
73
77
73
73
69
73
68
64
62
61
61
62
64
64
68
67
72
68
75
68
83
70
70
69
78
64
59
52
51
51
51
51
51
51
51
51
51
51
51
51
51
51
51
51
51
51
51
51
51
51
51
51
51
51
51
51
51
51
51
51
51
51
51
51
51
51
51
51
51
51
51
51
51
51
51
51
51
51
51
51
51
51
51
51
51
51
51
51
51
51
51
51
51
51
51
51
51
51
51
51
51
51
51
51
51
51
51
51
51
51
51
51
51
51
51
51
51
51
51
51
51
51
51
51
51
51
51
51
51
51
51
51
51
51
51
51
51
51
51
51
51
51
51
51
51
51
51
51
51
51
51
51
51
51
51
51
51
51
51
51
51
51
51
51
51
51
51
51
51
51
51
51
51
51
51
51
51
51
51
51
51
51
51
51
51
51
51
51
51
51
51
51
51
51
51
51
51
51
51
51
51
51
51
51
51
51
51
51
51
51
51
51
51
51
51
51
51
51
51
51
51
51
51
51
51
51
51
51
51
51
51
51
51
51
51
51
51
51
51
51
51
51
51
51
51
51
51
51
51
51
51
51
51
51
51
51
51
51
51
51
51
51
51
51
51
51
51
51
51
51
51
51
51
51
51
51
51
51
51
51
51
51
51
51
51
51
51
51
51
51
51
51
51
51
51
51
51
51
51
51
51
51
51
51
51
51
51
51
51
51
51
51
51
51
51
51
51
51
51
51
51
51
51
51
51
51
51
51
51
51
51
51
51
51
51
51
51
51
51
51
51
51
51
51
51
51
51
51
51
51
51
51
51
51
51
51
51
51
51
51
51
51
51
51
51
51
51
51
51
51
51
51
51
51
51
51
51
51
51
51
51
51
51
51
51
51
51
51
51
51
51
51
51
51
51
51
51
51
51
51
51
51
51
51
51
51
51
51
51
51
51
51
51
51
51
51
51
51
51
51
51
51
51
51
51
51
51
51
51
51
51
51
51
51
51
