801
894
711
732
735
684
645
650
599
566
560
512
508
499
480
456
444
450
478
483
434
455
424
416
407
386
377
387
365
352
361
370
380
383
356
342
333
305
305
272
260
282
269
273
260
273
266
284
269
275
265
282
302
316
309
293
266
283
280
287
317
278
301
281
291
279
267
273
275
284
305
299
332
331
350
352
368
344
380
330
334
304
314
304
299
284
284
277
288
279
249
267
260
242
261
255
281
257
280
289
284
258
260
290
289
283
305
304
295
274
280
291
294
316
311
329
339
315
341
339
311
299
328
309
300
295
303
277
284
268
282
266
260
258
283
258
256
254
241
220
248
225
215
207
216
217
231
219
225
205
205
214
198
202
199
208
205
211
212
217
219
230
225
227
223
219
208
218
222
228
209
211
197
209
192
198
187
204
190
206
197
201
204
205
205
211
201
194
199
188
188
189
190
195
196
195
179
166
156
148
148
148
147
146
157
153
157
170
149
156
139
142
141
131
138
135
131
138
135
140
143
135
133
129
127
130
127
129
139
136
136
152
137
135
140
130
141
136
145
155
147
149
142
156
141
139
141
139
142
142
147
161
142
144
150
136
137
145
131
135
126
126
122
122
126
130
135
136
147
145
144
152
152
152
156
141
154
153
157
150
150
163
168
175
185
198
189
211
201
207
199
195
194
190
190
196
184
203
198
211
213
196
197
198
198
188
195
167
171
176
183
169
169
179
178
178
181
181
178
181
168
168
153
146
142
144
143
147
143
153
147
153
147
154
164
161
144
142
143
140
147
151
160
147
154
154
141
137
144
153
163
163
174
155
153
155
150
154
151
152
147
153
163
170
169
168
158
161
142
163
154
156
144
148
145
143
148
150
156
145
151
155
149
166
160
162
164
166
167
171
173
177
157
171
159
148
144
148
147
136
146
127
128
133
134
142
140
150
143
153
159
167
166
169
153
165
159
173
164
174
182
190
179
189
181
213
191
211
224
218
219
199
208
197
209
195
198
214
209
196
217
209
235
225
228
231
219
237
224
250
214
213
216
221
248
212
236
215
235
237
221
238
244
247
243
245
247
241
252
231
229
230
224
221
232
213
201
196
189
178
168
178
173
182
198
202
202
214
195
195
207
197
199
211
227
217
207
229
221
223
235
240
246
255
269
250
261
255
276
275
307
281
294
310
293
326
313
335
303
326
306
314
297
318
304
305
283
288
285
281
297
290
343
284
298
295
275
253
251
278
247
237
218
220
202
226
213
244
234
223
227
200
212
191
222
202
212
203
203
209
178
188
193
174
177
169
168
165
180
179
182
200
198
213
201
208
211
219
218
223
204
212
226
247
225
228
229
238
223
194
185
201
214
220
211
199
197
174
182
174
194
193
180
191
207
178
188
172
177
185
178
197
196
194
190
170
178
169
196
172
188
168
157
154
145
150
152
137
140
141
152
140
159
147
147
145
146
145
148
145
152
158
155
170
166
176
179
180
176
170
175
183
188
213
208
225
221
216
202
227
202
202
197
208
195
203
198
177
171
180
180
183
190
182
175
157
157
155
155
141
155
132
134
146
148
132
130
124
117
121
123
122
128
129
135
136
143
154
160
180
174
190
199
198
210
201
191
188
192
197
220
206
192
193
188
217
193
212
206
226
214
223
220
216
219
212
227
207
197
204
213
220
202
213
204
178
186
198
196
191
181
178
189
195
190
183
189
187
210
195
201
196
190
217
185
180
170
157
167
175
179
172
201
194
196
212
208
228
221
219
229
231
222
228
233
230
227
209
210
220
185
183
176
187
183
198
187
213
197
226
198
199
194
203
215
227
209
208
228
202
197
199
205
212
210
210
192
207
204
209
213
206
222
198
206
202
221
195
203
192
187
199
178
188
176
172
147
139
155
150
146
139
148
147
154
141
138
142
126
121
125
118
126
126
126
131
139
122
136
127
130
128
142
142
140
137
144
146
135
142
136
143
125
128
116
121
130
135
118
144
110
107
115
117
113
129
116
122
103
101
94
89
88
94
98
98
98
101
93
95
94
95
101
100
105
110
112
95
91
85
80
83
81
89
82
87
85
86
94
90
92
92
88
86
84
85
82
84
84
86
84
85
88
90
96
98
100
98
98
96
102
96
99
87
85
85
83
83
82
81
80
82
83
84
84
87
86
93
87
94
95
90
95
98
97
96
99
96
102
100
106
98
108
104
102
103
98
101
102
105
112
103
112
108
118
121
130
122
126
127
125
117
111
118
115
131
112
118
126
120
132
129
132
138
126
120
116
120
116
117
