720
835
677
704
661
673
628
640
593
584
556
547
507
526
539
535
515
483
492
477
445
419
418
421
381
373
384
379
400
402
387
345
357
334
372
347
359
380
387
404
374
372
393
360
370
365
359
334
376
357
343
317
339
298
285
290
282
258
253
255
287
276
276
283
273
314
316
351
350
344
355
353
353
342
346
336
353
346
381
377
402
384
386
376
349
363
356
346
352
326
325
327
322
319
312
328
322
346
317
327
340
311
333
309
352
340
366
354
358
373
368
349
355
337
349
348
335
320
335
327
339
307
317
322
320
304
313
295
299
287
275
272
268
241
242
264
264
241
271
273
284
270
266
246
248
270
257
231
227
232
230
215
206
217
201
198
195
187
178
173
181
204
212
219
235
241
252
254
239
262
248
251
246
245
262
238
220
215
200
205
193
199
210
214
184
192
175
191
187
198
197
209
209
208
217
209
182
183
188
204
204
220
220
225
224
229
236
237
244
242
240
244
234
221
216
189
199
175
197
168
168
182
171
191
162
166
161
152
148
139
144
131
118
126
121
120
126
127
139
125
135
128
139
127
129
136
135
130
130
128
127
126
110
104
107
113
121
117
119
129
117
135
119
129
120
123
116
110
113
119
129
135
131
126
127
122
141
125
120
113
104
106
114
115
115
124
118
127
109
117
101
89
82
76
79
88
84
97
92
93
92
84
92
80
81
79
88
88
102
93
107
104
113
109
105
97
105
96
101
98
111
112
124
120
118
121
123
120
131
122
134
141
133
149
126
122
118
111
114
124
134
143
148
130
140
128
135
124
132
134
133
125
135
141
154
168
175
180
177
186
196
187
203
204
225
212
207
195
192
227
198
214
212
234
230
215
214
200
206
210
193
189
196
182
172
175
188
196
187
202
170
176
161
186
180
192
179
181
173
176
161
159
169
163
176
177
187
166
164
164
167
182
178
181
180
178
173
178
182
180
183
196
192
197
182
200
193
196
204
213
228
255
270
230
213
193
223
209
207
196
188
197
184
194
194
202
201
223
221
217
216
234
215
235
221
234
212
222
212
224
222
243
249
237
253
262
278
283
285
267
261
271
277
283
264
273
249
270
256
229
231
228
241
224
215
229
213
233
218
207
182
179
195
178
183
184
182
187
175
205
184
186
195
198
203
183
173
163
166
159
164
161
170
166
175
169
169
159
152
143
159
155
164
157
161
163
151
139
127
134
137
141
146
158
171
166
177
161
175
171
187
185
191
166
177
158
162
149
153
152
153
156
151
152
149
165
150
158
151
150
155
155
137
146
147
143
150
160
151
144
142
119
117
118
125
124
145
132
150
136
135
144
159
108
101
99
98
97
101
102
103
103
104
114
109
128
118
113
126
114
121
108
107
108
112
100
96
92
95
91
92
88
86
91
97
96
102
112
107
103
113
110
109
107
118
101
108
104
92
91
88
84
84
81
82
69
68
69
74
71
74
74
71
78
65
62
63
66
71
72
81
79
80
89
92
102
101
110
104
104
106
117
80
85
84
83
89
83
82
83
83
88
94
96
108
98
99
93
101
95
108
103
99
94
91
95
88
90
79
79
67
63
60
61
64
63
70
63
65
62
61
61
58
60
57
61
57
60
54
49
47
46
46
46
46
46
46
46
46
46
46
46
46
46
46
46
46
46
46
46
46
46
46
46
46
46
46
46
46
46
46
46
46
46
46
46
46
46
46
46
46
46
46
46
46
46
46
46
46
46
46
46
46
46
46
46
46
46
46
46
46
46
46
46
46
46
46
46
46
46
46
46
46
46
46
46
46
46
46
46
46
46
46
46
46
46
46
46
46
46
46
46
46
46
46
46
46
46
46
46
46
46
46
46
46
46
46
46
46
46
46
46
46
46
46
46
46
46
46
46
46
46
46
46
46
46
46
46
46
46
46
46
46
46
46
46
46
46
46
46
46
46
46
46
46
46
46
46
46
46
46
46
46
46
46
46
46
46
46
46
46
46
46
46
46
46
46
46
46
46
46
46
46
46
46
46
46
46
46
46
46
46
46
46
46
46
46
46
46
46
46
46
46
46
46
46
46
46
46
46
46
46
46
46
46
46
46
46
46
46
46
46
46
46
46
46
46
46
46
46
46
46
46
46
46
46
46
46
46
46
46
46
46
46
46
46
46
46
46
46
46
46
46
46
46
46
46
46
46
46
46
46
46
46
46
46
46
46
46
46
46
46
46
46
46
46
46
46
46
46
46
46
46
46
46
46
46
46
46
46
46
46
46
46
46
46
46
46
46
46
