739
850
701
671
591
597
584
585
542
521
461
474
427
440
443
466
460
444
416
406
436
416
349
347
314
338
325
344
340
340
349
364
377
386
382
348
358
340
334
324
301
288
291
303
322
300
325
325
323
310
309
314
325
342
348
340
347
368
369
330
345
332
328
328
334
338
325
350
340
327
332
326
353
342
350
335
330
306
298
298
317
304
315
304
312
312
311
297
292
300
325
303
262
281
278
303
280
258
249
239
252
226
237
202
232
219
222
214
213
226
216
206
198
204
199
192
220
201
204
215
218
226
238
239
217
208
210
219
225
216
227
221
227
234
226
255
227
252
252
245
251
256
250
258
260
268
271
292
293
286
279
295
304
292
286
274
274
258
275
267
259
260
265
250
238
242
254
263
236
255
243
254
231
236
219
211
215
199
208
198
194
180
189
200
209
191
196
189
195
195
211
230
238
238
251
226
236
231
261
231
246
231
235
233
197
189
190
189
221
220
203
192
190
194
188
188
197
190
199
202
202
204
197
201
183
182
179
201
187
174
180
188
175
187
182
177
181
192
201
203
211
217
214
205
200
192
207
196
234
204
222
216
217
226
219
242
198
221
204
210
218
221
219
214
204
195
175
168
166
161
156
149
140
131
127
116
115
108
123
121
135
130
131
137
144
144
149
147
140
145
134
150
136
148
140
158
157
169
186
182
200
196
187
204
188
174
190
202
166
168
155
158
156
136
136
131
125
129
125
112
118
122
138
130
147
140
140
129
119
116
112
118
117
118
118
131
132
131
128
132
118
126
117
123
117
121
130
130
127
134
121
123
131
127
134
142
136
139
131
128
116
108
106
107
107
118
114
118
119
113
109
114
114
126
125
118
127
131
145
135
130
129
137
136
146
137
145
128
142
121
127
126
130
137
131
121
124
121
123
131
135
132
126
146
113
110
116
112
134
128
147
120
134
140
163
158
164
150
156
163
167
154
171
149
171
157
162
183
150
176
160
163
154
164
177
174
181
167
162
168
158
152
135
131
123
121
124
128
141
120
126
120
131
121
138
131
140
145
126
144
136
157
147
172
165
192
178
197
174
157
148
161
150
139
119
118
112
117
115
112
116
114
112
122
113
104
110
103
102
103
105
105
102
109
108
108
113
106
111
117
115
113
109
117
106
104
107
111
104
105
106
110
111
104
104
107
108
118
113
118
120
119
132
125
133
136
140
138
148
147
153
137
138
139
140
143
139
153
146
152
149
159
148
153
153
153
146
154
150
159
147
156
158
155
171
144
164
158
174
166
180
187
187
190
184
184
196
171
174
170
173
171
164
159
158
169
164
160
152
149
162
161
155
174
163
195
162
169
169
174
180
168
168
173
170
167
164
167
162
179
168
186
174
178
191
185
168
157
142
146
148
147
143
144
138
154
153
177
149
150
154
134
135
139
140
136
140
134
145
131
133
132
136
141
139
129
133
129
139
132
145
144
138
137
135
126
122
119
127
123
136
123
112
110
106
101
103
105
106
109
115
113
118
121
119
123
123
114
113
117
103
104
96
99
96
96
96
93
94
96
103
103
118
104
119
116
133
128
128
126
129
123
120
130
119
120
126
138
133
140
131
129
133
137
150
136
135
116
111
112
109
111
116
114
126
110
107
110
109
114
105
108
103
104
113
114
105
120
111
119
124
128
138
140
135
140
136
151
136
133
129
130
138
121
126
132
138
135
142
147
137
144
140
133
142
148
150
155
150
157
168
173
174
184
171
201
157
176
158
146
148
157
156
158
150
143
159
143
147
127
123
115
128
115
107
96
90
92
81
82
86
89
93
96
93
100
105
104
109
98
106
96
100
92
104
95
89
97
101
95
101
93
98
101
105
102
120
107
114
104
124
108
111
102
99
95
93
101
105
114
98
114
99
98
109
111
108
104
101
106
100
102
100
99
100
106
107
121
116
125
121
135
120
116
121
122
135
135
127
128
124
133
133
149
149
157
146
147
147
152
149
146
154
145
152
148
147
140
135
135
122
123
120
107
112
106
113
116
125
130
123
126
139
130
146
126
122
128
113
116
124
144
117
132
112
111
106
113
110
108
106
111
106
109
105
111
117
119
121
115
115
126
125
119
125
131
113
120
110
118
114
104
100
91
97
89
89
89
91
95
92
104
98
121
98
106
104
117
112
109
113
112
118
115
124
105
101
100
103
108
113
113
105
109
104
118
113
115
110
103
98
82
83
82
88
83
89
81
80
80
83
79
79
75
76
80
78
85
76
73
71
71
71
71
71
71
71
71
71
71
