786
974
759
730
696
663
631
609
602
591
592
603
593
590
614
522
541
498
493
468
456
478
473
458
452
440
452
417
403
382
382
361
372
361
363
350
366
379
346
363
341
372
348
333
306
297
283
303
311
334
344
318
301
273
274
277
322
285
321
310
335
316
331
339
284
312
293
285
304
316
307
327
282
307
296
308
315
307
298
278
278
276
265
267
291
290
305
272
264
240
260
253
217
212
214
221
226
227
241
258
237
255
230
243
222
226
243
241
244
230
232
234
232
238
210
224
197
218
203
231
198
200
211
216
213
228
227
227
215
217
221
222
250
249
272
226
233
231
249
233
256
251
250
267
264
269
258
291
286
267
247
238
211
218
196
219
217
244
241
250
254
254
234
233
244
230
247
223
216
226
217
223
227
240
242
251
254
216
222
210
211
206
207
219
212
219
219
233
220
226
231
240
213
212
213
229
235
261
234
227
196
193
167
172
171
177
197
176
172
188
162
156
150
144
157
152
185
159
189
179
194
184
208
181
181
175
144
158
147
144
129
159
151
156
165
177
173
180
164
175
162
154
173
154
149
149
158
162
176
161
192
177
202
181
178
194
207
224
210
248
223
223
250
230
246
233
258
242
247
235
249
234
264
228
238
228
231
221
229
212
202
197
204
213
187
201
202
212
185
186
182
181
182
192
175
174
172
171
150
153
148
165
156
163
180
170
167
157
158
145
160
161
179
182
192
205
204
215
203
200
176
171
165
168
160
173
180
164
145
154
143
146
146
144
147
151
149
153
160
159
171
183
180
179
187
189
200
195
218
183
188
171
171
155
136
137
131
151
148
173
139
146
140
145
136
123
124
127
148
137
154
131
132
133
139
137
140
141
152
131
138
124
126
121
125
128
134
139
139
150
142
142
138
141
124
135
130
128
121
127
125
128
124
135
130
129
127
115
117
113
114
117
122
118
103
106
92
88
85
85
89
87
97
91
109
95
104
99
108
112
108
99
99
96
101
98
101
109
105
108
115
115
115
117
103
96
88
89
83
83
81
80
83
79
84
82
85
86
94
88
95
89
90
95
93
99
97
105
93
93
87
92
86
82
85
81
83
82
85
82
89
80
80
81
84
79
77
77
77
76
76
77
78
79
81
84
82
92
86
102
94
110
102
110
114
126
90
94
94
94
94
94
94
94
94
94
94
94
94
94
94
94
94
94
94
94
94
94
94
94
94
94
94
94
94
94
94
94
94
94
94
94
94
94
94
94
94
94
94
94
94
94
94
94
94
94
94
94
94
94
94
94
94
94
94
94
94
94
94
94
94
94
94
94
94
94
94
94
94
94
94
94
94
94
94
94
94
94
94
94
94
94
94
94
94
94
94
94
94
94
94
94
94
94
94
94
94
94
94
94
94
94
94
94
94
94
94
94
94
94
94
94
94
94
94
94
94
94
94
94
94
94
94
94
94
94
94
94
94
94
94
94
94
94
94
94
94
94
94
94
94
94
94
94
94
94
94
94
94
94
94
94
94
94
94
94
94
94
94
94
94
94
94
94
94
94
94
94
94
94
94
94
94
94
94
94
94
94
94
94
94
94
94
94
94
94
94
94
94
94
94
94
94
94
94
94
94
94
94
94
94
94
94
94
94
94
94
94
94
94
94
94
94
94
94
94
94
94
94
94
94
94
94
94
94
94
94
94
94
94
94
94
94
94
94
94
94
94
94
94
94
94
94
94
94
94
94
94
94
94
94
94
94
94
94
94
94
94
94
94
94
94
94
94
94
94
94
94
94
94
94
94
94
94
94
94
94
94
94
94
94
94
94
94
94
94
94
94
94
94
94
94
94
94
94
94
94
94
94
94
94
94
94
94
94
94
94
94
94
94
94
94
94
94
94
94
94
94
94
94
94
94
94
94
94
94
94
94
94
94
94
94
94
94
94
94
94
94
94
94
94
94
94
94
94
94
94
94
94
94
94
94
94
94
94
94
94
94
94
94
94
94
94
94
94
94
94
94
94
94
94
94
94
94
94
94
94
94
94
94
94
94
94
94
94
94
94
94
94
94
94
94
94
94
94
94
94
94
94
94
94
94
94
94
94
94
94
94
94
94
94
94
94
94
94
94
94
94
94
94
94
94
94
94
94
94
94
94
94
94
94
94
94
94
94
94
94
94
94
94
94
94
94
94
94
94
94
94
94
94
94
94
94
94
94
94
94
94
94
94
94
94
94
94
94
94
94
94
94
94
94
94
94
94
94
94
94
94
94
94
94
94
94
94
94
94
94
94
94
94
