750
878
720
675
709
665
682
619
577
532
542
521
509
486
498
441
486
432
409
399
384
390
370
375
374
379
408
393
421
401
390
381
346
333
317
338
341
355
338
316
328
283
280
269
259
236
229
214
221
243
221
223
239
254
266
255
283
267
261
265
261
252
277
265
270
274
288
274
272
251
287
259
257
251
257
248
250
259
230
225
217
223
223
214
219
239
243
276
249
251
236
256
234
234
230
262
235
237
231
243
213
218
205
214
212
214
216
222
237
229
244
245
229
236
228
222
219
230
226
219
218
223
210
228
239
259
246
260
286
267
281
270
285
268
292
272
280
250
235
256
245
245
245
233
221
217
212
228
224
209
223
216
234
239
260
219
237
234
230
236
219
240
249
247
245
256
263
235
257
255
257
269
295
270
299
276
274
284
292
280
273
263
268
250
242
246
244
248
233
238
221
241
218
253
229
241
246
248
240
257
254
240
245
253
248
262
249
237
241
244
253
271
258
252
248
259
251
254
263
275
296
287
331
287
275
281
266
275
280
244
246
235
242
245
266
258
267
250
252
247
277
259
277
239
240
225
221
221
207
205
215
221
227
217
212
195
196
176
187
174
187
203
205
227
215
237
220
224
212
212
218
219
216
216
222
202
212
199
200
206
210
203
193
181
177
178
186
198
202
203
210
229
222
248
237
249
279
283
245
254
278
263
275
246
247
249
245
246
231
248
246
235
223
227
226
228
209
212
208
194
206
193
188
192
189
188
186
178
192
178
175
178
186
196
197
212
206
225
199
205
198
196
169
185
165
157
155
163
157
160
150
162
153
163
170
168
150
169
169
161
162
171
180
186
175
181
185
193
201
199
201
194
199
212
200
195
197
171
176
184
174
183
179
171
183
164
161
149
151
178
167
172
170
166
187
171
167
173
190
176
189
181
179
183
180
163
161
155
154
150
150
152
162
156
156
158
166
148
152
136
138
147
136
153
147
159
151
155
154
167
174
182
169
153
169
162
169
166
162
158
156
161
166
153
159
164
166
166
171
167
159
158
141
142
135
134
133
143
134
135
147
144
146
146
151
133
124
119
112
112
93
89
89
88
88
88
90
92
94
98
100
102
108
106
110
112
104
114
110
114
118
130
126
135
115
108
112
118
116
119
122
120
135
120
113
114
119
119
128
117
126
119
114
120
114
123
112
108
113
111
115
112
104
105
102
109
102
104
104
108
107
113
112
124
106
120
112
122
107
120
113
105
101
102
103
96
99
99
105
103
115
120
117
125
126
127
134
120
139
130
135
129
138
131
128
131
140
149
144
143
148
150
155
152
154
150
162
146
149
154
146
150
143
156
151
157
154
154
156
163
155
166
156
161
174
144
164
142
157
148
162
130
116
126
113
113
115
126
122
123
120
116
140
112
117
109
115
122
115
116
112
111
106
113
115
107
125
118
131
123
139
128
130
114
122
122
118
117
112
125
128
113
105
93
94
94
97
95
94
100
86
89
82
92
84
87
80
83
81
70
66
64
66
65
73
68
75
68
68
66
73
62
63
58
55
53
51
49
48
46
46
46
46
46
46
46
46
46
46
46
46
46
46
46
46
46
46
46
46
46
46
46
46
46
46
46
46
46
46
46
46
46
46
46
46
46
46
46
46
46
46
46
46
46
46
46
46
46
46
46
46
46
46
46
46
46
46
46
46
46
46
46
46
46
46
46
46
46
46
46
46
46
46
46
46
46
46
46
46
46
46
46
46
46
46
46
46
46
46
46
46
46
46
46
46
46
46
46
46
46
46
46
46
46
46
46
46
46
46
46
46
46
46
46
46
46
46
46
46
46
46
46
46
46
46
46
46
46
46
46
46
46
46
46
46
46
46
46
46
46
46
46
46
46
46
46
46
46
46
46
46
46
46
46
46
46
46
46
46
46
46
46
46
46
46
46
46
46
46
46
46
46
46
46
46
46
46
46
46
46
46
46
46
46
46
46
46
46
46
46
46
46
46
46
46
46
46
46
46
46
46
46
46
46
46
46
46
46
46
46
46
46
46
46
46
46
46
46
46
46
46
46
46
46
46
46
46
46
46
46
46
46
46
46
46
46
46
46
46
46
46
46
46
46
46
46
46
46
46
46
46
46
46
46
46
46
46
46
46
46
46
46
46
46
46
46
46
46
46
46
46
46
46
46
46
46
46
46
46
46
46
46
46
46
46
46
46
46
46
46
46
46
46
46
46
46
46
46
46
46
46
46
46
46
46
46
46
46
46
46
46
46
46
46
46
46
46
46
46
46
