750
897
770
763
691
680
644
613
559
567
515
485
493
454
440
422
424
398
409
384
368
325
312
334
320
333
337
358
325
326
312
339
313
336
305
286
283
292
250
269
263
257
242
258
249
262
275
271
281
284
259
246
256
245
272
232
248
217
227
206
197
192
205
216
213
218
242
232
201
208
210
213
210
218
232
209
220
192
209
193
197
203
193
204
201
222
221
193
208
193
216
201
217
225
239
232
246
256
238
232
242
238
243
232
213
210
216
218
215
225
214
198
200
194
195
193
190
184
195
203
212
191
176
185
179
193
198
190
184
171
180
175
187
181
200
191
183
163
166
166
175
181
178
184
177
168
178
170
177
180
178
166
173
161
169
167
179
186
180
183
197
181
154
166
145
146
141
148
142
133
136
143
142
162
144
158
154
166
171
166
163
162
180
179
168
160
183
168
198
188
190
183
195
198
205
194
198
183
182
180
177
180
186
204
196
172
180
170
181
182
170
151
168
163
161
162
180
176
183
190
207
189
215
198
219
176
172
172
167
156
161
165
186
163
171
177
168
167
178
172
175
171
182
198
163
173
167
171
184
182
174
166
176
171
187
179
186
199
223
231
228
235
231
233
253
234
232
249
219
221
199
223
204
191
160
151
154
160
174
179
193
199
187
188
188
164
166
186
166
174
166
167
176
162
173
162
181
179
191
198
178
175
184
179
207
201
201
199
181
198
187
191
219
174
189
175
173
162
171
195
182
200
227
224
247
239
254
249
256
252
234
241
233
236
221
243
224
258
237
222
240
190
177
185
197
199
189
177
181
178
150
149
153
154
146
169
151
138
135
147
156
146
156
170
172
171
165
163
157
164
146
140
145
139
138
122
127
125
134
150
152
130
164
145
176
167
187
200
197
219
186
194
172
171
189
183
172
179
187
181
182
194
202
197
209
196
226
196
225
193
202
199
214
225
205
221
193
194
168
158
163
192
173
193
178
195
208
199
223
207
231
211
218
223
267
245
259
238
264
245
236
239
241
246
240
254
258
278
273
276
251
258
252
269
240
281
240
244
250
274
258
287
270
293
283
263
276
290
256
257
255
272
295
285
285
279
269
258
250
230
223
229
222
230
210
202
177
177
182
189
184
178
176
186
178
189
180
178
171
175
169
155
159
141
138
138
133
127
130
137
138
140
145
149
157
165
167
182
167
187
182
177
168
184
170
181
167
177
160
167
170
164
153
151
144
138
140
134
151
140
152
146
154
137
142
147
160
118
133
128
136
137
143
151
149
145
139
138
142
148
144
140
147
144
146
149
159
134
127
127
129
140
147
149
152
154
141
145
141
147
137
150
141
145
142
161
142
166
159
153
145
132
139
140
136
143
152
159
165
170
184
186
194
173
170
179
197
181
206
188
192
209
189
172
166
171
176
169
156
171
169
183
176
167
198
169
180
186
187
190
194
195
185
197
179
184
185
185
199
188
214
201
210
224
205
204
212
220
242
232
232
236
227
221
235
238
221
234
223
243
232
229
262
241
245
246
246
247
225
232
210
225
212
215
226
234
219
237
248
210
214
210
217
202
215
209
210
214
233
228
252
255
250
253
241
199
210
208
234
185
182
179
172
166
159
151
154
162
175
182
184
191
182
215
196
208
231
214
214
216
229
219
222
231
230
231
237
223
220
218
222
216
221
196
181
157
168
144
133
134
130
140
148
135
146
137
144
135
135
132
131
141
146
158
147
147
143
139
141
132
131
138
144
147
167
166
157
168
179
180
164
168
175
189
182
200
201
194
188
195
208
238
212
225
216
211
209
234
224
239
217
219
218
238
207
232
216
228
239
225
231
219
216
226
226
237
215
225
236
230
242
228
230
231
239
239
258
235
258
231
243
255
227
253
254
217
215
201
208
182
178
174
177
178
181
172
177
163
156
126
116
111
113
116
116
122
120
124
126
118
128
124
129
136
142
133
146
127
128
126
137
129
142
133
127
145
121
120
118
121
119
121
122
119
110
104
107
107
111
111
114
123
113
112
120
112
111
112
114
114
115
117
115
125
117
127
115
119
117
115
114
120
114
116
123
125
135
132
135
131
124
131
138
134
140
148
151
153
150
154
150
152
153
139
140
140
139
136
152
139
147
143
132
135
138
143
137
114
114
113
110
114
111
109
104
101
103
103
106
105
106
113
108
114
113
118
117
113
120
114
117
116
121
122
108
110
110
114
105
104
106
104
102
105
98
98
95
93
92
90
90
90
90
90
90
90
90
90
90
90
90
90
90
90
90
90
90
90
90
90
