778
869
797
752
706
709
631
606
557
569
534
559
489
464
437
418
374
383
438
434
404
399
381
372
365
340
379
377
359
404
381
374
390
364
333
312
308
314
297
276
273
256
264
241
252
239
235
236
237
239
230
223
258
259
269
289
275
293
303
302
310
288
285
278
292
301
315
308
321
332
334
326
340
329
328
353
344
366
326
359
359
362
373
375
382
372
393
398
394
392
395
414
391
405
397
389
404
436
399
385
397
401
398
413
382
360
377
387
359
348
345
341
336
357
354
355
352
328
316
300
339
315
311
343
328
319
313
314
323
336
314
311
297
283
291
260
321
257
275
231
248
226
243
242
249
251
259
242
257
233
246
234
226
216
237
234
246
246
264
244
256
239
260
228
243
230
240
212
202
216
219
243
215
232
221
247
244
274
251
251
257
245
225
231
223
213
216
227
215
223
210
207
202
187
190
169
187
184
196
200
200
202
211
222
217
248
226
244
207
218
207
194
223
203
206
208
200
224
193
198
203
197
201
215
211
218
224
238
217
222
216
201
194
208
195
230
219
224
238
221
219
222
220
235
219
226
233
242
237
241
224
229
206
225
205
229
215
225
232
265
257
238
260
262
264
267
277
261
273
239
231
229
210
225
233
227
244
235
246
227
218
202
221
218
216
215
195
198
183
161
142
131
132
127
128
132
139
148
155
163
154
165
162
167
173
159
175
159
195
170
197
179
184
195
182
188
195
199
186
209
184
197
198
200
213
198
199
208
202
191
185
183
181
175
169
188
178
174
178
167
177
177
196
190
180
201
194
185
204
189
206
197
192
184
198
181
187
201
219
201
213
200
222
215
226
186
194
178
194
199
194
199
193
188
185
184
194
195
181
201
171
168
186
163
167
165
169
155
162
170
168
171
168
190
178
192
196
195
200
204
199
189
200
205
218
198
204
197
218
213
216
209
239
202
198
192
204
190
198
190
192
171
174
174
180
167
169
162
159
166
161
156
159
164
179
167
181
189
180
198
209
188
186
171
167
160
153
154
162
164
156
188
182
196
182
187
189
187
196
213
215
222
230
251
250
252
235
246
226
230
238
248
233
229
242
237
229
244
237
221
251
221
233
226
228
233
228
236
229
216
237
242
228
233
210
218
198
212
211
208
214
214
216
245
258
268
270
280
273
254
270
251
272
254
281
267
285
252
261
249
244
264
264
244
251
252
262
251
253
263
270
221
264
230
258
256
278
261
266
262
281
297
326
318
296
299
295
304
277
286
292
308
313
330
300
323
289
301
298
311
298
308
308
305
294
305
279
289
273
284
294
295
275
272
276
279
263
289
268
256
258
261
237
236
242
236
225
233
230
253
221
238
206
230
224
194
184
186
186
179
188
182
194
205
208
231
208
209
235
225
223
230
228
237
242
267
226
226
194
195
207
187
208
212
236
215
232
227
237
203
218
232
248
226
231
227
229
241
208
206
177
179
158
151
140
140
140
133
154
137
144
142
137
133
135
132
137
129
138
137
156
149
164
155
158
168
155
163
162
163
146
133
142
151
143
130
125
132
124
128
128
125
122
126
112
127
129
133
138
136
142
146
151
148
158
154
153
147
151
139
124
134
141
151
156
158
157
170
172
194
176
178
187
152
150
170
161
167
175
164
168
154
158
148
145
131
131
134
129
131
118
111
111
106
102
103
109
105
105
105
111
110
99
104
109
113
99
100
98
97
100
94
92
86
85
76
74
73
73
76
77
76
74
79
75
79
75
75
79
81
83
86
89
83
93
86
91
84
85
85
88
88
87
89
91
94
92
93
98
93
98
98
100
104
99
114
102
102
95
96
102
93
85
83
81
85
87
76
76
75
77
74
71
70
70
70
70
70
70
70
70
70
70
70
70
70
70
70
70
70
70
70
70
70
70
70
70
70
70
70
70
70
70
70
70
70
70
70
70
70
70
70
70
70
70
70
70
70
70
70
70
70
70
70
70
70
70
70
70
70
70
70
70
70
70
70
70
70
70
70
70
70
70
70
70
70
70
70
70
70
70
70
70
70
70
70
70
70
70
70
70
70
70
70
70
70
70
70
70
70
70
70
70
70
70
70
70
70
70
70
70
70
70
70
70
70
70
70
70
70
70
70
70
70
70
70
70
70
70
70
70
70
70
70
70
70
70
70
70
70
70
70
70
70
70
70
70
70
70
70
70
70
70
70
70
70
70
70
70
70
70
70
70
70
70
70
70
70
70
70
70
70
70
70
70
70
70
70
70
70
70
70
70
70
70
70
70
70
70
70
