760
879
795
760
693
674
684
668
625
648
613
615
588
622
627
623
603
574
530
566
508
528
515
502
478
492
466
459
473
467
480
459
450
462
428
440
410
406
402
418
390
402
364
377
363
374
355
362
343
336
332
345
318
325
325
356
347
384
358
365
322
366
316
331
301
306
298
283
306
288
308
287
306
296
292
268
273
238
253
231
251
253
249
241
251
233
245
244
255
272
276
284
265
268
263
273
292
297
302
289
284
311
288
309
314
312
319
306
302
297
311
292
305
318
282
278
299
271
273
259
257
277
277
273
261
264
291
297
284
298
264
277
249
241
225
228
210
220
203
227
224
242
215
199
199
211
203
208
226
208
216
221
238
234
220
234
218
235
226
217
198
202
221
205
214
208
218
219
228
214
227
195
209
196
194
191
195
179
184
188
192
188
178
171
160
164
153
130
141
126
101
99
102
104
99
94
96
100
96
97
106
101
120
101
108
109
122
118
121
126
144
137
152
156
165
163
143
165
158
180
190
219
182
185
188
205
204
216
217
216
212
222
195
224
199
213
195
203
227
216
229
216
226
213
205
209
212
217
224
240
236
260
241
266
230
216
217
209
203
228
213
236
210
205
182
169
176
169
164
177
172
173
186
173
177
198
180
205
192
187
216
206
197
197
184
183
191
190
183
187
190
179
195
170
182
178
200
186
201
191
185
208
186
202
190
214
232
224
242
210
219
229
184
184
179
194
193
190
191
170
198
175
197
179
196
184
196
204
204
201
195
193
192
168
176
181
171
175
166
183
180
191
190
211
226
216
218
236
230
222
225
188
197
202
204
190
200
189
198
188
203
188
194
207
214
208
205
203
209
200
226
209
193
191
207
203
211
192
181
192
189
202
181
211
206
244
213
238
220
213
212
222
195
189
187
196
191
204
205
214
207
222
217
233
217
242
242
221
232
233
258
230
237
228
222
205
200
217
224
210
241
213
234
209
203
193
204
211
221
227
232
243
238
239
259
248
260
237
237
225
240
235
245
222
245
245
245
265
246
260
247
232
224
205
226
203
207
215
251
211
215
198
229
207
222
195
198
191
192
160
145
149
144
148
147
119
111
106
105
103
106
112
105
101
104
104
112
107
111
110
108
107
115
112
119
119
115
120
127
119
117
116
108
111
108
114
114
114
120
108
109
104
98
101
96
102
96
95
91
86
84
84
84
84
84
84
84
84
84
84
84
84
84
84
84
84
84
84
84
84
84
84
84
84
84
84
84
84
84
84
84
84
84
84
84
84
84
84
84
84
84
84
84
84
84
84
84
84
84
84
84
84
84
84
84
84
84
84
84
84
84
84
84
84
84
84
84
84
84
84
84
84
84
84
84
84
84
84
84
84
84
84
84
84
84
84
84
84
84
84
84
84
84
84
84
84
84
84
84
84
84
84
84
84
84
84
84
84
84
84
84
84
84
84
84
84
84
84
84
84
84
84
84
84
84
84
84
84
84
84
84
84
84
84
84
84
84
84
84
84
84
84
84
84
84
84
84
84
84
84
84
84
84
84
84
84
84
84
84
84
84
84
84
84
84
84
84
84
84
84
84
84
84
84
84
84
84
84
84
84
84
84
84
84
84
84
84
84
84
84
84
84
84
84
84
84
84
84
84
84
84
84
84
84
84
84
84
84
84
84
84
84
84
84
84
84
84
84
84
84
84
84
84
84
84
84
84
84
84
84
84
84
84
84
84
84
84
84
84
84
84
84
84
84
84
84
84
84
84
84
84
84
84
84
84
84
84
84
84
84
84
84
84
84
84
84
84
84
84
84
84
84
84
84
84
84
84
84
84
84
84
84
84
84
84
84
84
84
84
84
84
84
84
84
84
84
84
84
84
84
84
84
84
84
84
84
84
84
84
84
84
84
84
84
84
84
84
84
84
84
84
84
84
84
84
84
84
84
84
84
84
84
84
84
84
84
84
84
84
84
84
84
84
84
84
84
84
84
84
84
84
84
84
84
84
84
84
84
84
84
84
84
84
84
84
84
84
84
84
84
84
84
84
84
84
84
84
84
84
84
84
84
84
84
84
84
84
84
84
84
84
84
84
84
84
84
84
84
84
84
84
84
84
84
84
84
84
84
84
84
84
84
84
84
84
84
84
84
84
84
84
84
84
84
84
84
84
84
84
84
84
84
84
84
84
84
84
84
84
84
84
84
84
84
84
84
84
84
84
84
84
84
84
84
84
84
84
84
84
84
84
84
84
84
84
84
84
84
84
84
84
84
84
84
84
84
84
84
84
84
