760
881
721
739
709
678
651
670
607
627
580
553
522
520
484
476
466
461
476
467
469
457
475
452
463
461
434
407
418
419
390
354
381
382
372
358
408
381
397
374
356
331
327
324
301
307
290
288
287
272
306
275
283
285
309
294
302
317
314
304
340
294
309
294
283
273
274
268
283
262
255
234
264
250
273
259
254
274
250
252
221
219
213
207
210
221
240
215
220
208
206
209
219
230
237
227
214
214
194
210
206
242
224
227
222
234
218
220
210
202
202
213
220
212
239
243
238
232
245
250
252
257
252
232
233
216
217
218
220
217
210
211
198
195
193
203
182
184
181
194
203
193
202
199
208
201
191
199
188
194
190
186
186
203
207
189
184
183
184
182
200
201
222
194
210
184
194
202
211
222
235
231
259
236
217
221
212
223
215
241
255
265
257
257
273
239
262
250
240
240
263
234
223
223
202
180
182
168
162
173
188
187
180
179
192
184
177
185
193
187
188
181
171
178
174
191
175
203
200
197
182
195
170
198
189
201
208
215
194
196
203
173
177
170
186
171
171
158
170
163
159
175
179
177
197
164
175
161
166
178
190
193
149
154
149
144
159
140
127
115
106
88
100
101
113
116
105
88
76
74
68
74
58
55
51
55
56
62
60
61
61
65
63
62
57
66
58
64
59
57
56
57
60
63
59
62
64
71
74
77
67
62
67
74
73
77
72
69
64
60
68
62
61
69
58
61
62
64
68
71
82
71
77
72
72
69
63
63
67
58
65
64
59
55
59
53
54
51
50
50
50
51
51
51
51
52
55
53
56
56
61
60
60
60
62
58
63
57
52
55
56
60
59
62
66
68
74
71
62
63
64
65
62
58
58
61
58
59
58
61
65
66
72
69
74
73
80
70
63
61
58
66
60
61
64
63
73
63
72
65
77
70
88
82
90
69
74
67
62
66
64
71
66
61
66
63
66
68
65
63
61
66
65
73
71
69
80
82
94
72
76
81
86
78
75
76
77
74
75
77
78
71
67
65
64
71
72
83
84
94
91
103
95
102
92
88
84
86
78
76
73
68
64
59
63
58
60
56
55
53
54
56
57
64
57
58
56
57
59
64
63
71
62
64
55
57
58
53
54
53
57
56
59
55
49
48
46
46
46
46
46
46
46
46
46
46
46
46
46
46
46
46
46
47
47
48
47
48
44
41
41
41
41
41
41
41
41
41
41
41
41
41
41
41
41
41
41
41
41
41
41
41
41
41
41
41
41
41
41
41
41
41
41
41
41
41
41
41
41
41
41
41
41
41
41
41
41
41
41
41
41
41
41
41
41
41
41
41
41
41
41
41
41
41
41
41
41
41
41
41
41
41
41
41
41
41
41
41
41
41
41
41
41
41
41
41
41
41
41
41
41
41
41
41
41
41
41
41
41
41
41
41
41
41
41
41
41
41
41
41
41
41
41
41
41
41
41
41
41
41
41
41
41
41
41
41
41
41
41
41
41
41
41
41
41
41
41
41
41
41
41
41
41
41
41
41
41
41
41
41
41
41
41
41
41
41
41
41
41
41
41
41
41
41
41
41
41
41
41
41
41
41
41
41
41
41
41
41
41
41
41
41
41
41
41
41
41
41
41
41
41
41
41
41
41
41
41
41
41
41
41
41
41
41
41
41
41
41
41
41
41
41
41
41
41
41
41
41
41
41
41
41
41
41
41
41
41
41
41
41
41
41
41
41
41
41
41
41
41
41
41
41
41
41
41
41
41
41
41
41
41
41
41
41
41
41
41
41
41
41
41
41
41
41
41
41
41
41
41
41
41
41
41
41
41
41
41
41
41
41
41
41
41
41
41
41
41
41
41
41
41
41
41
41
41
41
41
41
41
41
41
41
41
41
41
41
41
41
41
41
41
41
41
41
41
41
41
41
41
41
41
41
41
41
41
41
41
41
41
41
41
41
41
41
41
41
41
41
41
41
41
41
41
41
41
41
41
41
41
41
41
41
41
41
41
41
41
41
41
41
41
41
41
41
41
41
41
41
41
41
41
41
41
41
41
41
41
41
41
41
41
41
41
41
41
41
41
41
41
41
41
41
41
41
41
41
41
41
41
41
41
41
41
41
41
41
41
41
41
41
41
41
41
41
41
41
41
41
41
41
41
41
41
41
41
41
41
41
41
41
41
41
41
41
41
41
41
41
41
41
41
41
41
41
41
41
41
41
41
41
41
41
41
41
41
41
41
41
41
41
41
41
41
41
41
41
41
41
41
41
41
41
41
41
41
41
41
41
41
41
