730
849
732
711
683
628
615
596
550
532
528
541
485
479
485
492
502
473
471
461
420
414
422
406
393
380
367
375
338
288
291
275
275
248
244
251
253
239
239
220
220
223
228
229
234
259
236
269
257
264
267
275
249
238
255
259
263
238
246
218
238
250
256
253
283
258
307
276
271
264
290
284
286
299
292
270
290
273
273
274
273
314
312
317
325
329
335
297
290
259
270
252
246
256
252
237
233
243
236
248
237
267
233
243
248
267
263
272
271
277
293
336
321
315
320
322
308
327
315
347
318
315
314
300
300
278
269
274
252
262
250
281
285
294
306
279
269
254
254
261
271
262
265
282
283
311
299
325
305
303
305
316
312
318
267
259
258
260
267
262
263
262
259
234
254
251
248
263
237
227
229
200
176
199
173
166
144
153
149
163
164
167
162
157
159
155
143
156
160
171
180
190
200
223
199
191
181
174
168
182
171
180
182
195
189
210
191
193
212
215
232
221
207
231
226
235
218
247
224
213
223
216
222
229
207
199
193
213
222
250
250
276
252
261
239
249
226
228
206
222
225
234
220
221
230
231
215
218
220
206
210
185
191
177
186
173
180
189
166
180
183
185
174
181
174
183
159
152
160
141
129
129
127
132
128
119
129
129
144
141
163
151
161
171
174
159
161
167
171
174
188
179
205
178
167
161
151
148
143
142
121
121
124
119
114
118
114
118
119
123
119
126
117
122
115
115
120
119
122
119
117
122
124
133
126
126
119
125
125
123
132
130
137
130
130
129
115
109
103
99
99
100
98
102
94
90
91
94
93
98
99
102
97
91
89
90
88
91
89
92
93
101
95
101
97
92
92
92
95
96
98
100
102
107
102
105
104
101
101
104
102
109
100
108
96
93
90
91
93
95
95
100
102
107
107
98
101
101
106
114
115
112
121
123
135
123
130
123
137
128
138
135
129
124
135
139
145
127
134
130
132
133
139
127
126
131
136
137
133
153
137
139
116
115
120
115
119
115
111
105
113
111
120
112
111
104
91
87
86
86
86
86
86
86
86
86
86
86
86
86
86
86
86
86
86
86
86
86
86
86
86
86
86
86
86
86
86
86
86
86
86
86
86
86
86
86
86
86
86
86
86
86
86
86
86
86
86
86
86
86
86
86
86
86
86
86
86
86
86
86
86
86
86
86
86
86
86
86
86
86
86
86
86
86
86
86
86
86
86
86
86
86
86
86
86
86
86
86
86
86
86
86
86
86
86
86
86
86
86
86
86
86
86
86
86
86
86
86
86
86
86
86
86
86
86
86
86
86
86
86
86
86
86
86
86
86
86
86
86
86
86
86
86
86
86
86
86
86
86
86
86
86
86
86
86
86
86
86
86
86
86
86
86
86
86
86
86
86
86
86
86
86
86
86
86
86
86
86
86
86
86
86
86
86
86
86
86
86
86
86
86
86
86
86
86
86
86
86
86
86
86
86
86
86
86
86
86
86
86
86
86
86
86
86
86
86
86
86
86
86
86
86
86
86
86
86
86
86
86
86
86
86
86
86
86
86
86
86
86
86
86
86
86
86
86
86
86
86
86
86
86
86
86
86
86
86
86
86
86
86
86
86
86
86
86
86
86
86
86
86
86
86
86
86
86
86
86
86
86
86
86
86
86
86
86
86
86
86
86
86
86
86
86
86
86
86
86
86
86
86
86
86
86
86
86
86
86
86
86
86
86
86
86
86
86
86
86
86
86
86
86
86
86
86
86
86
86
86
86
86
86
86
86
86
86
86
86
86
86
86
86
86
86
86
86
86
86
86
86
86
86
86
86
86
86
86
86
86
86
86
86
86
86
86
86
86
86
86
86
86
86
86
86
86
86
86
86
86
86
86
86
86
86
86
86
86
86
86
86
86
86
86
86
86
86
86
86
86
86
86
86
86
86
86
86
86
86
86
86
86
86
86
86
86
86
86
86
86
86
86
86
86
86
86
86
86
86
86
86
86
86
86
86
86
86
86
86
86
86
86
86
86
86
86
86
86
86
86
86
86
86
86
86
86
86
86
86
86
86
86
86
86
86
86
86
86
86
86
86
86
86
86
86
86
86
86
86
86
86
86
86
86
86
86
86
86
86
86
86
86
86
86
86
86
86
86
86
86
86
86
86
86
86
86
86
86
86
86
86
86
86
86
86
86
86
86
86
86
86
86
86
86
86
86
86
86
86
86
86
86
86
86
86
86
86
86
86
86
86
86
86
86
86
86
86
86
86
86
86
86
86
86
86
86
86
86
86
86
86
86
