734
868
740
721
668
639
597
567
532
547
526
485
457
445
453
450
471
481
425
434
463
443
463
450
464
430
428
398
384
400
391
403
416
415
452
409
402
382
375
372
360
371
355
334
334
319
327
334
310
344
326
321
323
304
320
297
329
319
331
314
319
291
248
249
247
246
239
250
250
249
238
276
262
270
287
284
285
297
284
270
276
279
310
296
332
301
307
320
311
328
303
313
304
329
322
328
328
330
344
338
313
315
290
297
307
315
296
317
282
301
288
294
315
287
310
303
286
279
278
284
295
250
262
247
271
250
252
247
240
237
274
236
249
232
210
223
211
226
213
226
215
199
210
199
196
194
210
197
204
194
214
216
221
213
232
226
233
221
231
200
199
185
191
186
192
190
189
176
173
167
159
157
145
156
153
153
160
164
155
179
161
186
174
176
174
174
162
168
174
178
175
178
181
188
205
192
212
222
206
216
221
215
208
208
212
196
181
193
175
174
177
187
183
178
179
183
189
210
208
221
225
241
240
242
254
252
231
258
251
250
233
246
219
216
200
234
214
221
202
235
212
235
221
234
220
226
224
230
223
220
209
214
226
216
229
219
251
246
277
240
243
220
249
219
207
221
214
193
187
205
205
200
171
180
164
170
185
178
174
188
174
193
185
200
192
223
222
219
214
214
215
207
211
219
234
236
243
217
216
209
199
194
198
182
187
185
176
164
178
170
181
168
186
189
194
198
223
201
195
193
204
194
211
221
239
226
254
245
279
258
269
289
284
250
281
238
258
254
261
272
288
273
286
261
247
236
233
218
231
230
251
251
269
263
265
258
256
243
232
226
242
245
247
225
229
223
227
222
240
219
223
244
240
266
262
288
299
290
285
282
277
281
262
271
273
256
260
254
251
248
258
253
275
250
233
232
256
238
228
216
231
234
242
229
238
210
207
198
183
199
214
189
209
205
217
204
197
194
212
221
225
211
222
226
224
230
243
231
235
252
235
232
236
244
235
229
233
226
238
241
270
249
267
269
277
312
318
278
278
271
306
292
270
300
296
313
269
280
257
286
275
248
239
241
260
249
251
270
258
237
217
219
208
215
218
243
209
226
208
211
224
225
221
216
211
219
233
238
242
235
268
282
262
290
275
284
265
265
265
285
261
294
283
285
289
300
291
296
285
299
314
300
295
269
253
287
285
260
291
278
291
279
266
254
253
255
259
274
294
289
293
298
280
300
266
266
209
235
224
210
225
231
243
239
230
227
242
260
242
269
238
250
230
227
222
243
224
241
222
260
221
224
246
217
227
234
232
226
236
232
225
227
235
238
257
249
270
255
257
277
239
271
234
233
219
232
223
234
222
221
208
205
204
216
223
224
228
245
236
246
244
250
273
251
233
227
214
218
231
233
257
235
239
235
221
221
233
245
236
255
254
236
222
220
214
211
218
219
236
215
223
204
214
231
183
199
188
196
192
184
197
201
190
200
195
208
213
203
212
201
200
210
211
221
215
219
228
218
234
214
205
209
216
200
217
197
174
169
173
149
157
153
155
154
133
143
122
117
113
112
111
115
119
120
127
125
127
116
129
119
138
132
153
153
149
135
145
123
141
112
106
100
97
101
101
97
101
101
92
102
101
105
102
112
106
104
94
102
96
100
101
106
106
101
109
94
96
92
101
91
94
94
104
97
100
93
99
89
88
96
90
93
90
93
91
98
102
109
104
119
104
103
105
95
89
87
90
90
93
105
86
100
94
104
106
111
112
120
102
108
100
101
98
104
98
104
100
117
93
87
87
90
93
89
91
86
91
92
101
99
99
119
91
93
96
97
91
98
98
103
114
114
101
97
106
97
106
106
100
99
95
89
92
96
96
101
96
92
92
91
96
98
104
111
98
110
108
112
109
103
101
106
111
116
109
119
124
131
141
144
138
130
123
129
133
120
110
121
121
129
130
135
134
127
135
129
149
128
124
133
143
126
127
115
118
127
129
123
140
129
138
125
134
138
127
139
144
144
147
152
159
181
179
188
170
178
182
198
189
202
183
203
181
184
187
164
160
157
170
163
149
135
131
131
126
132
147
150
166
180
175
197
175
179
200
184
206
173
185
191
175
210
166
174
171
192
185
174
178
164
169
152
169
138
152
145
139
137
150
144
151
139
144
126
119
137
127
134
141
137
138
117
116
125
115
105
107
97
91
89
93
95
100
99
107
109
110
113
121
112
124
123
136
137
117
117
111
109
116
123
122
123
110
102
98
94
91
91
96
92
93
99
99
97
89
94
92
92
101
102
