740
813
710
701
724
640
621
643
548
563
498
509
502
495
525
467
465
453
450
469
417
419
403
435
404
405
395
394
381
381
376
358
378
380
369
363
362
336
305
305
292
270
261
283
273
288
279
305
283
303
273
291
262
311
287
319
295
310
325
321
335
310
313
293
307
298
332
290
298
315
335
282
309
294
331
345
345
350
336
350
332
334
297
280
304
308
326
334
347
337
343
311
319
298
303
267
284
265
279
289
276
311
314
305
272
273
280
264
264
261
252
244
256
264
263
247
256
247
248
241
261
254
275
253
245
247
218
198
211
222
199
221
215
236
247
224
235
248
250
257
257
251
247
240
239
243
226
221
218
220
220
233
238
251
250
263
240
252
247
260
229
242
230
252
233
258
241
230
226
207
222
230
241
241
244
241
231
235
242
252
264
242
236
223
235
238
232
235
245
237
256
244
242
252
248
265
273
271
267
265
263
254
256
283
266
259
259
267
265
256
253
247
239
245
226
224
226
225
246
234
235
225
254
252
277
256
276
287
299
290
318
315
312
309
307
302
324
292
303
261
292
235
257
241
227
229
231
243
226
242
236
239
250
256
268
242
277
255
254
257
258
259
247
233
237
248
276
267
253
250
230
235
221
250
223
228
227
198
203
208
202
201
211
218
220
207
214
203
224
230
231
243
238
239
275
225
248
240
231
243
240
219
222
222
228
232
213
227
217
239
240
238
222
219
243
217
253
237
262
262
278
240
255
246
243
251
298
273
291
278
270
280
284
307
267
266
256
288
253
264
250
245
251
239
235
232
220
225
225
222
212
230
231
226
237
217
216
214
211
210
217
230
238
209
210
211
220
211
240
226
248
235
236
240
240
264
256
298
262
297
299
287
293
291
291
300
300
301
312
289
288
281
263
279
272
279
269
247
267
277
248
239
237
270
251
271
265
271
259
263
264
275
258
256
261
257
244
225
205
205
189
205
217
216
232
210
220
223
231
242
251
251
255
247
250
246
241
239
258
245
271
252
269
246
260
253
277
286
291
288
285
278
267
262
275
221
240
238
247
231
256
239
233
238
231
251
253
264
229
252
240
268
216
238
235
275
235
258
238
272
267
299
297
284
286
262
279
266
272
264
268
267
302
295
313
316
302
304
306
284
256
243
231
246
252
249
260
220
225
211
231
205
200
205
194
208
211
222
226
230
234
222
217
195
200
201
195
203
211
225
202
220
227
250
235
244
245
245
230
228
234
227
238
212
207
199
216
185
202
192
207
208
221
201
230
200
220
233
195
206
172
177
180
189
167
172
166
159
170
157
165
154
167
164
188
187
174
200
179
199
175
202
177
200
183
200
208
206
173
167
176
166
157
164
156
154
164
162
177
174
189
159
163
163
170
171
173
190
180
171
168
162
177
167
168
159
149
154
158
158
159
151
149
164
160
170
179
174
191
189
211
181
207
187
203
189
200
194
193
188
199
200
198
189
178
188
187
193
184
184
186
180
191
187
193
205
209
214
225
219
216
235
227
245
242
238
243
222
214
187
200
192
202
208
208
214
202
189
185
166
165
168
147
148
143
151
153
158
161
173
170
172
179
184
187
196
199
204
200
199
211
205
212
223
228
225
215
222
215
219
216
206
197
187
181
184
190
189
188
202
204
216
213
205
228
228
242
246
247
232
243
239
252
230
257
205
215
185
190
182
184
165
168
168
160
165
159
151
171
163
193
183
204
206
225
249
266
262
251
242
259
257
250
243
255
255
267
247
256
224
254
227
242
221
218
221
208
203
222
222
237
223
253
237
239
241
256
230
225
201
194
187
172
182
187
176
185
183
193
197
215
236
254
261
309
288
265
274
268
278
285
288
272
305
312
319
298
307
282
300
265
284
282
289
300
305
304
292
281
293
285
265
250
255
225
213
214
229
224
223
236
227
211
230
206
196
208
198
215
204
221
215
232
217
213
219
241
248
255
269
276
285
249
263
257
269
254
266
241
256
269
227
234
227
230
238
208
210
214
229
218
224
204
196
214
212
226
231
255
245
256
265
259
235
227
243
238
209
210
185
182
200
190
214
202
238
209
226
209
203
201
191
201
203
179
167
169
190
182
166
147
143
141
134
117
105
109
111
112
119
115
129
124
128
129
138
139
154
146
156
168
157
169
162
170
176
194
178
176
169
155
166
165
183
182
208
173
154
161
153
156
149
157
145
170
169
192
155
154
144
143
139
150
151
153
133
143
118
123
121
135
130
124
123
120
119
111
114
108
124
118
124
135
146
146
143
139
169
158
175
