758
813
793
749
685
668
604
615
600
557
593
515
544
560
544
539
517
492
485
454
474
476
484
469
466
451
426
425
433
426
431
459
481
458
506
452
451
423
450
439
427
426
427
392
404
395
406
402
351
363
338
365
332
332
315
334
320
299
304
289
320
299
326
300
295
281
298
281
294
267
234
241
246
255
244
262
247
235
249
222
219
213
230
222
217
233
218
245
249
232
246
230
203
209
197
210
216
225
257
252
297
270
304
274
307
284
303
286
335
282
260
251
255
255
244
239
261
248
248
271
246
240
228
235
228
220
235
211
223
236
238
231
221
224
220
227
208
216
234
226
247
230
245
246
270
245
232
224
217
225
222
243
185
210
205
225
230
229
228
236
225
215
227
240
271
222
228
224
236
218
256
221
236
212
240
204
225
215
221
210
205
205
215
210
218
192
195
192
182
191
177
206
195
177
169
171
181
188
166
164
172
164
181
160
166
157
159
148
173
167
170
150
187
157
174
166
192
167
172
179
187
142
168
161
166
159
162
166
162
164
170
169
163
155
164
172
179
178
177
178
194
184
191
191
206
205
203
191
188
190
180
196
176
188
175
178
183
185
196
194
199
198
212
205
209
203
210
195
198
194
198
203
200
209
204
199
212
194
206
217
204
192
214
206
220
231
210
233
227
239
226
211
215
191
194
191
194
198
200
217
200
222
217
250
206
216
204
209
205
195
215
194
198
201
191
211
192
209
190
187
174
177
164
170
158
165
159
157
168
165
173
174
165
156
172
156
172
174
164
162
161
171
161
179
172
182
177
179
164
151
146
180
162
169
170
170
171
190
190
186
163
188
182
176
179
173
178
167
175
167
150
149
147
134
134
137
129
126
120
126
127
126
127
139
130
121
132
131
135
136
146
140
135
129
129
130
130
132
137
123
131
124
129
121
127
126
129
137
141
133
138
146
144
146
149
152
147
161
140
144
133
134
140
129
133
129
128
133
137
127
131
127
124
125
122
132
136
152
148
156
145
160
155
163
161
178
143
137
153
137
153
150
164
164
177
172
180
165
152
158
162
162
160
180
154
176
161
156
161
175
162
166
166
165
148
143
142
151
153
166
168
178
167
200
170
187
178
200
185
182
177
191
182
193
166
177
165
183
173
180
171
195
176
196
175
167
166
167
161
168
164
174
177
166
169
184
177
171
189
172
166
174
163
152
144
154
138
133
126
132
128
129
136
136
145
142
150
152
173
155
163
151
156
159
156
148
145
137
141
134
130
124
122
127
127
124
127
124
122
131
135
125
133
126
134
125
131
124
124
131
132
117
113
112
112
113
115
113
116
120
116
119
118
119
118
112
117
113
120
112
109
108
109
114
112
120
113
118
116
117
125
121
123
123
119
117
115
116
113
115
115
117
115
116
119
121
125
129
127
124
130
130
139
129
133
129
124
126
123
126
121
121
121
121
120
121
123
119
120
115
113
115
115
115
115
115
115
115
115
115
115
115
115
115
115
115
115
115
115
115
115
115
115
117
113
110
107
106
106
106
106
106
106
106
106
106
106
106
106
106
106
106
106
106
106
106
106
106
106
106
106
106
106
106
106
106
106
106
106
106
106
106
106
106
106
106
106
106
106
106
106
106
106
106
106
106
106
106
106
106
106
106
106
106
106
106
106
106
106
106
106
106
106
106
106
106
106
106
106
106
106
106
106
106
106
106
106
106
106
106
106
106
106
106
106
106
106
106
106
106
106
106
106
106
106
106
106
106
106
106
106
106
106
106
106
106
106
106
106
106
106
106
106
106
106
106
106
106
106
106
106
106
106
106
106
106
106
106
106
106
106
106
106
106
106
106
106
106
106
106
106
106
106
106
106
106
106
106
106
106
106
106
106
106
106
106
106
106
106
106
106
106
106
106
106
106
106
106
106
106
106
106
106
106
106
106
106
106
106
106
106
106
106
106
106
106
106
106
106
106
106
106
106
106
106
106
106
106
106
106
106
106
106
106
106
106
106
106
106
106
106
106
106
106
106
106
106
106
106
106
106
106
106
106
106
106
106
106
106
106
106
106
106
106
106
106
106
106
106
106
106
106
106
106
106
106
106
106
106
106
106
106
106
106
106
106
106
106
106
106
106
106
106
106
106
106
106
106
106
106
106
106
106
106
106
106
106
106
106
106
106
106
106
106
106
106
106
106
106
106
106
106
106
106
106
106
106
106
106
106
106
106
106
106
106
106
106
106
106
106
106
106
106
106
106
106
106
106
106
106
106
106
106
106
106
106
106
106
106
106
