765
931
737
750
682
674
667
615
564
577
593
549
529
514
529
511
493
519
467
479
459
478
487
499
457
487
455
457
457
430
443
440
378
384
390
363
352
357
363
308
316
313
313
333
313
302
314
289
284
279
318
304
310
281
283
295
283
277
274
262
292
251
253
250
229
251
237
243
246
255
241
265
261
266
265
256
255
230
240
250
241
229
226
228
227
231
222
243
241
238
256
251
266
254
235
242
234
225
240
223
223
211
222
241
259
271
277
292
313
324
269
267
244
250
255
282
284
283
266
247
260
250
289
277
245
248
231
241
214
212
178
191
184
186
177
174
178
175
179
194
189
179
190
201
209
223
210
215
215
205
200
210
200
203
213
214
225
236
236
222
229
243
248
242
231
226
219
241
218
208
205
194
211
216
221
224
217
211
196
211
215
233
209
191
205
205
209
208
201
215
191
193
183
194
186
190
200
192
195
202
205
208
202
191
184
160
163
154
163
165
146
151
149
143
150
143
141
139
151
135
139
125
132
123
124
128
126
126
130
147
130
124
127
130
136
133
146
144
168
181
182
190
184
189
178
173
176
175
185
168
193
164
174
168
170
166
170
139
140
127
129
124
122
128
127
129
117
128
122
128
123
137
125
128
122
127
135
127
127
141
137
153
137
144
147
148
150
146
144
143
134
117
118
125
130
129
124
124
122
122
126
122
114
111
106
107
114
106
115
105
100
96
98
101
91
94
91
87
87
86
88
91
90
95
89
90
94
97
99
96
97
97
93
89
84
89
85
87
86
85
85
85
85
85
85
85
85
85
85
85
85
85
85
85
85
85
85
85
85
85
85
85
85
85
85
85
85
85
85
85
85
85
85
85
85
85
85
85
85
85
85
85
85
85
85
85
85
85
85
85
85
85
85
85
85
85
85
85
85
85
85
85
85
85
85
85
85
85
85
85
85
85
85
85
85
85
85
85
85
85
85
85
85
85
85
85
85
85
85
85
85
85
85
85
85
85
85
85
85
85
85
85
85
85
85
85
85
85
85
85
85
85
85
85
85
85
85
85
85
85
85
85
85
85
85
85
85
85
85
85
85
85
85
85
85
85
85
85
85
85
85
85
85
85
85
85
85
85
85
85
85
85
85
85
85
85
85
85
85
85
85
85
85
85
85
85
85
85
85
85
85
85
85
85
85
85
85
85
85
85
85
85
85
85
85
85
85
85
85
85
85
85
85
85
85
85
85
85
85
85
85
85
85
85
85
85
85
85
85
85
85
85
85
85
85
85
85
85
85
85
85
85
85
85
85
85
85
85
85
85
85
85
85
85
85
85
85
85
85
85
85
85
85
85
85
85
85
85
85
85
85
85
85
85
85
85
85
85
85
85
85
85
85
85
85
85
85
85
85
85
85
85
85
85
85
85
85
85
85
85
85
85
85
85
85
85
85
85
85
85
85
85
85
85
85
85
85
85
85
85
85
85
85
85
85
85
85
85
85
85
85
85
85
85
85
85
85
85
85
85
85
85
85
85
85
85
85
85
85
85
85
85
85
85
85
85
85
85
85
85
85
85
85
85
85
85
85
85
85
85
85
85
85
85
85
85
85
85
85
85
85
85
85
85
85
85
85
85
85
85
85
85
85
85
85
85
85
85
85
85
85
85
85
85
85
85
85
85
85
85
85
85
85
85
85
85
85
85
85
85
85
85
85
85
85
85
85
85
85
85
85
85
85
85
85
85
85
85
85
85
85
85
85
85
85
85
85
85
85
85
85
85
85
85
85
85
85
85
85
85
85
85
85
85
85
85
85
85
85
85
85
85
85
85
85
85
85
85
85
85
85
85
85
85
85
85
85
85
85
85
85
85
85
85
85
85
85
85
85
85
85
85
85
85
85
85
85
85
85
85
85
85
85
85
85
85
85
85
85
85
85
85
85
85
85
85
85
85
85
85
85
85
85
85
85
85
85
85
85
85
85
85
85
85
85
85
85
85
85
85
85
85
85
85
85
85
85
85
85
85
85
85
85
85
85
85
85
85
85
85
85
85
85
85
85
85
85
85
85
85
85
85
85
85
85
85
85
85
85
85
85
85
85
85
85
85
85
85
85
85
85
85
85
85
85
85
85
85
85
85
85
85
85
85
85
85
85
85
85
85
85
85
85
85
85
85
85
85
85
85
85
85
85
85
85
85
85
85
85
85
85
85
85
85
85
85
85
85
85
85
85
85
85
85
85
85
85
85
85
85
85
85
85
85
85
85
85
85
85
85
85
85
85
85
85
85
85
85
85
85
