784
861
774
713
707
652
668
589
620
593
591
553
506
496
496
475
447
444
395
412
388
409
385
377
368
356
364
372
356
366
338
331
319
345
348
368
347
359
329
332
336
333
315
338
313
333
327
353
351
326
337
322
324
340
314
319
322
342
308
313
317
298
290
288
266
274
274
268
281
256
278
269
299
304
323
337
324
310
341
332
356
317
343
308
306
284
275
251
266
245
224
236
238
221
210
212
182
179
165
188
178
184
195
206
172
166
153
139
137
146
152
144
149
147
137
140
129
128
129
128
138
130
148
140
161
148
159
153
162
178
168
183
164
169
168
182
198
189
186
183
197
192
184
169
167
167
166
165
161
170
151
153
147
144
158
152
162
172
184
189
209
194
185
181
189
190
196
193
199
193
197
183
202
203
211
222
243
244
198
199
195
193
203
186
189
177
175
182
167
193
169
183
185
188
168
177
171
193
193
214
204
216
198
180
189
167
176
156
174
163
150
152
142
157
141
151
149
141
143
141
138
137
148
151
143
144
131
138
125
131
119
125
118
125
129
139
145
138
130
136
132
138
141
147
149
147
158
149
154
146
152
148
136
141
146
152
152
150
141
150
153
159
160
175
173
189
184
174
177
187
194
200
205
193
206
193
206
201
218
224
202
211
214
241
227
197
215
215
223
193
210
212
213
189
196
192
189
213
198
204
190
179
169
177
172
166
181
178
180
195
195
200
206
211
209
205
212
217
214
195
195
187
188
175
156
156
147
147
148
152
156
157
165
163
153
160
157
163
160
166
160
165
172
187
168
165
160
149
165
149
157
152
165
156
155
149
149
158
147
150
156
156
171
164
170
158
174
165
167
162
162
153
159
153
148
149
146
141
147
151
154
170
168
166
166
186
152
163
155
154
162
166
151
165
149
148
151
168
163
176
167
170
184
163
164
173
161
162
179
177
196
182
192
200
220
196
207
207
207
200
200
197
206
190
184
173
164
167
155
161
158
169
175
196
182
191
184
184
187
187
194
208
203
191
186
164
175
182
174
177
158
162
156
142
166
152
157
151
155
155
166
154
153
154
147
146
138
139
145
132
133
140
133
135
149
135
146
138
142
143
144
157
156
157
158
173
178
178
186
184
190
177
174
170
175
179
176
195
175
187
154
169
147
163
159
162
174
172
201
183
189
178
177
182
188
171
178
181
159
161
162
166
153
157
144
154
147
150
163
155
152
154
147
159
140
145
147
154
150
150
149
153
170
160
155
161
165
167
177
173
201
191
220
224
202
217
207
199
183
203
197
185
181
173
182
167
186
179
183
159
165
166
182
173
169
174
195
173
179
179
176
202
194
200
178
182
181
203
191
200
195
212
217
217
232
207
237
201
221
215
237
211
222
243
240
238
237
232
210
202
183
203
170
181
156
165
173
166
170
167
177
155
161
166
158
155
169
147
153
153
175
157
159
159
163
179
185
176
179
174
179
175
180
186
169
153
163
161
155
163
157
155
151
146
148
168
148
167
152
156
158
171
171
158
177
182
208
201
242
214
242
223
237
227
225
230
213
202
179
184
171
155
162
169
166
179
187
189
193
193
176
194
182
184
197
180
173
161
183
176
181
168
158
176
173
188
172
165
168
189
165
188
174
165
152
148
143
124
112
128
123
142
138
140
160
175
141
149
155
145
162
147
147
158
152
141
152
152
150
158
149
162
160
169
178
171
156
159
158
153
141
141
140
143
156
157
151
140
138
132
132
120
125
130
130
134
144
153
145
158
159
172
176
183
201
182
199
188
207
171
208
179
182
177
191
190
200
192
206
208
210
196
199
212
190
207
192
215
224
214
251
214
215
217
228
241
232
239
245
259
248
263
254
233
235
219
211
202
203
179
189
183
199
182
197
202
179
184
177
177
183
171
179
186
180
157
167
155
162
139
142
141
144
138
150
146
148
150
164
156
165
150
150
154
142
138
134
129
127
129
143
133
157
147
175
160
173
161
160
155
172
131
130
117
106
106
106
107
112
115
119
119
127
123
139
132
142
141
149
154
143
138
141
150
154
162
149
176
152
163
164
169
170
157
169
166
190
171
194
167
187
157
177
147
141
135
129
132
137
148
134
126
136
126
126
111
118
116
112
121
119
130
120
130
127
133
138
146
138
146
145
138
149
160
156
182
168
177
197
190
192
200
202
198
212
187
206
218
202
197
195
187
194
193
171
166
165
172
171
176
177
183
173
176
162
158
166
155
153
150
138
144
120
118
116
116
120
120
118
115
119
111
124
122
118
124
128
131
134
137
