770
911
739
700
613
621
574
598
528
531
518
523
526
525
512
494
477
477
444
427
443
420
441
433
390
391
386
359
401
391
395
453
383
422
387
383
360
378
374
368
346
336
312
350
308
333
340
342
326
319
305
285
283
297
297
321
310
294
306
308
297
271
253
285
269
297
272
275
250
250
248
246
274
240
255
236
252
258
266
276
269
265
298
294
276
294
268
295
289
299
311
312
311
315
313
278
275
279
260
244
229
242
246
278
286
271
289
289
296
292
286
288
301
275
281
281
294
267
294
271
285
277
277
276
269
265
282
256
268
294
300
323
341
325
307
282
263
267
279
277
275
279
296
273
280
272
269
261
270
278
284
264
241
249
238
230
221
214
233
223
219
215
203
212
217
225
211
217
225
237
239
230
238
198
216
188
215
200
228
227
242
231
224
194
179
180
184
190
171
190
179
191
200
215
219
199
201
189
188
178
175
185
189
174
211
192
199
184
199
195
200
182
175
179
157
163
158
145
153
135
144
145
152
140
148
140
158
134
146
142
151
158
176
136
147
131
137
130
140
138
145
138
144
149
151
158
160
154
167
159
160
145
156
154
140
149
152
150
172
158
160
172
165
168
166
171
175
178
183
188
186
189
200
199
214
207
241
210
230
211
220
209
220
213
195
189
200
204
221
232
223
240
224
209
203
201
200
186
184
191
194
177
198
169
157
151
156
149
155
173
165
183
163
176
170
177
169
186
178
185
192
200
189
210
197
208
192
205
179
198
185
184
180
182
177
190
162
167
173
166
186
179
162
171
172
140
155
151
157
165
163
151
164
172
165
176
168
172
166
163
156
167
161
163
182
171
176
166
171
181
163
170
169
181
181
189
187
205
198
207
214
209
211
207
216
196
212
185
180
194
173
190
191
194
185
187
175
182
183
184
179
183
180
165
154
156
153
162
148
157
174
185
191
173
192
191
185
194
195
193
210
192
177
194
202
212
195
201
182
172
163
158
179
172
174
180
195
170
183
189
196
171
161
168
166
160
152
152
157
150
155
162
161
174
146
152
161
181
178
184
197
179
175
173
183
195
202
189
160
176
158
169
167
161
168
162
145
158
146
159
150
168
160
187
183
169
185
182
208
214
189
194
194
201
193
180
187
186
197
215
218
210
211
213
204
209
218
247
234
207
217
204
203
216
214
214
214
228
218
195
194
180
182
186
199
181
177
179
158
154
160
163
145
125
132
117
111
114
105
108
105
112
115
123
121
128
126
130
136
125
124
118
122
116
127
117
123
127
123
131
123
138
127
118
117
129
130
124
134
132
137
138
149
130
138
127
130
117
123
125
131
135
159
136
151
140
151
145
162
159
169
171
168
176
179
189
198
186
202
193
207
207
216
198
207
193
213
207
231
242
247
234
236
232
229
227
228
225
231
209
216
261
225
228
220
209
210
190
209
203
210
205
196
204
200
226
210
220
210
205
215
205
206
199
194
194
194
168
185
180
205
188
183
176
158
151
141
155
149
158
139
149
135
128
139
141
120
117
126
115
128
129
147
135
141
155
150
143
140
156
152
145
138
137
154
145
165
130
128
136
133
142
134
121
125
125
135
129
137
136
141
155
152
139
138
133
124
127
127
138
138
118
135
138
140
144
155
142
158
162
153
144
141
140
139
139
133
147
140
143
150
144
132
146
131
135
145
135
145
140
137
129
140
132
141
140
147
142
151
140
161
151
152
158
169
161
167
163
170
164
160
155
146
137
146
152
143
150
171
167
176
163
164
159
147
159
155
164
160
166
153
174
169
163
155
158
142
146
151
150
157
150
149
157
156
148
165
146
159
146
155
139
146
132
138
117
120
120
115
136
108
122
119
119
111
116
122
123
117
117
117
121
123
130
135
133
114
108
101
105
103
105
103
100
98
88
83
84
82
89
88
88
76
69
66
75
70
80
66
76
72
74
77
74
76
79
76
82
83
88
92
87
88
90
87
92
95
100
95
92
99
98
88
104
103
108
119
111
114
120
130
104
90
85
77
70
65
67
74
68
69
72
81
85
92
90
89
80
71
82
85
78
80
69
63
63
62
64
48
45
42
46
43
51
51
57
52
58
48
52
47
44
45
41
39
34
34
30
28
28
28
28
27
27
28
29
31
30
31
34
33
40
33
33
30
33
34
35
35
38
44
36
41
41
44
45
53
51
51
51
52
49
48
41
45
38
39
34
36
33
31
32
32
32
32
32
32
32
32
32
32
32
32
32
32
32
32
32
32
32
32
32
32
32
32
32
32
32
32
32
