708
793
699
733
696
679
625
641
672
656
677
604
603
592
593
570
586
548
490
498
511
509
500
492
514
510
465
509
425
425
362
367
362
358
354
339
340
338
335
351
361
331
342
366
331
294
281
291
299
285
262
258
264
270
263
291
259
276
268
260
280
268
296
281
300
302
297
311
309
304
337
316
325
329
350
320
303
290
290
320
319
351
331
357
315
335
334
333
332
324
336
295
286
269
282
280
267
281
253
249
263
275
258
269
268
277
256
269
239
268
245
265
257
274
281
281
296
299
319
340
321
332
343
306
297
283
276
287
288
269
259
269
270
282
285
305
288
282
284
289
268
266
259
280
240
262
246
281
268
251
264
268
279
295
309
295
291
299
286
284
288
283
290
281
283
288
299
304
284
316
298
305
297
290
297
310
299
311
290
283
266
275
245
231
256
238
245
243
273
259
254
289
289
325
317
316
324
337
319
343
285
288
272
273
286
272
281
265
261
246
226
238
250
246
269
240
233
239
234
245
239
270
264
258
254
241
253
230
234
229
242
243
277
242
261
264
270
278
306
257
262
255
262
274
281
278
276
289
281
298
281
268
270
251
242
261
244
234
251
244
261
231
222
232
227
216
202
192
187
179
177
182
175
184
174
178
185
189
192
181
191
182
177
186
182
205
180
176
175
166
167
162
172
177
182
185
183
191
194
194
203
197
182
175
181
176
176
181
179
188
166
176
176
195
172
179
183
192
195
185
185
183
192
198
189
185
182
192
199
203
212
223
217
227
211
222
215
226
254
224
236
219
192
190
213
192
207
202
190
191
210
194
198
188
197
184
185
175
171
155
147
156
151
151
147
158
146
146
142
147
143
139
139
147
164
160
177
172
171
152
154
154
145
160
142
128
129
115
115
110
118
113
121
114
107
106
107
107
110
111
116
111
110
116
117
119
126
120
133
129
130
130
128
133
139
147
145
133
128
128
131
123
145
126
121
116
117
127
118
114
114
112
113
113
108
111
108
114
115
114
124
112
110
104
105
110
103
100
100
100
98
101
91
91
92
91
93
97
96
98
99
107
97
104
102
105
106
122
117
112
109
100
105
110
107
101
106
103
110
107
116
115
118
115
122
117
121
127
134
129
130
131
125
145
124
139
129
135
113
116
117
124
125
132
125
132
122
112
125
118
126
129
112
109
105
99
100
85
79
77
76
74
76
76
77
79
83
86
91
80
83
85
81
90
90
96
98
80
81
75
79
76
75
74
64
62
61
59
59
59
59
59
59
59
59
59
59
59
59
59
59
59
59
59
59
59
59
59
59
59
59
59
59
59
59
59
59
59
59
59
59
59
59
59
59
59
59
59
59
59
59
59
59
59
59
59
59
59
59
59
59
59
59
59
59
59
59
59
59
59
59
59
59
59
59
59
59
59
59
59
59
59
59
59
59
59
59
59
59
59
59
59
59
59
59
59
59
59
59
59
59
59
59
59
59
59
59
59
59
59
59
59
59
59
59
59
59
59
59
59
59
59
59
59
59
59
59
59
59
59
59
59
59
59
59
59
59
59
59
59
59
59
59
59
59
59
59
59
59
59
59
59
59
59
59
59
59
59
59
59
59
59
59
59
59
59
59
59
59
59
59
59
59
59
59
59
59
59
59
59
59
59
59
59
59
59
59
59
59
59
59
59
59
59
59
59
59
59
59
59
59
59
59
59
59
59
59
59
59
59
59
59
59
59
59
59
59
59
59
59
59
59
59
59
59
59
59
59
59
59
59
59
59
59
59
59
59
59
59
59
59
59
59
59
59
59
59
59
59
59
59
59
59
59
59
59
59
59
59
59
59
59
59
59
59
59
59
59
59
59
59
59
59
59
59
59
59
59
59
59
59
59
59
59
59
59
59
59
59
59
59
59
59
59
59
59
59
59
59
59
59
59
59
59
59
59
59
59
59
59
59
59
59
59
59
59
59
59
59
59
59
59
59
59
59
59
59
59
59
59
59
59
59
59
59
59
59
59
59
59
59
59
59
59
59
59
59
59
59
59
59
59
59
59
59
59
59
59
59
59
59
59
59
59
59
59
59
59
59
59
59
59
59
59
59
59
59
59
59
59
59
59
59
59
59
59
59
59
59
59
59
59
59
59
59
59
59
59
59
59
59
59
59
59
59
59
59
59
59
59
59
59
59
59
59
59
59
59
59
59
59
59
59
59
59
59
59
59
59
59
59
59
59
59
59
59
59
59
59
59
59
59
59
59
59
59
59
59
59
59
59
59
59
59
59
59
59
59
59
59
