723
827
685
652
637
598
601
582
559
563
552
533
543
511
493
488
525
482
481
432
447
462
453
418
400
388
350
339
328
314
315
333
316
344
329
313
326
298
332
336
350
343
372
325
347
348
344
333
312
302
304
298
307
299
283
278
251
258
278
281
311
278
293
274
286
289
308
276
249
257
220
220
223
227
246
229
241
223
233
249
246
241
248
236
251
265
245
273
256
275
272
272
268
266
275
279
299
293
271
274
243
251
256
267
265
258
231
253
235
261
228
249
241
266
231
212
234
221
238
231
243
248
262
242
257
251
257
237
224
233
221
230
231
235
247
251
261
238
235
224
234
223
234
233
231
210
221
222
209
224
219
226
229
238
219
218
219
205
203
204
207
214
237
234
219
218
198
189
192
194
209
195
211
225
222
227
213
246
205
211
211
208
196
185
193
197
211
205
227
224
241
224
261
212
232
213
212
206
219
205
207
208
193
185
198
172
190
177
185
190
211
214
239
233
227
223
234
207
206
213
209
225
225
220
234
231
230
231
236
235
235
234
221
239
247
234
214
213
209
209
213
203
200
186
192
191
187
178
201
187
196
214
196
203
203
224
227
233
232
242
235
271
242
231
240
208
200
198
207
207
242
222
231
252
256
271
240
253
255
275
240
243
238
244
227
219
225
221
210
221
210
214
227
214
187
198
187
176
179
161
145
156
160
162
182
162
163
148
165
169
174
157
172
153
168
163
159
132
146
137
141
143
174
165
197
183
203
197
213
215
192
194
195
192
190
192
194
197
186
201
175
150
152
140
151
147
153
141
136
134
121
121
122
127
132
136
139
148
120
120
120
109
117
106
110
115
115
120
118
115
119
122
124
112
121
121
122
111
114
118
115
103
109
109
105
112
109
104
103
99
95
96
97
107
103
115
102
102
95
95
89
93
90
94
95
100
95
89
96
91
108
82
77
71
69
65
63
62
60
60
60
60
60
60
60
60
60
60
60
60
60
60
60
60
60
60
60
60
60
60
60
60
60
60
60
60
60
60
60
60
60
60
60
60
60
60
60
60
60
60
60
60
60
60
60
60
60
60
60
60
60
60
60
60
60
60
60
60
60
60
60
60
60
60
60
60
60
60
60
60
60
60
60
60
60
60
60
60
60
60
60
60
60
60
60
60
60
60
60
60
60
60
60
60
60
60
60
60
60
60
60
60
60
60
60
60
60
60
60
60
60
60
60
60
60
60
60
60
60
60
60
60
60
60
60
60
60
60
60
60
60
60
60
60
60
60
60
60
60
60
60
60
60
60
60
60
60
60
60
60
60
60
60
60
60
60
60
60
60
60
60
60
60
60
60
60
60
60
60
60
60
60
60
60
60
60
60
60
60
60
60
60
60
60
60
60
60
60
60
60
60
60
60
60
60
60
60
60
60
60
60
60
60
60
60
60
60
60
60
60
60
60
60
60
60
60
60
60
60
60
60
60
60
60
60
60
60
60
60
60
60
60
60
60
60
60
60
60
60
60
60
60
60
60
60
60
60
60
60
60
60
60
60
60
60
60
60
60
60
60
60
60
60
60
60
60
60
60
60
60
60
60
60
60
60
60
60
60
60
60
60
60
60
60
60
60
60
60
60
60
60
60
60
60
60
60
60
60
60
60
60
60
60
60
60
60
60
60
60
60
60
60
60
60
60
60
60
60
60
60
60
60
60
60
60
60
60
60
60
60
60
60
60
60
60
60
60
60
60
60
60
60
60
60
60
60
60
60
60
60
60
60
60
60
60
60
60
60
60
60
60
60
60
60
60
60
60
60
60
60
60
60
60
60
60
60
60
60
60
60
60
60
60
60
60
60
60
60
60
60
60
60
60
60
60
60
60
60
60
60
60
60
60
60
60
60
60
60
60
60
60
60
60
60
60
60
60
60
60
60
60
60
60
60
60
60
60
60
60
60
60
60
60
60
60
60
60
60
60
60
60
60
60
60
60
60
60
60
60
60
60
60
60
60
60
60
60
60
60
60
60
60
60
60
60
60
60
60
60
60
60
60
60
60
60
60
60
60
60
60
60
60
60
60
60
60
60
60
60
60
60
60
60
60
60
60
60
60
60
60
60
60
60
60
60
60
60
60
60
60
60
60
60
60
60
60
60
60
60
60
60
60
60
60
60
60
60
60
60
60
60
60
60
60
60
60
60
60
60
60
60
60
60
60
60
60
60
60
60
60
60
60
60
60
60
60
60
60
60
60
60
60
60
60
60
60
60
60
60
60
60
60
60
60
60
60
60
60
60
60
