752
860
771
719
655
614
591
543
489
453
458
440
436
411
418
407
392
409
379
384
367
328
348
354
360
354
376
383
397
390
418
415
423
416
421
407
397
364
341
340
337
335
310
304
289
264
254
262
255
257
257
255
250
250
251
254
254
258
274
247
261
258
257
255
264
267
290
284
260
252
238
229
217
226
214
226
232
209
231
204
226
188
192
191
179
194
183
197
199
197
199
221
187
197
190
213
180
190
191
205
194
202
188
189
176
184
180
160
163
159
158
171
176
200
192
184
160
183
178
167
170
181
174
164
184
166
160
154
154
155
153
190
152
179
149
161
158
144
129
133
127
119
118
105
105
103
101
113
104
111
106
106
115
107
109
109
110
100
93
91
93
97
92
89
93
98
98
108
100
102
99
99
107
95
103
95
99
93
93
91
94
97
100
95
106
101
99
88
90
92
96
100
97
99
116
94
89
89
77
83
83
87
89
84
92
94
95
95
94
94
98
86
76
76
78
78
80
82
80
90
85
89
85
84
79
77
81
83
83
90
83
83
84
82
83
79
77
80
82
88
77
79
79
79
80
73
74
73
74
79
74
74
73
77
73
74
74
72
76
72
73
73
78
79
80
87
80
89
85
90
88
91
96
101
99
100
83
87
91
92
99
105
96
104
94
86
87
87
94
89
100
94
95
95
95
90
92
91
92
88
77
72
70
67
69
73
75
81
75
75
74
74
69
72
66
62
59
60
59
59
61
61
65
65
73
65
65
65
65
65
65
65
65
65
65
65
65
65
65
65
65
65
65
65
65
65
65
65
65
65
65
65
65
65
65
65
65
65
65
65
65
65
65
65
65
65
65
65
65
65
65
65
65
65
65
65
65
65
65
65
65
65
65
65
65
65
65
65
65
65
65
65
65
65
65
65
65
65
65
65
65
65
65
65
65
65
65
65
65
65
65
65
65
65
65
65
65
65
65
65
65
65
65
65
65
65
65
65
65
65
65
65
65
65
65
65
65
65
65
65
65
65
65
65
65
65
65
65
65
65
65
65
65
65
65
65
65
65
65
65
65
65
65
65
65
65
65
65
65
65
65
65
65
65
65
65
65
65
65
65
65
65
65
65
65
65
65
65
65
65
65
65
65
65
65
65
65
65
65
65
65
65
65
65
65
65
65
65
65
65
65
65
65
65
65
65
65
65
65
65
65
65
65
65
65
65
65
65
65
65
65
65
65
65
65
65
65
65
65
65
65
65
65
65
65
65
65
65
65
65
65
65
65
65
65
65
65
65
65
65
65
65
65
65
65
65
65
65
65
65
65
65
65
65
65
65
65
65
65
65
65
65
65
65
65
65
65
65
65
65
65
65
65
65
65
65
65
65
65
65
65
65
65
65
65
65
65
65
65
65
65
65
65
65
65
65
65
65
65
65
65
65
65
65
65
65
65
65
65
65
65
65
65
65
65
65
65
65
65
65
65
65
65
65
65
65
65
65
65
65
65
65
65
65
65
65
65
65
65
65
65
65
65
65
65
65
65
65
65
65
65
65
65
65
65
65
65
65
65
65
65
65
65
65
65
65
65
65
65
65
65
65
65
65
65
65
65
65
65
65
65
65
65
65
65
65
65
65
65
65
65
65
65
65
65
65
65
65
65
65
65
65
65
65
65
65
65
65
65
65
65
65
65
65
65
65
65
65
65
65
65
65
65
65
65
65
65
65
65
65
65
65
65
65
65
65
65
65
65
65
65
65
65
65
65
65
65
65
65
65
65
65
65
65
65
65
65
65
65
65
65
65
65
65
65
65
65
65
65
65
65
65
65
65
65
65
65
65
65
65
65
65
65
65
65
65
65
65
65
65
65
65
65
65
65
65
65
65
65
65
65
65
65
65
65
65
65
65
65
65
65
65
65
65
65
65
65
65
65
65
65
65
65
65
65
65
65
65
65
65
65
65
65
65
65
65
65
65
65
65
65
65
65
65
65
65
65
65
65
65
65
65
65
65
65
65
65
65
65
65
65
65
65
65
65
65
65
65
65
65
65
65
65
65
65
65
65
65
65
65
65
65
65
65
65
65
65
65
65
65
65
65
65
65
65
65
65
65
65
65
65
65
65
65
65
65
65
65
65
65
65
65
65
65
65
65
65
65
65
65
65
65
65
65
65
65
65
65
65
65
65
65
65
65
65
65
65
65
65
65
65
65
65
65
65
65
65
65
65
65
65
65
65
65
65
65
65
65
65
65
65
65
65
65
65
65
65
65
65
65
65
65
65
65
65
65
65
65
65
65
