751
887
675
680
645
608
536
577
535
470
478
478
494
501
490
519
488
517
511
477
471
485
469
463
461
464
455
440
455
428
415
408
408
373
366
369
364
351
338
349
297
294
286
290
251
259
280
265
284
253
270
268
249
260
268
275
255
234
249
241
248
253
246
270
251
241
252
252
256
258
216
220
202
209
219
216
224
225
240
229
263
234
241
235
249
250
252
264
223
220
221
221
229
245
275
258
278
258
276
246
259
260
249
235
207
209
214
215
236
239
234
222
227
238
292
246
256
245
243
247
254
254
236
245
254
274
273
283
282
292
256
260
248
255
261
269
271
274
252
248
267
238
251
212
214
234
231
234
236
234
234
228
236
263
240
253
233
248
244
276
238
261
227
255
246
242
201
207
197
174
164
167
151
158
160
163
171
165
181
179
182
184
192
207
187
194
187
189
179
207
188
189
178
196
174
186
184
203
182
196
199
178
191
194
203
203
224
206
210
205
213
196
204
211
205
199
191
178
188
175
176
164
161
173
168
172
147
155
131
134
127
136
145
142
145
151
159
149
163
166
158
167
167
164
148
156
139
121
125
132
141
121
136
131
124
136
124
124
128
135
121
127
119
112
119
110
121
116
121
121
125
122
132
124
118
113
108
99
94
100
98
102
95
92
95
91
97
93
97
96
103
102
102
113
108
111
119
123
123
112
115
115
119
117
118
115
108
104
107
110
113
113
115
111
117
111
110
115
118
106
109
104
107
115
116
114
124
117
114
122
117
129
121
125
141
148
128
129
129
145
147
147
144
131
135
121
134
115
126
123
114
121
122
141
124
144
119
121
133
134
137
149
134
139
137
131
136
132
141
135
132
123
119
119
122
114
110
104
97
93
93
95
95
99
99
107
99
99
99
99
99
99
99
99
99
99
99
99
99
99
99
99
99
99
99
99
99
99
99
99
99
99
99
99
99
99
99
99
99
99
99
99
99
99
99
99
99
99
99
99
99
99
99
99
99
99
99
99
99
99
99
99
99
99
99
99
99
99
99
99
99
99
99
99
99
99
99
99
99
99
99
99
99
99
99
99
99
99
99
99
99
99
99
99
99
99
99
99
99
99
99
99
99
99
99
99
99
99
99
99
99
99
99
99
99
99
99
99
99
99
99
99
99
99
99
99
99
99
99
99
99
99
99
99
99
99
99
99
99
99
99
99
99
99
99
99
99
99
99
99
99
99
99
99
99
99
99
99
99
99
99
99
99
99
99
99
99
99
99
99
99
99
99
99
99
99
99
99
99
99
99
99
99
99
99
99
99
99
99
99
99
99
99
99
99
99
99
99
99
99
99
99
99
99
99
99
99
99
99
99
99
99
99
99
99
99
99
99
99
99
99
99
99
99
99
99
99
99
99
99
99
99
99
99
99
99
99
99
99
99
99
99
99
99
99
99
99
99
99
99
99
99
99
99
99
99
99
99
99
99
99
99
99
99
99
99
99
99
99
99
99
99
99
99
99
99
99
99
99
99
99
99
99
99
99
99
99
99
99
99
99
99
99
99
99
99
99
99
99
99
99
99
99
99
99
99
99
99
99
99
99
99
99
99
99
99
99
99
99
99
99
99
99
99
99
99
99
99
99
99
99
99
99
99
99
99
99
99
99
99
99
99
99
99
99
99
99
99
99
99
99
99
99
99
99
99
99
99
99
99
99
99
99
99
99
99
99
99
99
99
99
99
99
99
99
99
99
99
99
99
99
99
99
99
99
99
99
99
99
99
99
99
99
99
99
99
99
99
99
99
99
99
99
99
99
99
99
99
99
99
99
99
99
99
99
99
99
99
99
99
99
99
99
99
99
99
99
99
99
99
99
99
99
99
99
99
99
99
99
99
99
99
99
99
99
99
99
99
99
99
99
99
99
99
99
99
99
99
99
99
99
99
99
99
99
99
99
99
99
99
99
99
99
99
99
99
99
99
99
99
99
99
99
99
99
99
99
99
99
99
99
99
99
99
99
99
99
99
99
99
99
99
99
99
99
99
99
99
99
99
99
99
99
99
99
99
99
99
99
99
99
99
99
99
99
99
99
99
99
99
99
99
99
99
99
99
99
99
99
99
99
99
99
99
99
99
99
99
99
99
99
99
99
99
99
99
99
99
99
99
99
99
99
99
99
99
99
99
99
99
99
99
99
99
99
99
99
99
99
99
99
99
99
99
99
99
99
99
99
99
99
99
99
99
99
99
99
99
99
99
99
99
99
99
99
99
99
99
99
99
99
99
99
99
99
99
99
99
99
99
