761
844
688
712
639
659
637
609
588
591
561
567
520
562
528
464
477
430
447
417
400
399
390
346
363
364
358
359
339
338
296
294
309
296
296
274
279
279
325
281
303
312
310
321
300
331
308
334
292
284
278
283
290
314
306
286
298
298
318
294
296
282
296
295
303
276
264
279
273
265
264
256
265
277
259
252
271
264
279
255
258
267
275
282
282
279
266
251
255
221
235
233
224
238
235
205
218
207
230
238
228
226
224
248
234
248
231
249
243
232
237
240
244
258
259
247
242
247
262
229
230
214
229
194
204
193
208
178
166
165
173
165
176
186
189
212
191
189
175
181
170
162
138
138
135
146
151
163
149
174
169
194
180
195
180
192
159
166
157
168
155
173
171
184
173
184
176
187
175
186
160
156
164
153
133
129
129
138
136
148
136
141
153
135
147
147
156
148
159
161
162
168
165
159
166
164
178
196
182
201
187
208
187
195
188
206
198
212
198
219
205
207
200
211
197
196
211
204
208
213
227
221
226
228
230
247
238
242
252
256
263
263
261
260
237
245
234
251
256
242
232
225
213
216
225
228
226
235
230
212
204
202
202
217
232
235
248
265
253
266
262
259
268
262
243
258
237
266
252
258
250
248
242
249
243
255
242
255
268
255
267
290
281
295
289
305
313
336
318
281
297
292
303
322
306
295
284
295
273
247
257
260
272
282
270
266
267
254
275
273
245
227
227
242
249
270
268
256
234
226
217
226
225
231
241
253
239
246
251
245
243
267
256
209
228
203
210
201
222
203
218
210
217
223
221
222
226
220
231
219
233
221
244
232
253
263
260
255
272
260
262
259
241
280
243
254
240
229
231
226
241
242
210
219
209
213
229
218
233
239
244
256
259
274
263
262
267
278
270
284
309
314
329
301
293
296
302
269
279
296
287
288
288
258
238
256
231
198
209
197
183
173
154
153
139
150
151
142
164
145
158
157
165
162
179
176
187
198
188
191
187
187
181
168
159
156
156
150
148
157
155
160
163
163
161
168
160
167
169
175
190
183
188
186
186
191
194
184
199
186
205
205
184
200
174
181
162
165
165
179
174
192
173
182
177
188
200
206
186
179
193
187
196
186
204
196
211
216
215
193
185
185
181
198
184
208
200
203
204
198
202
221
210
206
207
219
218
236
262
281
270
266
280
258
253
248
256
249
236
237
238
226
242
236
245
228
243
215
227
217
219
226
217
233
238
247
239
247
241
238
222
219
233
224
214
215
204
212
198
206
198
198
192
205
204
214
202
193
201
194
210
221
215
202
205
205
217
203
215
205
218
204
198
198
180
190
171
164
163
162
166
172
146
145
145
155
157
170
171
168
179
203
194
192
197
190
183
200
200
203
190
194
203
210
188
197
196
196
179
193
180
187
184
183
177
191
188
184
189
186
197
190
233
205
220
221
236
218
215
218
222
246
242
248
241
240
232
227
218
220
216
228
216
215
216
220
220
214
236
232
220
225
212
208
207
220
230
215
220
214
225
224
221
222
215
236
204
201
204
205
209
216
232
236
244
244
233
237
222
223
237
235
252
229
233
239
223
246
239
241
249
276
246
272
257
292
251
242
250
259
252
279
266
239
225
236
219
221
220
217
209
220
211
212
207
203
213
226
234
222
227
221
228
247
208
212
206
198
202
199
191
202
220
202
233
198
226
175
167
169
144
138
134
140
137
143
138
150
143
147
143
151
159
154
157
165
174
186
176
187
193
191
190
206
218
234
203
227
216
202
207
194
186
181
158
175
181
183
182
182
187
196
211
216
217
223
245
237
230
230
246
224
216
229
220
232
228
235
237
225
238
229
248
235
259
218
233
243
235
254
249
251
258
260
265
282
251
244
230
230
228
204
178
168
182
164
187
167
197
179
170
157
171
168
192
189
183
188
216
198
221
196
178
181
180
200
191
202
204
210
213
217
236
222
234
208
239
229
249
246
261
238
225
249
230
257
242
248
264
225
223
218
219
230
211
238
221
250
232
247
251
249
261
239
271
267
235
231
247
253
279
283
279
286
280
281
288
266
271
271
282
273
271
239
274
274
284
261
267
265
244
242
222
204
202
208
230
228
247
247
266
261
232
235
241
238
233
230
237
213
219
197
210
195
191
171
175
182
165
159
152
154
149
155
156
160
158
160
143
148
132
137
127
129
124
124
115
114
106
109
109
118
113
123
122
122
122
127
135
122
121
129
122
127
133
140
152
149
151
154
149
163
159
165
177
186
156
155
161
161
161
187
177
201
158
159
161
183
156
163
