729
882
719
707
669
702
608
644
611
554
497
501
450
438
451
452
460
441
428
422
416
472
433
415
415
419
399
429
376
385
336
343
352
325
334
326
318
283
275
268
275
281
251
266
241
251
257
243
234
254
262
240
235
237
245
264
232
248
253
244
253
251
244
260
255
240
231
221
229
225
222
207
229
228
240
239
257
234
256
244
240
225
253
244
250
272
265
239
240
227
244
247
273
267
284
255
253
284
274
256
268
243
248
237
236
257
227
224
220
212
195
192
173
167
157
173
154
158
174
178
182
185
175
151
167
171
167
167
162
169
164
208
161
182
145
156
150
152
162
163
161
155
176
175
185
178
181
186
175
173
163
173
173
168
167
170
179
167
182
174
161
152
143
139
125
131
119
123
120
132
133
128
140
153
119
119
124
133
133
121
131
140
139
141
146
151
157
161
160
158
143
153
142
152
154
171
177
168
170
165
160
159
145
163
155
161
156
157
158
155
155
151
159
149
156
155
140
136
142
140
138
145
130
136
130
134
125
119
121
128
124
130
130
152
132
133
146
135
150
139
149
150
160
161
162
165
170
171
187
182
196
189
223
202
195
204
180
186
179
176
192
182
194
184
203
220
217
214
224
218
213
209
196
193
185
198
185
216
175
195
173
171
176
180
197
196
196
189
193
196
212
187
198
186
199
184
163
169
165
178
159
171
170
142
142
137
135
129
131
136
141
153
144
135
129
121
121
114
114
106
117
103
99
101
95
92
99
97
107
100
103
114
113
118
115
120
116
131
129
132
131
145
137
138
132
139
134
133
130
125
128
136
138
132
143
138
157
149
142
150
149
159
154
156
144
140
148
153
148
146
148
146
153
163
170
167
177
162
161
156
152
162
162
175
193
204
199
209
206
226
228
237
209
216
209
197
193
202
205
222
224
237
224
213
213
209
234
202
220
207
203
210
206
210
193
206
199
193
187
189
184
203
191
179
177
167
169
153
157
139
142
143
139
145
148
139
122
130
127
138
130
137
143
125
120
118
115
109
112
103
107
97
100
103
105
107
99
95
90
94
93
100
106
111
100
105
101
99
92
93
92
95
91
94
93
110
97
92
86
97
88
82
96
90
105
94
110
107
104
94
93
87
91
88
87
85
94
94
86
83
87
91
91
101
104
101
100
99
105
107
103
107
101
98
90
92
97
93
100
97
95
96
100
106
101
108
97
91
96
94
102
99
99
106
101
98
116
96
102
101
105
115
101
110
97
94
96
95
92
98
96
102
105
116
116
111
106
102
105
112
106
106
115
115
118
117
109
128
127
149
125
138
128
138
125
123
104
101
106
106
117
117
123
132
139
117
131
118
111
122
109
118
117
119
108
121
103
99
97
104
109
118
118
127
113
122
100
120
113
127
130
143
127
121
121
102
104
100
102
99
97
99
96
92
97
95
101
110
108
109
117
102
112
102
99
101
103
110
110
104
110
102
98
96
94
94
92
86
90
81
81
84
88
77
76
77
82
85
91
92
95
108
99
125
109
119
120
130
141
143
115
109
121
112
121
114
113
103
99
99
92
95
95
96
103
104
112
109
120
118
127
141
118
130
126
125
146
140
135
142
118
107
114
124
124
138
132
133
148
138
126
128
127
131
143
135
151
147
156
163
183
143
157
149
160
149
148
152
133
144
137
136
128
127
128
139
136
141
135
131
132
137
135
132
128
124
118
123
125
127
132
134
146
133
138
135
125
125
125
130
131
137
132
138
139
148
136
142
141
144
131
136
128
133
130
132
138
142
150
156
156
171
159
165
179
167
172
167
179
179
185
176
160
154
155
162
160
164
164
166
159
164
164
159
155
160
159
148
141
118
112
97
95
92
89
89
87
87
87
87
87
87
87
87
87
87
87
87
87
87
87
87
87
87
87
87
87
87
87
87
87
87
87
87
87
87
87
87
87
87
87
87
87
87
87
87
87
87
87
87
87
87
87
87
87
87
87
87
87
87
87
87
87
87
87
87
87
87
87
87
87
87
87
87
87
87
87
87
87
87
87
87
87
87
87
87
87
87
87
87
87
87
87
87
87
87
87
87
87
87
87
87
87
87
87
87
87
87
87
87
87
87
87
87
87
87
87
87
87
87
87
87
87
87
87
87
87
87
87
87
87
87
87
87
87
87
87
87
87
87
87
87
87
87
87
87
87
87
87
87
87
87
87
87
87
87
87
87
87
87
87
87
87
87
87
87
87
87
87
87
87
87
87
87
87
87
87
87
87
87
87
87
87
87
87
87
87
87
87
87
