725
824
740
726
702
675
633
551
534
520
521
514
493
481
463
467
422
463
400
427
409
416
392
402
389
408
373
319
297
285
289
304
305
320
279
303
302
298
306
296
306
335
351
354
357
327
317
293
288
287
289
280
309
293
324
310
278
274
245
253
238
251
243
254
260
259
251
271
263
264
275
271
269
274
275
262
272
270
283
292
294
285
284
285
271
289
298
311
305
307
294
285
286
288
296
300
306
278
324
311
314
314
318
305
297
283
281
268
274
272
269
263
249
227
258
233
226
222
231
222
253
249
229
247
220
241
207
231
201
239
212
224
222
217
203
186
195
188
183
181
191
185
183
184
195
181
185
180
181
180
182
189
178
165
165
150
157
145
146
139
127
121
125
116
120
105
112
108
121
116
118
104
112
104
87
82
76
82
77
75
78
80
83
86
80
91
89
102
101
110
123
110
120
124
110
101
99
100
96
98
105
106
119
111
101
99
100
107
81
79
76
86
87
102
97
112
103
106
106
110
103
108
114
117
115
113
108
114
112
107
115
112
108
122
111
110
98
100
95
100
107
88
108
85
95
95
99
105
106
107
107
117
124
124
132
125
147
129
126
128
107
109
103
89
83
82
84
86
87
91
88
90
92
84
94
90
94
98
110
104
118
96
88
90
102
100
112
110
108
126
110
108
110
108
110
118
114
128
124
128
130
148
122
132
126
134
112
112
112
102
104
108
110
98
100
98
104
110
108
109
98
96
94
91
93
91
93
96
95
97
98
105
99
99
100
96
98
97
106
100
111
103
104
98
95
95
96
94
95
95
103
92
91
93
93
90
96
88
91
93
93
97
98
99
99
100
108
98
93
93
92
95
93
95
92
97
98
101
98
103
97
96
96
100
95
97
92
93
90
92
94
90
99
91
107
99
115
107
115
119
131
95
99
99
99
99
99
99
99
99
99
99
99
99
99
99
99
99
99
99
99
99
99
99
99
99
99
99
99
99
99
99
99
99
99
99
99
99
99
99
99
99
99
99
99
99
99
99
99
99
99
99
99
99
99
99
99
99
99
99
99
99
99
99
99
99
99
99
99
99
99
99
99
99
99
99
99
99
99
99
99
99
99
99
99
99
99
99
99
99
99
99
99
99
99
99
99
99
99
99
99
99
99
99
99
99
99
99
99
99
99
99
99
99
99
99
99
99
99
99
99
99
99
99
99
99
99
99
99
99
99
99
99
99
99
99
99
99
99
99
99
99
99
99
99
99
99
99
99
99
99
99
99
99
99
99
99
99
99
99
99
99
99
99
99
99
99
99
99
99
99
99
99
99
99
99
99
99
99
99
99
99
99
99
99
99
99
99
99
99
99
99
99
99
99
99
99
99
99
99
99
99
99
99
99
99
99
99
99
99
99
99
99
99
99
99
99
99
99
99
99
99
99
99
99
99
99
99
99
99
99
99
99
99
99
99
99
99
99
99
99
99
99
99
99
99
99
99
99
99
99
99
99
99
99
99
99
99
99
99
99
99
99
99
99
99
99
99
99
99
99
99
99
99
99
99
99
99
99
99
99
99
99
99
99
99
99
99
99
99
99
99
99
99
99
99
99
99
99
99
99
99
99
99
99
99
99
99
99
99
99
99
99
99
99
99
99
99
99
99
99
99
99
99
99
99
99
99
99
99
99
99
99
99
99
99
99
99
99
99
99
99
99
99
99
99
99
99
99
99
99
99
99
99
99
99
99
99
99
99
99
99
99
99
99
99
99
99
99
99
99
99
99
99
99
99
99
99
99
99
99
99
99
99
99
99
99
99
99
99
99
99
99
99
99
99
99
99
99
99
99
99
99
99
99
99
99
99
99
99
99
99
99
99
99
99
99
99
99
99
99
99
99
99
99
99
99
99
99
99
99
99
99
99
99
99
99
99
99
99
99
99
99
99
99
99
99
99
99
99
99
99
99
99
99
99
99
99
99
99
99
99
99
99
99
99
99
99
99
99
99
99
99
99
99
99
99
99
99
99
99
99
99
99
99
99
99
99
99
99
99
99
99
99
99
99
99
99
99
99
99
99
99
99
99
99
99
99
99
99
99
99
99
99
99
99
99
99
99
99
99
99
99
99
99
99
99
99
99
99
99
99
99
99
99
99
99
99
99
99
99
99
99
99
99
99
99
99
99
99
99
99
99
99
99
99
99
99
99
99
99
99
99
99
99
99
99
99
99
99
99
99
99
99
99
99
99
99
99
99
99
99
99
99
99
99
99
99
99
99
99
99
99
99
99
99
99
99
99
99
