738
858
669
672
616
583
544
528
534
493
482
439
442
435
451
430
428
422
430
446
398
391
353
360
331
318
315
285
265
253
265
251
237
223
223
217
224
208
205
200
194
177
183
169
174
179
184
176
171
186
167
176
173
180
148
145
146
132
138
138
161
161
165
152
178
151
154
158
159
154
161
170
174
163
158
166
162
171
141
152
149
167
169
172
189
167
150
156
154
173
173
194
149
154
149
146
145
130
129
122
133
141
145
141
157
159
157
143
152
151
138
119
127
125
130
140
129
133
132
142
144
158
149
152
152
171
166
158
187
169
199
188
193
174
195
143
147
162
153
159
147
157
156
168
169
178
170
168
182
181
207
182
191
167
167
170
172
185
160
169
147
145
134
135
137
135
149
137
155
140
167
149
154
162
144
144
142
127
150
141
156
158
182
172
168
166
191
176
165
190
177
174
209
195
233
218
222
216
206
224
231
221
227
239
227
204
232
224
199
190
204
184
197
194
189
184
179
177
173
182
171
192
197
212
214
213
234
227
230
224
226
219
215
234
200
215
190
217
209
230
237
248
246
252
265
271
266
259
245
260
235
225
217
225
242
247
247
275
254
265
253
241
242
216
241
219
240
237
229
238
237
236
237
247
208
213
207
191
207
206
238
221
249
244
251
252
252
262
256
256
212
212
189
182
190
179
203
181
183
184
180
179
186
169
163
154
182
163
171
147
136
130
129
137
150
148
158
171
179
185
178
181
209
182
205
205
236
220
257
246
270
263
264
271
258
248
237
249
222
218
235
222
227
220
219
237
233
210
204
199
184
195
188
166
162
159
163
160
178
167
195
176
198
202
212
203
207
203
191
209
198
235
202
202
198
203
203
184
156
156
154
155
155
160
161
144
151
152
151
143
151
148
155
140
142
150
138
139
137
134
143
136
145
140
151
143
156
149
151
154
163
171
156
157
161
149
156
154
149
136
123
123
118
116
120
132
128
128
136
121
120
120
120
120
124
122
119
120
123
129
143
132
132
131
138
138
128
129
120
138
120
132
130
143
130
145
146
148
148
154
167
159
155
147
161
144
147
142
133
131
138
131
132
139
131
134
123
128
120
121
124
125
142
136
159
139
164
148
182
153
152
142
152
152
154
160
160
163
164
159
156
148
151
161
189
180
193
198
193
188
178
167
151
148
139
144
131
141
132
141
129
133
134
131
137
136
144
137
151
142
135
131
130
141
137
145
145
139
143
137
156
148
152
140
155
151
152
153
173
166
157
163
158
160
171
154
167
155
147
136
132
126
120
118
132
131
157
149
147
159
161
167
177
168
166
159
141
142
142
136
149
151
177
159
170
181
186
203
182
192
184
168
170
168
167
161
167
167
167
177
175
180
176
178
186
194
197
201
198
196
209
208
207
182
198
180
191
190
183
181
170
167
173
166
171
161
162
156
137
138
144
142
163
149
146
160
161
169
183
187
193
195
183
202
208
238
242
238
241
250
236
241
239
228
219
227
244
230
234
253
222
244
247
267
221
227
215
211
223
221
225
227
220
230
220
213
210
226
220
236
200
202
214
202
212
208
189
198
209
184
197
178
191
183
201
182
193
200
213
209
215
216
230
234
245
232
237
229
269
254
279
229
227
225
214
216
206
222
228
251
245
249
252
259
242
239
237
226
223
224
228
223
215
223
215
239
225
264
218
250
232
228
226
235
213
232
234
235
256
242
239
248
225
192
225
179
225
175
203
189
203
201
214
179
175
168
175
164
172
156
179
151
166
156
172
145
153
149
142
151
147
161
150
154
143
154
144
145
144
140
164
158
178
169
185
171
187
174
188
174
181
163
170
167
168
168
174
177
183
185
200
202
210
212
226
222
230
225
216
233
226
251
248
261
260
270
263
262
257
267
274
284
286
305
264
279
281
297
269
280
268
263
262
253
268
256
248
254
254
252
246
267
263
242
239
251
254
269
255
259
235
264
256
282
271
247
227
229
218
212
232
219
240
236
248
213
222
223
243
245
253
269
265
272
246
257
251
282
278
267
257
271
267
257
234
230
243
246
235
248
223
227
222
235
248
247
254
227
237
253
229
247
233
243
232
234
241
242
252
272
240
238
271
244
253
234
248
197
209
205
219
193
201
191
191
186
191
180
172
185
189
188
192
184
180
176
177
181
185
179
178
193
188
187
180
180
190
186
189
190
213
209
222
202
223
213
182
192
187
206
198
212
190
205
196
200
192
190
219
206
215
231
225
237
222
209
212
224
199
202
188
212
201
219
209
214
221
209
242
226
