736
871
762
749
727
640
643
603
621
560
554
569
572
539
579
524
504
520
502
507
498
469
406
420
419
401
382
396
376
358
323
321
316
328
351
343
354
347
346
372
335
326
350
338
358
316
344
325
328
313
338
333
360
371
337
317
330
329
339
303
306
305
318
297
294
293
298
281
305
290
319
313
318
318
351
334
335
322
340
356
350
362
348
343
369
361
382
327
327
307
309
314
320
310
302
300
314
290
267
238
233
237
231
219
250
212
229
236
245
243
248
213
238
212
250
232
244
253
251
262
252
236
243
243
237
243
231
246
238
237
246
255
233
263
250
255
247
250
251
263
259
260
232
242
247
249
234
246
243
223
216
220
222
229
227
226
211
240
212
207
205
207
217
193
194
187
212
191
213
215
210
209
226
205
221
211
222
206
213
214
204
203
219
202
215
211
219
204
210
203
218
201
197
181
172
171
158
165
152
160
139
149
149
158
145
141
140
127
143
134
146
127
132
114
125
115
127
123
133
118
118
123
105
105
103
105
90
89
91
87
94
91
92
92
87
88
89
93
97
94
97
100
102
98
95
95
101
90
86
89
87
89
91
93
97
94
103
96
101
101
109
115
118
116
108
108
109
111
103
102
100
106
104
102
100
108
106
117
110
113
116
120
105
107
103
101
103
110
100
101
96
102
100
95
94
99
92
98
95
100
100
113
106
107
102
103
94
100
89
82
76
72
72
73
74
76
75
76
79
78
85
78
78
77
80
83
86
86
90
90
97
90
94
87
92
89
97
92
86
84
82
85
79
81
81
82
89
89
106
84
91
86
90
83
85
82
85
79
78
79
81
83
85
89
87
90
94
90
93
92
93
92
86
93
88
93
85
86
83
82
84
82
87
84
88
87
81
81
77
76
74
74
74
74
74
74
74
74
74
74
74
74
74
74
74
74
74
74
74
74
74
74
74
74
74
74
74
74
74
74
75
72
70
69
70
70
70
70
70
70
70
70
70
70
70
70
70
70
70
70
70
70
70
70
70
70
70
70
70
70
70
70
70
70
70
70
70
70
70
70
70
70
70
70
70
70
70
70
70
70
70
70
70
70
70
70
70
70
70
70
70
70
70
70
70
70
70
70
70
70
70
70
70
70
70
70
70
70
70
70
70
70
70
70
70
70
70
70
70
70
70
70
70
70
70
70
70
70
70
70
70
70
70
70
70
70
70
70
70
70
70
70
70
70
70
70
70
70
70
70
70
70
70
70
70
70
70
70
70
70
70
70
70
70
70
70
70
70
70
70
70
70
70
70
70
70
70
70
70
70
70
70
70
70
70
70
70
70
70
70
70
70
70
70
70
70
70
70
70
70
70
70
70
70
70
70
70
70
70
70
70
70
70
70
70
70
70
70
70
70
70
70
70
70
70
70
70
70
70
70
70
70
70
70
70
70
70
70
70
70
70
70
70
70
70
70
70
70
70
70
70
70
70
70
70
70
70
70
70
70
70
70
70
70
70
70
70
70
70
70
70
70
70
70
70
70
70
70
70
70
70
70
70
70
70
70
70
70
70
70
70
70
70
70
70
70
70
70
70
70
70
70
70
70
70
70
70
70
70
70
70
70
70
70
70
70
70
70
70
70
70
70
70
70
70
70
70
70
70
70
70
70
70
70
70
70
70
70
70
70
70
70
70
70
70
70
70
70
70
70
70
70
70
70
70
70
70
70
70
70
70
70
70
70
70
70
70
70
70
70
70
70
70
70
70
70
70
70
70
70
70
70
70
70
70
70
70
70
70
70
70
70
70
70
70
70
70
70
70
70
70
70
70
70
70
70
70
70
70
70
70
70
70
70
70
70
70
70
70
70
70
70
70
70
70
70
70
70
70
70
70
70
70
70
70
70
70
70
70
70
70
70
70
70
70
70
70
70
70
70
70
70
70
70
70
70
70
70
70
70
70
70
70
70
70
70
70
70
70
70
70
70
70
70
70
70
70
70
70
70
70
70
70
70
70
70
70
70
70
70
70
70
70
70
70
70
70
70
70
70
70
70
70
70
70
70
70
70
70
70
70
70
70
70
70
70
70
70
70
70
70
70
70
70
70
70
70
70
70
70
70
70
70
70
70
70
70
70
70
70
70
70
70
70
70
70
70
70
70
70
70
70
70
70
70
70
70
70
70
70
70
70
70
70
70
70
70
70
70
70
70
70
70
70
70
70
70
70
70
70
70
70
70
70
70
70
70
70
70
70
70
70
70
70
70
70
70
70
70
70
70
70
70
70
70
70
70
70
70
70
