777
893
788
754
717
670
646
646
644
594
578
567
553
523
514
485
467
493
458
455
433
389
376
371
367
333
384
348
370
324
299
296
291
320
341
319
318
305
306
276
272
251
252
248
278
253
249
253
228
238
241
231
241
253
248
253
261
274
258
276
270
264
275
283
298
310
290
287
283
296
246
229
233
243
238
235
249
241
241
242
252
232
237
246
235
243
241
233
226
212
207
196
203
192
202
201
202
201
202
206
188
188
190
189
200
209
201
205
218
207
213
214
216
213
200
196
191
209
191
216
212
203
185
189
202
198
211
221
216
208
216
241
217
216
228
223
214
222
227
210
198
216
223
212
217
210
216
224
212
213
206
207
210
229
225
224
201
249
216
247
226
227
207
224
207
208
218
206
197
186
202
197
183
184
186
188
203
180
166
156
165
151
154
157
144
142
138
143
155
148
126
140
147
152
168
156
162
175
196
175
189
172
209
198
219
217
259
220
244
224
204
178
189
169
184
189
189
196
214
205
216
217
204
202
203
200
199
179
200
189
177
175
175
175
170
173
184
197
178
200
192
187
190
193
217
191
204
209
205
219
221
207
208
195
213
209
227
231
222
261
235
239
222
246
252
251
258
258
258
257
235
258
259
299
274
272
291
283
293
284
285
283
278
281
262
263
272
295
242
263
235
264
222
243
198
202
201
206
198
219
206
215
204
197
174
179
183
178
176
166
161
184
161
183
164
152
165
153
143
146
142
132
139
144
139
136
130
143
133
157
151
159
171
177
166
154
169
152
156
161
141
153
137
165
153
176
160
171
164
164
130
151
150
148
152
148
161
155
167
144
137
145
160
169
167
176
171
192
188
205
188
212
194
192
200
173
163
177
177
177
171
171
167
182
176
196
180
186
180
195
191
192
193
197
206
205
199
200
212
198
211
196
197
194
196
199
200
212
218
233
217
232
228
226
248
228
224
233
230
230
244
269
255
272
242
251
228
221
248
238
264
257
260
281
276
258
262
250
250
248
242
235
241
233
239
216
224
225
256
246
248
252
266
232
263
252
261
262
248
248
260
255
267
263
267
261
274
263
251
247
254
212
207
207
197
193
184
177
166
178
156
167
155
171
166
162
172
168
170
162
163
147
163
160
181
163
166
152
164
156
156
160
164
161
172
161
172
152
155
143
150
151
154
153
156
158
168
163
161
168
176
176
171
172
162
170
158
154
165
163
159
162
136
141
136
130
123
115
110
113
120
116
119
127
126
129
131
125
132
143
138
139
132
134
134
141
131
128
126
127
130
132
133
138
144
141
137
150
143
148
151
154
162
170
178
183
175
180
166
173
168
184
180
176
179
183
187
205
201
201
189
206
191
183
178
186
166
168
165
184
191
203
212
210
220
209
207
190
189
200
199
190
199
187
188
181
187
174
174
159
164
156
166
177
163
161
181
182
173
178
152
161
153
166
176
176
166
170
169
161
157
164
165
158
168
164
161
178
162
174
165
165
166
167
158
156
169
163
166
174
171
179
198
207
228
227
245
239
242
254
271
266
258
251
240
256
264
253
280
277
273
280
280
278
278
298
319
336
329
335
301
308
313
301
315
297
305
306
300
295
300
303
314
306
280
302
303
312
311
328
327
318
311
304
324
288
306
294
310
268
282
271
278
286
279
300
273
265
247
266
235
233
232
198
193
188
182
183
175
165
170
161
178
164
161
153
159
149
149
148
146
150
139
137
124
119
117
119
118
121
122
129
118
120
111
111
114
106
106
103
101
99
100
98
103
102
110
107
114
117
132
114
122
122
132
125
132
132
129
142
124
116
120
120
126
118
123
116
115
111
113
117
114
116
117
120
121
125
131
132
138
124
130
118
119
110
109
107
104
105
110
105
108
108
106
109
108
111
113
116
116
124
118
119
128
118
131
121
126
123
137
127
137
118
119
115
121
116
122
114
120
116
122
121
126
127
133
123
119
119
121
122
131
129
132
138
147
149
149
156
157
148
152
151
153
143
138
154
146
152
155
156
165
156
155
151
157
153
164
157
189
149
161
152
167
160
155
158
157
181
158
162
157
148
148
150
158
155
163
160
159
163
148
161
164
164
159
162
165
170
165
183
183
170
176
181
169
174
160
160
149
146
142
149
149
138
140
149
157
167
177
180
189
172
177
182
180
182
171
163
169
161
168
161
165
170
177
173
177
185
175
189
201
178
185
196
208
186
191
177
181
175
189
182
176
183
175
167
187
176
171
161
165
161
171
135
149
144
158
152
154
157
156
163
167
154
147
148
147
155
