779
904
757
701
677
655
597
579
572
565
560
535
540
550
544
475
460
444
411
421
410
461
389
406
360
395
412
427
372
399
352
362
322
327
304
335
321
332
326
324
346
362
366
354
371
353
353
382
343
348
346
359
351
357
366
381
351
345
342
321
329
327
330
326
337
369
379
358
364
340
363
335
335
303
301
276
269
288
293
296
290
255
258
252
270
261
239
257
257
251
240
263
261
233
225
228
246
221
252
229
266
263
260
266
303
284
280
274
285
293
291
289
240
254
248
278
277
295
282
281
300
286
286
281
299
295
296
305
297
286
285
253
229
218
240
217
251
220
251
229
226
227
239
248
231
263
239
242
252
260
240
244
245
257
265
253
244
247
246
239
235
224
213
218
207
226
214
228
237
261
249
269
262
269
276
249
288
259
249
236
232
224
201
206
207
218
220
215
236
228
222
240
230
247
222
254
231
255
241
239
224
237
216
221
229
230
226
234
221
246
230
250
250
235
249
226
218
220
217
228
238
244
234
233
249
247
275
253
232
226
225
238
245
246
227
248
223
215
213
222
220
204
231
223
219
212
212
211
231
214
211
213
207
193
200
184
203
181
179
163
168
171
160
158
153
162
165
183
191
194
197
194
216
189
202
197
208
218
217
186
199
191
191
195
186
196
180
182
177
175
185
180
174
180
182
179
185
171
173
168
176
161
174
166
159
153
149
137
139
139
141
141
139
144
150
152
148
150
160
157
155
157
153
158
163
161
161
166
173
169
186
168
168
169
172
171
173
158
157
161
178
174
190
177
173
187
188
210
192
187
202
195
211
202
200
180
189
184
198
190
185
185
203
186
193
178
181
169
173
168
167
162
168
175
192
200
190
201
176
158
165
167
189
174
169
170
180
169
157
158
137
131
127
135
135
140
141
137
132
131
131
132
136
140
130
142
143
145
153
144
158
143
146
148
157
147
162
152
150
153
154
159
156
153
136
154
131
123
127
125
115
117
120
116
116
120
118
125
125
120
117
107
111
118
95
94
91
88
84
84
85
88
85
94
87
91
91
97
104
99
93
96
96
101
95
96
94
89
100
99
114
112
122
123
120
126
133
122
116
123
108
104
100
104
111
117
114
111
110
106
97
93
99
95
97
103
97
101
98
98
105
103
106
105
101
104
115
107
119
107
113
113
115
120
125
112
125
120
121
126
130
122
131
130
115
122
120
134
125
121
138
127
132
129
126
137
122
122
107
108
111
103
97
101
101
107
104
101
101
104
108
122
114
116
119
126
124
115
113
108
118
118
134
121
127
116
127
125
134
120
128
119
122
111
111
115
109
115
116
109
108
101
110
107
118
117
112
108
118
106
121
115
118
124
131
136
127
129
136
139
118
124
117
113
110
96
100
94
105
100
105
96
101
106
104
107
101
107
117
118
136
125
135
139
147
147
163
149
162
135
146
148
153
148
165
154
146
143
154
138
156
140
146
142
165
168
154
140
145
146
166
160
184
162
184
189
206
185
199
200
228
213
222
234
239
237
238
234
226
237
238
220
230
220
225
214
207
220
213
204
203
196
196
198
198
210
217
219
234
222
214
233
225
242
251
260
268
267
290
272
268
277
261
255
248
248
266
263
268
268
273
276
261
273
264
284
282
259
253
273
277
304
290
297
314
301
297
318
320
306
335
307
307
323
338
364
336
341
337
339
351
346
332
342
327
322
335
342
311
308
298
314
285
276
276
263
256
234
215
233
227
227
205
212
214
234
229
242
248
260
266
281
293
259
261
271
279
291
269
289
277
288
267
274
271
292
273
266
228
238
245
249
252
253
261
262
250
230
222
230
244
229
240
236
248
261
260
274
228
252
239
246
236
236
234
250
222
242
221
240
245
229
230
225
212
208
219
219
213
197
202
200
184
177
180
190
188
189
194
186
201
160
165
161
157
157
159
160
170
176
177
176
191
197
196
193
202
197
201
212
196
208
186
212
200
217
212
220
213
209
222
221
234
225
234
220
237
222
230
211
208
202
211
205
212
206
214
199
230
234
249
267
262
250
264
258
240
254
242
266
274
285
314
293
290
254
240
237
243
212
191
205
219
224
210
224
234
227
234
227
210
213
203
193
177
188
182
190
196
223
200
216
207
213
217
220
232
221
225
210
213
201
208
194
188
152
166
141
155
121
120
113
120
124
123
143
129
142
140
156
142
159
141
152
140
148
149
160
162
159
157
154
161
147
163
156
168
157
148
143
138
142
138
126
139
129
131
132
141
147
155
160
161
180
151
170
152
151
150
162
