771
837
748
744
717
681
617
637
611
603
589
561
600
559
520
521
469
471
480
493
441
437
422
382
397
388
360
353
333
350
304
351
328
338
346
347
320
309
307
326
304
296
294
321
316
321
350
326
325
336
337
315
313
329
337
348
324
301
318
306
292
292
309
282
310
297
301
280
269
279
261
280
273
297
284
267
266
260
266
236
239
228
232
223
223
211
197
217
213
242
186
185
179
195
179
192
165
182
169
170
175
169
184
179
163
181
168
159
176
164
179
158
175
174
183
184
174
173
190
176
178
186
189
189
199
194
191
195
196
202
228
211
205
205
215
228
213
200
209
217
238
228
225
231
213
243
233
240
251
286
246
258
249
247
260
257
253
250
232
239
215
199
206
208
224
228
201
193
202
195
227
211
206
205
217
206
205
201
191
204
202
191
209
200
211
201
201
214
219
217
227
209
229
247
253
254
246
272
237
238
218
224
229
199
188
180
184
165
167
159
165
167
172
175
168
186
169
190
187
181
184
184
207
220
218
213
235
199
218
204
199
201
200
207
215
211
189
208
202
189
168
178
159
158
167
162
147
154
151
141
159
140
144
139
139
141
136
136
134
141
127
135
128
148
149
166
169
168
166
170
137
148
143
153
149
149
155
151
173
150
161
150
148
128
134
123
121
120
119
116
130
128
130
148
150
139
153
136
139
134
138
156
151
143
148
141
164
154
176
165
163
156
172
170
162
137
135
127
120
131
125
123
118
99
98
91
89
88
84
79
82
89
101
107
96
94
86
77
84
87
91
83
104
97
94
95
105
106
99
111
101
96
92
88
76
84
79
86
80
79
90
89
83
83
79
87
85
78
87
84
84
75
72
75
79
82
81
86
81
77
79
76
78
84
83
89
93
93
97
91
97
95
108
106
101
94
92
90
84
96
97
103
100
113
92
92
91
87
91
99
90
95
76
79
66
75
60
73
63
82
74
82
91
81
90
84
76
76
70
73
66
72
66
77
56
61
51
53
58
53
62
60
69
74
83
75
82
72
78
79
85
85
93
109
118
93
99
99
98
101
111
112
110
114
96
81
84
79
89
75
87
80
83
84
86
83
88
89
88
88
90
84
82
76
80
83
90
86
69
73
68
69
72
71
80
77
75
87
85
94
88
93
89
81
83
80
82
77
82
82
77
83
84
85
83
88
85
90
93
100
95
97
101
95
99
96
96
91
97
91
92
89
88
98
91
95
84
82
84
88
86
92
87
93
83
83
82
87
90
97
96
98
96
104
103
104
93
94
92
88
86
92
94
91
93
77
81
80
81
81
76
78
77
78
84
79
86
77
72
72
74
78
79
84
83
89
92
90
93
95
93
93
87
91
89
96
92
83
83
80
83
81
89
84
90
90
91
109
105
116
105
117
107
118
117
127
100
96
105
105
104
104
100
101
114
106
101
104
105
111
95
102
93
93
82
87
81
84
92
95
107
102
84
88
82
85
78
87
73
76
71
74
72
77
76
73
83
76
95
83
98
91
102
97
95
93
94
97
96
93
88
81
83
70
70
65
65
67
65
68
66
74
66
66
66
66
66
66
66
66
66
66
66
66
66
66
66
66
66
66
66
66
66
66
66
66
66
66
66
66
66
66
66
66
66
66
66
66
66
66
66
66
66
66
66
66
66
66
66
66
66
66
66
66
66
66
66
66
66
66
66
66
66
66
66
66
66
66
66
66
66
66
66
66
66
66
66
66
66
66
66
66
66
66
66
66
66
66
66
66
66
66
66
66
66
66
66
66
66
66
66
66
66
66
66
66
66
66
66
66
66
66
66
66
66
66
66
66
66
66
66
66
66
66
66
66
66
66
66
66
66
66
66
66
66
66
66
66
66
66
66
66
66
66
66
66
66
66
66
66
66
66
66
66
66
66
66
66
66
66
66
66
66
66
66
66
66
66
66
66
66
66
66
66
66
66
66
66
66
66
66
66
66
66
66
66
66
66
66
66
66
66
66
66
66
66
66
66
66
66
66
66
66
66
66
66
66
66
66
66
66
66
66
66
66
66
66
66
66
66
66
66
66
66
66
66
66
66
66
66
66
66
66
66
66
66
66
66
66
66
66
66
66
66
66
66
66
66
66
66
66
66
66
66
66
66
66
66
66
66
66
66
66
66
66
66
66
66
66
66
66
66
66
66
66
66
66
66
66
66
66
66
66
66
66
66
66
66
66
66
66
66
66
66
66
66
66
66
66
66
66
66
66
66
66
66
66
66
66
66
66
66
66
66
66
66
66
66
66
66
