744
850
734
706
675
653
641
623
575
601
546
550
546
521
543
513
505
482
450
423
440
408
414
418
424
383
369
375
370
360
396
368
363
368
360
376
356
331
371
317
358
315
336
331
350
325
336
288
313
291
297
271
297
280
283
280
258
245
240
263
243
265
242
275
254
245
256
246
263
236
258
247
259
248
242
231
211
220
216
238
229
246
236
246
243
267
244
282
243
244
237
244
241
266
264
258
274
288
271
305
277
279
272
284
273
264
256
273
230
224
248
250
238
242
243
250
252
244
226
218
237
226
251
275
287
282
296
301
312
292
284
284
259
279
272
270
292
271
298
299
290
295
290
278
310
265
274
256
275
256
255
252
237
254
244
237
239
242
238
250
252
228
245
257
264
267
272
310
288
288
276
276
298
300
281
276
304
289
301
292
323
298
315
285
316
287
303
280
272
263
276
249
245
254
231
241
225
219
226
224
225
218
230
241
227
238
246
251
249
246
259
244
246
237
245
249
234
248
210
212
202
211
212
208
215
222
231
218
239
234
242
226
227
230
221
237
238
260
243
244
234
227
239
231
242
238
232
219
217
213
198
200
196
208
226
189
215
189
185
171
177
183
176
193
184
187
186
190
190
205
193
212
205
212
222
229
240
231
210
205
190
202
189
223
206
237
210
227
213
216
232
221
225
208
226
228
211
253
204
216
194
201
201
183
204
189
195
184
192
193
200
190
212
213
203
206
201
210
206
213
199
180
189
182
176
199
191
198
202
204
197
202
198
195
183
207
193
199
189
194
206
201
214
202
199
198
197
177
187
181
191
193
195
189
195
188
183
168
173
172
184
175
195
190
203
200
228
217
237
235
230
241
247
239
244
248
248
253
224
235
227
247
241
262
257
280
280
281
297
301
291
281
281
304
254
283
291
307
315
309
294
267
258
245
244
254
234
239
227
228
226
217
211
206
200
196
196
201
187
184
206
215
215
239
243
235
250
239
223
217
201
194
197
202
210
209
203
209
228
226
240
239
223
247
225
201
210
193
197
217
195
182
194
193
199
199
199
222
205
223
209
231
233
237
262
250
267
248
248
272
275
284
276
290
283
259
268
283
255
255
257
252
257
260
236
250
239
261
252
261
241
233
253
257
253
278
253
252
258
261
244
256
255
256
268
251
265
260
249
260
238
263
241
229
255
241
253
247
270
261
269
264
271
234
258
254
265
258
238
257
238
247
243
237
227
228
233
241
229
238
234
223
239
214
240
226
219
216
213
195
201
227
240
243
220
216
188
196
186
178
181
172
182
174
174
164
167
185
177
180
180
182
173
164
169
166
170
175
166
157
175
163
160
144
144
147
157
148
151
149
150
144
141
137
151
139
149
144
133
125
118
116
109
113
112
114
120
122
137
123
124
112
110
116
112
113
105
111
113
127
132
135
133
146
152
143
156
149
144
153
156
146
162
158
158
149
141
145
130
135
130
138
126
128
117
118
114
106
103
116
113
126
122
124
120
127
114
123
117
128
119
127
138
146
141
139
140
136
144
137
141
131
146
143
146
135
124
139
127
123
134
114
117
119
131
126
123
129
137
142
140
123
133
134
140
138
129
147
140
139
148
166
166
161
133
115
118
128
128
148
143
156
174
163
165
149
145
155
154
149
154
159
158
185
169
158
173
160
192
167
158
158
160
174
180
168
165
171
174
161
175
171
184
167
160
179
158
170
162
162
174
162
173
170
173
180
177
182
170
163
184
197
200
200
202
194
214
203
187
192
200
203
211
187
171
193
174
201
179
179
162
167
148
160
156
159
154
158
168
163
165
166
179
174
180
158
174
171
171
194
194
209
209
243
233
244
256
256
270
298
313
294
302
315
317
322
328
298
303
259
280
284
249
284
278
301
277
288
311
302
283
295
281
302
277
294
292
314
302
315
332
356
356
325
332
331
323
348
330
322
308
293
272
229
242
241
233
220
221
207
211
205
190
222
222
227
250
224
266
225
247
214
210
195
184
177
196
188
181
184
211
210
212
215
207
177
180
149
146
139
136
139
135
142
140
136
134
133
133
132
133
117
125
107
114
113
123
118
128
129
139
144
151
154
153
163
154
160
177
169
167
167
168
176
169
185
185
167
167
158
158
158
158
170
167
170
168
179
172
164
156
176
185
185
199
198
188
187
195
198
205
206
196
203
227
201
202
178
180
176
176
171
161
153
148
155
149
141
140
140
132
138
136
145
141
138
145
154
145
144
145
141
139
128
121
123
121
123
115
119
108
108
97
99
105
111
112
97
120
106
