701
827
671
665
642
621
579
590
564
551
502
467
485
453
471
448
458
434
434
431
432
430
405
395
389
398
353
347
318
337
319
319
309
314
279
302
282
286
280
291
291
266
256
259
254
223
222
221
222
225
224
222
261
221
206
202
201
230
234
220
230
235
206
228
209
221
197
200
189
201
197
232
214
245
194
220
202
230
216
217
197
207
189
201
194
163
165
153
143
153
153
166
165
165
171
170
174
159
163
150
157
154
155
148
136
135
144
141
159
134
129
128
131
131
125
124
128
141
155
138
142
146
148
155
145
138
125
129
135
119
122
127
124
125
144
133
143
143
141
167
144
155
154
148
147
142
137
135
138
133
129
117
118
119
137
124
130
132
130
136
127
127
125
119
119
116
111
116
110
103
99
99
99
99
106
106
116
107
108
115
117
119
113
112
118
130
114
123
105
105
102
103
101
100
104
100
106
105
114
108
114
118
132
123
131
135
133
147
143
154
160
162
154
147
136
135
141
136
138
138
143
144
145
145
153
157
160
146
139
143
145
153
169
166
170
196
187
186
184
187
186
176
196
184
192
184
183
202
207
213
224
208
201
192
183
173
168
177
169
174
188
182
183
184
180
178
163
153
154
147
154
170
158
171
164
168
169
161
162
175
156
163
164
147
142
145
154
150
152
131
115
125
121
143
133
149
136
132
120
109
116
119
123
109
103
98
102
95
91
93
94
86
84
95
92
107
104
107
117
115
110
125
117
129
105
110
110
125
109
111
119
126
136
135
148
149
149
174
154
150
143
139
142
128
126
115
123
114
116
116
127
123
135
123
133
114
117
108
106
105
91
93
93
99
85
96
82
81
67
63
62
65
64
69
64
66
67
65
68
65
73
73
71
67
66
64
64
63
70
69
81
78
93
88
100
88
97
95
106
104
112
114
119
125
119
120
107
125
125
130
127
141
143
141
129
145
129
146
124
139
152
153
159
173
166
176
159
182
168
198
167
177
175
174
182
178
164
149
156
177
169
188
176
173
191
177
185
159
134
125
120
132
121
133
130
130
131
126
130
145
149
149
134
139
132
132
147
150
161
150
175
156
178
166
158
170
177
173
170
181
173
182
172
177
170
175
173
181
157
162
171
186
161
167
161
167
162
167
162
159
165
173
177
172
174
191
187
202
177
180
173
164
180
166
160
160
153
150
151
145
145
164
152
173
159
170
177
172
177
184
183
188
171
181
167
155
157
142
148
136
128
128
114
120
124
128
119
120
125
122
127
123
120
111
122
123
118
123
117
118
120
111
125
111
109
112
122
122
136
125
127
125
132
137
145
142
146
151
149
140
163
148
158
173
183
174
188
180
203
175
171
185
184
198
198
202
196
214
218
194
190
196
214
222
222
234
225
248
216
235
231
257
235
256
252
237
234
214
211
197
192
184
186
163
152
152
146
138
144
145
147
151
145
153
153
165
156
167
150
165
166
178
180
196
187
166
183
183
205
191
196
194
230
224
213
223
217
214
210
226
212
209
201
180
177
185
185
191
173
171
167
159
167
162
175
159
164
165
154
156
164
143
141
143
137
145
139
143
138
133
139
139
150
149
151
150
143
148
145
152
174
144
153
150
164
169
171
177
167
182
177
183
171
175
179
190
185
178
192
152
152
149
160
168
171
187
186
216
204
225
218
215
200
196
203
195
192
204
199
194
193
197
195
182
185
183
191
216
215
218
206
207
212
206
213
207
196
198
191
186
181
192
181
187
187
180
196
191
189
194
194
186
215
216
212
231
204
218
214
245
229
252
232
244
255
250
247
259
248
231
246
231
249
233
254
235
239
251
206
203
194
194
174
174
174
179
176
176
178
178
171
173
181
184
184
177
162
173
168
182
182
197
186
217
190
187
200
206
181
183
201
178
193
202
206
169
189
163
174
167
183
158
177
177
179
167
171
167
177
183
190
201
171
195
187
200
184
202
190
208
203
204
220
216
233
237
225
210
222
229
223
229
216
210
209
206
197
206
191
226
197
219
211
197
184
180
177
183
183
212
194
210
204
202
224
228
233
212
221
240
212
231
221
214
224
206
202
193
201
192
184
162
150
149
136
125
110
107
105
108
113
111
102
101
106
115
114
117
120
118
115
120
122
125
134
137
130
130
131
136
133
124
127
135
122
133
135
134
151
145
147
148
153
147
157
164
163
177
177
188
200
204
198
215
199
203
197
207
192
183
177
176
172
187
187
177
181
181
216
189
215
215
228
205
231
213
233
221
231
221
222
233
247
230
241
231
231
220
231
248
