753
839
743
722
640
667
625
608
611
588
587
587
566
551
555
535
546
498
488
520
511
515
459
453
441
453
407
393
412
388
398
401
397
408
376
382
314
339
315
333
330
329
324
334
313
330
329
316
296
306
276
290
271
292
258
269
280
258
251
266
237
255
218
235
231
246
247
251
243
244
244
249
264
236
227
218
247
228
210
212
233
236
227
227
236
236
249
252
298
254
271
261
276
276
263
248
260
268
272
242
265
263
265
259
280
282
292
273
295
271
262
263
254
238
247
243
267
271
283
268
272
269
275
269
276
283
278
267
264
276
281
269
271
259
263
234
255
246
227
228
232
224
243
242
247
235
259
206
230
221
239
236
226
241
239
227
228
232
236
248
277
277
307
266
261
255
269
260
266
275
279
279
280
260
281
276
281
278
262
269
270
260
273
248
256
240
238
230
252
252
238
258
250
263
237
218
226
231
218
212
213
199
167
149
159
144
158
148
150
148
160
148
171
158
175
163
163
155
171
157
173
174
162
164
163
163
154
153
164
164
177
162
172
139
143
141
158
161
169
137
151
137
138
143
138
150
148
140
124
133
130
143
145
133
127
133
128
132
136
138
140
127
128
120
120
108
101
102
104
105
114
107
109
105
119
120
125
117
125
127
135
138
150
143
146
142
135
128
144
124
133
127
144
119
132
127
140
138
131
128
141
136
152
136
120
111
119
118
117
123
121
130
130
139
135
152
138
150
153
159
153
154
140
148
151
164
153
154
158
174
175
163
157
157
162
170
172
169
195
182
180
183
168
189
161
179
157
166
160
176
155
148
140
142
155
156
153
159
158
166
172
176
172
185
186
215
184
189
175
203
190
192
187
189
193
178
176
172
195
206
198
202
215
209
182
175
173
152
164
152
157
166
161
171
186
192
185
185
200
191
214
197
209
207
198
198
198
187
199
208
206
193
184
185
185
193
197
194
200
206
217
193
177
176
189
192
186
181
172
173
181
177
172
175
163
137
147
129
127
130
136
132
121
124
121
126
130
135
144
133
128
134
138
132
132
131
132
129
132
134
128
128
134
127
138
130
136
128
125
119
125
125
128
131
119
112
111
110
108
110
111
114
112
117
113
117
118
127
120
124
127
124
124
125
126
124
134
121
120
125
123
129
122
124
126
132
134
136
131
125
130
123
126
132
124
123
119
118
118
121
129
126
131
124
128
114
119
112
114
114
114
117
120
115
117
116
115
119
118
119
115
116
116
126
110
106
106
104
104
104
104
104
104
104
104
104
104
104
104
104
104
104
104
104
104
104
104
104
104
104
104
104
104
104
104
104
104
104
104
104
104
104
104
104
104
104
104
104
104
104
104
104
104
104
104
104
104
104
104
104
104
104
104
104
104
104
104
104
104
104
104
104
104
104
104
104
104
104
104
104
104
104
104
104
104
104
104
104
104
104
104
104
104
104
104
104
104
104
104
104
104
104
104
104
104
104
104
104
104
104
104
104
104
104
104
104
104
104
104
104
104
104
104
104
104
104
104
104
104
104
104
104
104
104
104
104
104
104
104
104
104
104
104
104
104
104
104
104
104
104
104
104
104
104
104
104
104
104
104
104
104
104
104
104
104
104
104
104
104
104
104
104
104
104
104
104
104
104
104
104
104
104
104
104
104
104
104
104
104
104
104
104
104
104
104
104
104
104
104
104
104
104
104
104
104
104
104
104
104
104
104
104
104
104
104
104
104
104
104
104
104
104
104
104
104
104
104
104
104
104
104
104
104
104
104
104
104
104
104
104
104
104
104
104
104
104
104
104
104
104
104
104
104
104
104
104
104
104
104
104
104
104
104
104
104
104
104
104
104
104
104
104
104
104
104
104
104
104
104
104
104
104
104
104
104
104
104
104
104
104
104
104
104
104
104
104
104
104
104
104
104
104
104
104
104
104
104
104
104
104
104
104
104
104
104
104
104
104
104
104
104
104
104
104
104
104
104
104
104
104
104
104
104
104
104
104
104
104
104
104
104
104
104
104
104
104
104
104
104
104
104
104
104
104
104
104
104
104
104
104
104
104
104
104
104
104
104
104
104
104
104
104
104
104
104
104
104
104
104
104
104
104
104
104
104
104
104
104
104
104
104
104
104
104
104
104
104
104
104
104
104
104
104
104
104
104
104
104
104
104
104
104
104
104
104
104
104
104
104
104
104
104
104
104
104
104
104
104
104
104
104
104
104
104
104
104
104
104
104
104
104
104
104
104
104
104
104
104
104
104
104
104
104
104
104
104
104
104
104
104
