771
927
740
781
695
623
625
586
595
614
546
535
511
547
559
534
531
531
505
500
470
466
433
431
417
443
462
457
400
384
402
414
397
404
373
372
347
369
380
371
347
348
333
339
348
343
321
311
311
318
300
284
293
263
272
253
242
269
260
260
259
251
258
255
261
230
232
223
228
237
237
257
246
263
239
224
239
212
238
242
256
250
270
258
248
267
251
233
224
252
229
245
217
218
217
213
219
222
201
225
201
227
203
202
223
221
217
186
168
148
157
166
150
158
160
152
159
167
180
179
193
186
186
170
174
179
187
182
199
207
215
213
216
212
229
204
204
185
195
181
180
187
175
176
170
179
194
182
182
178
161
174
171
160
170
166
187
182
188
180
190
174
175
177
170
181
179
186
162
178
185
198
183
184
178
184
168
194
181
183
188
172
179
184
183
186
187
178
180
185
175
168
165
155
143
148
140
139
137
141
142
131
134
139
138
139
151
141
151
143
148
152
163
142
144
150
148
154
159
160
179
186
157
146
140
141
155
145
161
150
157
142
140
136
133
143
147
141
145
148
150
139
135
129
137
134
127
127
125
122
126
120
99
110
108
111
111
116
106
103
107
113
112
111
107
119
113
130
111
120
116
122
103
116
110
113
126
124
131
137
132
137
140
142
142
137
143
148
142
148
137
142
133
143
127
131
126
130
138
139
143
144
149
168
145
171
152
167
155
168
154
171
146
155
143
154
153
179
145
139
145
137
123
129
137
150
135
143
148
150
163
169
169
151
157
150
156
147
148
141
138
138
137
143
143
160
145
134
145
141
145
149
146
159
158
158
156
148
140
142
133
157
119
121
115
116
104
110
113
115
116
110
108
108
106
107
107
105
113
102
116
112
125
123
117
128
134
122
129
126
136
121
129
105
101
94
93
87
89
77
70
71
69
71
71
69
64
64
62
64
62
64
62
64
62
64
62
64
62
64
62
64
62
64
62
64
62
64
62
64
62
64
62
64
62
64
62
64
62
64
62
64
62
64
62
64
62
64
62
64
62
64
62
64
62
64
62
64
62
64
62
64
62
64
62
64
62
64
62
64
62
64
62
64
62
64
62
64
62
64
62
64
62
64
62
64
62
64
62
64
62
64
62
64
62
64
62
64
62
64
62
64
62
64
62
64
62
64
62
64
62
64
62
64
62
64
62
64
62
64
62
64
62
64
62
64
62
64
62
64
62
64
62
64
62
64
62
64
62
64
62
64
62
64
62
64
62
64
62
64
62
64
62
64
62
64
62
64
62
64
62
64
62
64
62
64
62
64
62
64
62
64
62
64
62
64
62
64
62
64
62
64
62
64
62
64
62
64
62
64
62
64
62
64
62
64
62
64
62
64
62
64
62
64
62
64
62
64
62
64
62
64
62
64
62
64
62
64
62
64
62
64
62
64
62
64
62
64
62
64
62
64
62
64
62
64
62
64
62
64
62
64
62
64
62
64
62
64
62
64
62
64
62
64
62
64
62
64
62
64
62
64
62
64
62
64
62
64
62
64
62
64
62
64
62
64
62
64
62
64
62
64
62
64
62
64
62
64
62
64
62
64
62
64
62
64
62
64
62
64
62
64
62
64
62
64
62
64
62
64
62
64
62
64
62
64
62
64
62
64
62
64
62
64
62
64
62
64
62
64
62
64
62
64
62
64
62
64
62
64
62
64
62
64
62
64
62
64
62
64
62
64
62
64
62
64
62
64
62
64
62
64
62
64
62
64
62
64
62
64
62
64
62
64
62
64
62
64
62
64
62
64
62
64
62
64
62
64
62
64
62
64
62
64
62
64
62
64
62
64
62
64
62
64
62
64
62
64
62
64
62
64
62
64
62
64
62
64
62
64
62
64
62
64
62
64
62
64
62
64
62
64
62
64
62
64
62
64
62
64
62
64
62
64
62
64
62
64
62
64
62
64
62
64
62
64
62
64
62
64
62
64
62
64
62
64
62
64
62
64
62
64
62
64
62
64
62
64
62
64
62
64
62
64
62
64
62
64
62
64
62
64
62
64
62
64
62
64
62
64
62
64
62
64
62
64
62
64
62
64
62
64
62
64
62
64
62
64
62
64
62
64
62
64
62
64
62
64
62
64
62
64
62
64
62
64
62
64
62
64
62
64
62
64
62
64
62
64
62
64
62
64
62
64
62
64
62
64
62
64
62
64
62
64
62
64
62
64
62
64
62
64
62
64
62
64
62
64
62
64
62
64
62
64
62
64
62
64
62
64
62
64
62
64
62
64
62
64
62
64
