727
810
704
644
630
643
609
620
570
573
524
518
478
487
471
467
461
468
466
427
437
453
443
428
429
435
423
384
395
344
316
267
261
262
263
247
250
236
222
220
211
224
212
207
217
225
217
210
234
221
218
200
186
179
174
183
175
185
189
189
196
193
199
214
211
205
220
242
248
239
251
249
264
290
253
278
269
261
246
242
210
226
220
213
243
247
238
231
225
221
215
224
223
250
245
273
234
245
245
242
246
216
226
221
234
244
260
266
252
248
250
239
238
212
218
227
248
230
231
233
225
221
236
237
242
232
214
224
238
211
223
207
217
220
214
238
225
238
224
223
252
220
251
236
253
243
284
255
261
275
283
271
280
282
280
280
305
281
311
297
285
274
286
289
289
281
296
290
284
275
294
277
278
259
294
270
262
286
278
306
302
287
260
293
268
279
271
276
282
270
283
279
281
265
257
276
262
270
269
242
256
254
242
241
232
250
248
267
270
248
255
259
260
255
259
269
249
240
233
238
237
258
248
251
232
226
228
228
229
225
204
240
212
216
202
217
193
214
198
196
216
211
227
226
244
249
214
234
195
207
196
224
196
213
215
227
218
226
237
211
204
220
225
239
217
213
209
214
228
208
235
189
193
200
209
209
225
210
234
221
237
212
243
231
269
253
251
262
250
245
268
245
251
257
248
246
241
223
227
223
258
245
264
234
260
200
234
198
220
211
223
199
193
162
160
152
153
143
147
149
152
150
147
145
163
165
160
177
183
181
165
159
160
150
148
144
149
145
154
168
151
187
155
158
144
164
160
153
165
155
162
162
144
134
141
125
120
122
118
114
101
114
104
113
100
100
106
114
112
122
126
119
110
120
121
120
123
126
111
117
103
112
109
113
101
101
94
88
79
72
70
76
70
68
65
69
62
70
65
74
72
67
80
66
70
72
77
78
72
81
88
83
82
87
106
91
93
91
96
95
107
95
101
101
114
111
120
105
107
111
99
105
113
107
126
104
109
101
106
110
118
114
111
105
123
110
123
121
109
105
104
111
101
102
103
109
108
127
110
118
117
115
114
109
114
110
110
117
101
107
99
102
104
110
111
124
112
123
106
116
116
122
119
134
118
135
127
146
148
144
146
136
155
130
132
123
132
135
136
143
134
133
136
139
138
155
151
159
154
161
176
159
158
153
144
127
123
121
114
119
120
131
126
120
110
101
106
107
115
109
109
109
125
121
110
121
107
99
95
105
107
100
111
119
121
129
133
137
143
138
129
140
136
158
134
146
134
160
147
135
147
138
136
146
142
114
121
112
122
119
139
115
111
105
110
119
110
117
104
113
103
118
105
106
90
90
83
80
77
74
74
74
74
74
74
74
74
74
74
74
74
74
74
74
74
74
74
74
74
74
74
74
74
74
74
74
74
74
74
74
74
74
74
74
74
74
74
74
74
74
74
74
74
74
74
74
74
74
74
74
74
74
74
74
74
74
74
74
74
74
74
74
74
74
74
74
74
74
74
74
74
74
74
74
74
74
74
74
74
74
74
74
74
74
74
74
74
74
74
74
74
74
74
74
74
74
74
74
74
74
74
74
74
74
74
74
74
74
74
74
74
74
74
74
74
74
74
74
74
74
74
74
74
74
74
74
74
74
74
74
74
74
74
74
74
74
74
74
74
74
74
74
74
74
74
74
74
74
74
74
74
74
74
74
74
74
74
74
74
74
74
74
74
74
74
74
74
74
74
74
74
74
74
74
74
74
74
74
74
74
74
74
74
74
74
74
74
74
74
74
74
74
74
74
74
74
74
74
74
74
74
74
74
74
74
74
74
74
74
74
74
74
74
74
74
74
74
74
74
74
74
74
74
74
74
74
74
74
74
74
74
74
74
74
74
74
74
74
74
74
74
74
74
74
74
74
74
74
74
74
74
74
74
74
74
74
74
74
74
74
74
74
74
74
74
74
74
74
74
74
74
74
74
74
74
74
74
74
74
74
74
74
74
74
74
74
74
74
74
74
74
74
74
74
74
74
74
74
74
74
74
74
74
74
74
74
74
74
74
74
74
74
74
74
74
74
74
74
74
74
74
74
74
74
74
74
74
74
74
74
74
74
74
74
74
74
74
74
74
74
74
74
74
74
74
74
74
74
74
74
74
74
74
74
74
74
74
74
74
74
74
74
74
74
74
74
74
74
74
74
74
74
74
74
74
74
74
74
74
74
74
74
74
74
74
74
74
74
74
74
74
74
74
74
74
74
74
74
74
74
74
74
74
74
74
74
74
74
74
74
