776
967
723
737
694
674
577
601
543
549
561
526
547
503
504
466
467
479
479
494
481
503
478
481
458
481
456
464
431
436
408
386
393
401
393
389
363
360
374
340
355
331
355
323
352
328
321
344
323
329
319
319
302
340
306
314
291
308
314
324
317
308
311
316
305
286
287
279
267
271
250
255
259
253
263
260
264
258
272
314
292
294
317
315
341
285
313
295
305
292
284
281
273
296
297
265
277
270
274
249
260
240
240
230
234
246
241
226
219
223
197
205
201
199
215
207
213
194
193
198
191
154
166
161
175
161
145
144
151
163
168
185
170
182
184
202
197
192
195
210
211
226
245
204
209
178
179
169
157
165
152
158
141
136
132
147
127
134
138
134
136
136
135
133
141
133
138
132
146
122
127
121
129
126
139
140
145
152
150
159
156
139
139
125
133
122
135
140
143
163
151
151
145
157
141
156
136
139
149
138
153
128
132
116
113
108
99
98
91
95
87
95
97
94
89
98
74
71
73
70
75
77
81
82
85
92
83
93
94
83
92
88
92
90
97
90
102
101
94
106
100
92
95
93
84
87
87
87
100
97
119
97
104
101
102
105
96
98
93
106
97
117
111
118
112
124
132
133
101
109
103
103
109
106
114
104
117
107
110
116
116
118
109
105
115
107
111
103
103
107
113
113
126
118
126
130
136
146
141
132
149
133
160
144
158
133
167
146
154
162
166
156
164
161
172
176
160
181
162
161
163
169
174
189
189
191
178
203
183
179
185
184
185
186
180
183
193
187
206
173
186
189
181
172
177
175
183
198
196
204
188
196
177
176
186
197
181
205
186
188
181
180
178
173
171
182
168
178
174
180
182
182
176
165
165
162
179
167
174
161
162
158
174
161
183
169
182
147
138
157
122
122
134
136
134
136
139
145
149
146
134
146
128
130
121
135
130
144
138
162
148
153
153
136
154
150
138
132
133
127
119
125
126
139
125
139
118
134
112
111
101
115
116
117
129
130
135
136
139
153
149
134
141
141
126
134
133
138
147
132
139
152
151
138
157
143
110
109
114
106
106
83
68
72
66
61
58
55
56
58
61
59
69
63
81
70
85
75
83
81
89
78
88
81
97
88
91
90
93
92
88
90
92
104
101
107
110
83
80
81
74
81
78
82
84
84
77
80
72
79
65
68
65
64
61
59
58
56
55
53
53
53
53
53
53
53
53
53
53
53
53
53
53
53
53
53
53
53
53
53
53
53
53
53
53
53
53
53
53
53
53
53
53
53
53
53
53
53
53
53
53
53
53
53
53
53
53
53
53
53
53
53
53
53
53
53
53
53
53
53
53
53
53
53
53
53
53
53
53
53
53
53
53
53
53
53
53
53
53
53
53
53
53
53
53
53
53
53
53
53
53
53
53
53
53
53
53
53
53
53
53
53
53
53
53
53
53
53
53
53
53
53
53
53
53
53
53
53
53
53
53
53
53
53
53
53
53
53
53
53
53
53
53
53
53
53
53
53
54
54
55
54
55
51
48
48
48
48
48
48
48
48
48
48
48
48
48
48
48
48
48
48
48
48
48
48
48
48
48
48
48
48
48
48
48
48
48
48
48
48
48
48
48
48
48
48
48
48
48
48
48
48
48
48
48
48
48
48
48
48
48
48
48
48
48
48
48
48
48
48
48
48
48
48
48
48
48
48
48
48
48
48
48
48
48
48
48
48
48
48
48
48
48
48
48
48
48
48
48
48
48
48
48
48
48
48
48
48
48
48
48
48
48
48
48
48
48
48
48
48
48
48
48
48
48
48
48
48
48
48
48
48
48
48
48
48
48
48
48
48
48
48
48
48
48
48
48
48
48
48
48
48
48
48
48
48
48
48
48
48
48
48
48
48
48
48
48
48
48
48
48
48
48
48
48
48
48
48
48
48
48
48
48
48
48
48
48
48
48
48
48
48
48
48
48
48
48
48
48
48
48
48
48
48
48
48
48
48
48
48
48
48
48
48
48
48
48
48
48
48
48
48
48
48
48
48
48
48
48
48
48
48
48
48
48
48
48
48
48
48
48
48
48
48
48
48
48
48
48
48
48
48
48
48
48
48
48
48
48
48
48
48
48
48
48
48
48
48
48
48
48
48
48
48
48
48
48
48
48
48
48
48
48
48
48
48
48
48
48
48
48
48
48
48
48
48
48
48
48
48
48
48
48
48
48
48
48
48
48
48
48
48
48
48
48
48
48
48
48
48
48
48
48
48
48
48
48
48
48
48
48
48
48
48
48
48
48
48
48
48
