715
820
697
663
604
592
546
502
489
461
455
415
424
374
372
362
344
347
326
315
313
299
320
303
310
325
331
337
337
356
325
314
348
328
342
294
311
295
306
298
305
303
292
276
279
271
263
234
224
231
242
230
227
232
260
239
280
274
268
254
252
266
263
275
269
264
256
270
248
252
233
247
236
232
230
239
241
242
228
200
196
203
214
242
233
213
225
207
209
208
204
227
224
229
211
220
243
234
231
255
219
228
206
203
200
195
195
192
188
180
184
193
198
199
210
184
191
196
198
195
186
200
202
178
187
167
174
191
194
201
204
209
189
192
200
207
200
191
182
178
182
182
164
160
158
164
166
145
146
147
155
148
146
146
144
140
133
129
131
128
121
126
127
137
140
130
133
134
130
139
128
146
139
135
131
126
116
124
129
113
105
104
110
111
119
121
137
127
119
120
131
130
140
131
129
132
123
116
123
117
122
117
130
125
129
139
131
131
137
154
141
149
156
152
165
155
149
146
150
157
150
146
140
152
143
140
142
160
150
157
162
176
176
176
181
183
187
168
178
158
161
168
154
156
151
167
139
145
132
123
128
121
132
128
127
125
123
122
123
125
127
129
131
141
145
150
147
153
157
178
159
161
155
161
156
163
163
153
153
148
155
144
157
156
177
155
149
142
146
145
155
145
133
134
142
145
147
148
147
148
144
149
159
163
162
168
159
163
161
161
173
161
187
169
155
171
162
172
169
164
176
160
166
176
181
192
194
202
198
208
206
223
202
232
204
194
185
183
179
186
180
172
173
175
181
185
176
209
189
188
193
178
183
191
184
176
165
180
155
156
146
147
145
151
143
145
141
146
146
160
146
148
141
142
147
127
135
120
138
137
136
149
140
138
146
136
153
146
147
129
143
119
109
115
119
134
125
122
137
132
144
126
137
130
138
150
146
153
155
150
160
148
174
154
179
148
154
149
163
164
147
167
151
162
164
167
183
176
196
177
191
203
196
205
207
202
210
208
196
170
182
150
152
153
145
154
142
178
174
192
171
180
184
179
187
156
154
155
157
171
166
178
185
178
168
148
154
132
157
148
153
140
158
152
171
156
169
183
164
185
181
190
192
201
182
191
180
165
156
171
161
165
178
154
169
166
191
170
160
166
144
159
142
142
158
155
170
165
149
151
158
156
148
149
159
158
163
169
164
154
158
171
169
191
172
199
187
196
183
181
191
191
202
172
177
180
173
157
170
168
205
178
186
174
172
161
166
159
181
187
201
204
228
209
212
204
197
188
197
216
202
216
217
226
225
197
205
196
178
179
159
162
158
154
180
162
162
159
164
164
175
179
175
165
186
167
171
177
183
179
177
167
193
166
182
177
195
167
175
179
179
183
195
175
177
155
164
141
139
120
121
115
117
120
119
126
133
134
130
131
112
120
117
120
119
115
124
125
136
123
132
128
149
142
166
140
155
155
167
130
127
136
144
151
140
140
132
132
137
131
131
131
132
127
128
134
125
129
127
131
118
121
124
113
111
109
108
116
119
110
120
115
118
119
118
125
123
124
140
139
152
154
151
151
161
156
161
171
198
155
154
153
162
161
163
152
169
149
157
159
172
162
150
157
148
150
148
150
158
155
157
174
164
155
143
136
126
129
124
128
143
135
138
136
137
144
152
160
156
174
159
181
151
164
149
159
161
149
146
143
137
140
152
136
144
128
128
130
129
128
119
132
108
123
106
99
99
96
99
96
97
95
101
97
96
97
99
103
103
106
107
100
107
98
96
89
86
85
87
85
90
85
83
82
84
85
88
85
86
84
85
85
86
85
87
89
95
93
91
96
88
85
87
89
89
89
89
89
89
89
89
89
89
89
89
89
89
89
89
89
89
89
89
89
89
89
89
89
89
89
89
89
89
89
89
89
89
89
89
89
89
89
89
89
89
89
89
89
89
89
89
89
89
89
89
89
89
89
89
89
89
89
89
89
89
89
89
89
89
89
89
89
89
89
89
89
89
89
89
89
89
89
89
89
89
89
89
89
89
89
89
89
89
89
89
89
89
89
89
89
89
89
89
89
89
89
89
89
89
89
89
89
89
89
89
89
89
89
89
89
89
89
89
89
89
89
89
89
89
89
89
89
89
89
89
89
89
89
89
89
89
89
89
89
89
89
89
89
89
89
89
89
89
89
89
89
89
89
89
89
89
89
89
89
89
89
89
89
89
89
89
89
89
89
89
89
89
89
89
89
89
89
89
89
89
89
89
89
89
89
89
89
89
89
89
89
89
89
89
89
