737
819
706
716
670
632
616
564
565
559
568
544
546
520
482
460
444
488
433
461
424
445
386
370
400
407
377
373
371
360
359
333
342
347
309
307
300
313
292
327
305
314
306
312
296
326
285
298
281
280
272
287
258
250
252
245
242
265
270
244
241
254
235
252
249
224
229
207
225
208
210
206
194
192
191
201
195
206
203
197
215
210
212
222
212
211
192
197
200
192
204
229
190
181
173
164
160
164
158
158
144
139
142
141
143
147
151
153
139
132
135
135
141
140
137
142
149
152
155
158
158
171
177
177
194
204
193
216
187
174
179
192
185
198
195
190
202
186
185
180
188
182
185
190
204
211
203
213
235
211
219
210
217
201
186
186
157
161
154
161
175
170
184
176
189
157
155
150
160
159
151
161
150
173
163
181
166
179
154
166
154
169
153
147
140
141
136
144
135
127
127
136
128
124
112
123
118
129
132
132
148
137
161
145
146
146
147
159
158
173
170
165
163
158
165
175
169
181
164
174
163
167
162
158
158
160
161
167
187
193
175
171
195
192
225
224
222
235
228
247
250
260
235
251
255
219
259
236
240
241
225
214
214
219
237
214
209
209
177
185
188
193
186
200
195
227
210
221
241
237
206
198
199
186
199
184
173
172
177
188
186
193
187
199
195
196
191
198
228
212
216
246
237
249
238
262
247
263
272
258
258
257
274
288
269
274
257
277
262
270
263
260
243
273
274
278
269
269
257
238
258
231
240
222
226
230
220
234
216
222
228
227
235
240
243
257
240
240
251
284
273
279
296
294
296
292
298
256
236
243
250
232
211
219
211
207
197
204
212
193
190
201
214
213
218
223
228
225
249
252
262
255
247
245
229
224
224
238
216
224
231
242
232
242
252
227
243
252
235
231
234
238
233
239
226
215
224
214
209
225
208
197
203
181
200
193
202
197
215
216
231
218
214
219
208
197
195
205
201
180
178
174
165
187
180
187
194
198
196
178
182
179
175
178
184
188
187
191
191
186
178
175
152
144
143
124
118
128
122
126
130
137
136
149
154
146
144
162
141
156
150
161
141
145
153
149
161
166
161
167
170
179
200
190
208
203
198
192
196
200
202
190
174
185
190
206
218
226
222
222
231
234
222
244
247
254
223
213
217
207
223
212
214
206
210
198
193
195
186
195
188
190
212
198
218
201
201
205
217
216
218
229
212
211
217
192
175
178
177
181
181
192
203
203
193
204
187
181
182
177
173
168
186
184
185
173
196
161
179
157
170
163
163
178
163
165
141
156
158
155
156
152
153
160
156
183
173
206
198
203
197
203
202
223
185
198
194
207
216
219
213
234
207
185
194
179
170
170
186
162
165
161
176
165
170
152
151
153
166
152
153
147
150
163
160
156
169
155
170
163
160
155
176
166
190
170
169
184
178
165
165
167
172
172
172
166
177
177
168
185
171
182
164
159
161
156
160
168
162
177
180
195
193
189
195
173
167
157
158
158
176
197
194
179
183
186
185
201
175
175
161
153
141
148
138
130
128
128
134
118
115
130
119
130
131
149
136
139
138
143
155
153
159
155
175
174
176
186
155
167
155
157
149
162
155
173
151
169
154
172
170
174
179
183
184
176
172
162
174
166
175
175
157
156
153
153
134
132
133
137
129
128
124
131
124
134
129
145
133
158
151
176
159
171
161
167
174
186
168
165
163
163
171
178
181
201
194
198
200
204
217
224
223
235
213
206
208
211
208
196
168
169
174
166
170
177
178
181
189
184
191
202
226
183
185
188
211
207
232
244
245
250
280
273
306
286
307
288
274
253
279
275
275
289
285
319
290
308
289
285
267
261
274
261
268
252
275
239
231
219
225
220
226
221
249
231
237
260
254
271
250
262
252
263
252
275
252
248
233
254
224
237
207
225
197
209
195
192
196
181
186
187
205
216
210
218
209
211
219
205
203
194
213
212
199
187
202
178
179
182
183
181
179
186
194
189
185
185
198
205
214
215
231
238
245
253
261
238
223
234
221
237
209
220
216
230
225
250
207
213
216
230
218
243
226
240
241
233
267
262
304
278
271
300
307
295
293
299
286
302
292
312
278
302
288
276
307
277
263
254
238
231
232
238
234
255
239
249
255
269
268
274
285
284
292
276
271
305
293
295
291
286
272
298
285
280
269
267
272
304
301
310
301
285
282
246
236
243
213
231
224
227
241
254
240
256
250
256
235
227
212
222
212
209
201
195
183
177
173
173
191
178
195
197
196
190
182
208
212
210
222
205
204
190
187
182
200
195
217
210
