723
830
742
716
665
654
609
610
585
547
510
503
501
492
503
468
451
467
416
424
410
408
427
426
414
409
397
407
390
401
383
370
364
343
344
310
334
319
320
306
308
305
329
308
325
311
327
319
317
334
302
330
340
344
320
361
318
339
341
341
334
381
337
341
335
337
321
344
320
350
328
352
325
354
358
400
367
385
364
361
379
383
355
339
339
323
335
285
293
311
329
348
316
337
304
331
327
339
328
326
349
330
340
308
341
303
321
317
339
278
260
279
266
271
260
286
292
285
324
299
317
306
307
297
318
331
323
302
316
301
273
281
290
297
296
300
295
289
313
281
283
249
273
233
235
245
238
255
232
233
227
234
239
248
225
211
226
223
224
208
207
204
206
215
229
232
221
209
231
234
232
244
237
248
233
224
216
233
240
234
225
212
221
210
191
205
200
206
227
202
223
211
217
220
232
224
244
211
216
198
183
184
189
192
189
174
159
180
167
185
182
182
180
183
191
193
206
184
205
192
180
175
179
173
163
176
161
154
143
152
155
166
159
155
162
149
152
142
138
146
149
127
145
119
127
135
132
123
120
106
104
105
109
125
115
115
127
103
113
107
106
110
117
125
135
119
137
118
127
113
116
113
128
110
116
117
128
120
117
107
112
111
118
119
123
118
124
112
124
131
141
161
143
146
144
140
145
152
148
144
120
134
119
128
127
126
124
118
106
108
110
112
115
113
111
107
106
110
124
122
126
131
148
104
103
97
98
103
104
94
98
96
96
89
91
96
109
110
114
124
107
107
119
114
126
120
122
133
145
135
156
142
143
143
127
122
117
118
112
120
110
116
117
121
129
148
137
139
147
144
149
145
132
126
133
137
116
127
110
102
100
99
97
93
99
94
90
100
100
111
108
119
106
127
109
113
110
115
115
122
120
117
121
110
111
105
96
96
108
107
96
106
102
120
100
102
96
112
105
103
108
109
107
105
110
108
109
117
111
111
123
119
135
125
127
111
128
120
128
129
127
144
141
140
133
107
108
104
103
103
102
103
109
115
121
134
126
119
129
132
138
158
162
155
147
178
158
175
141
161
140
154
147
147
149
148
168
158
181
162
176
184
191
180
163
180
185
176
181
189
166
167
165
146
157
155
136
146
135
153
149
142
155
152
152
147
146
141
147
136
149
138
131
142
138
139
141
143
148
145
150
158
160
166
160
162
167
163
167
177
172
188
181
194
197
221
205
206
213
216
216
178
168
161
166
174
173
181
182
178
194
179
187
188
203
223
236
205
209
208
202
215
215
235
214
195
193
190
206
199
205
196
201
202
196
170
165
158
163
177
159
179
178
173
162
172
175
165
162
173
165
162
164
156
155
159
165
152
159
158
174
172
174
163
156
159
177
177
179
192
182
187
197
181
177
186
197
176
177
173
170
164
171
187
186
207
205
204
205
198
209
185
196
198
214
220
210
223
223
245
230
237
217
225
228
248
228
249
227
235
230
236
280
246
280
251
278
228
234
226
220
215
210
195
205
188
207
184
200
192
193
189
187
225
199
210
188
178
164
172
172
187
192
193
198
187
191
199
201
190
208
219
217
206
192
191
193
202
197
194
186
185
180
180
168
175
178
161
150
142
137
135
139
139
137
140
137
136
145
133
126
130
140
133
142
150
142
152
155
141
158
138
144
157
160
168
173
182
175
168
176
170
171
164
177
174
175
164
169
168
164
151
164
160
164
176
167
154
164
151
138
139
147
161
161
157
148
157
134
129
125
125
127
134
137
136
143
143
159
157
169
149
150
153
179
166
180
199
178
178
181
187
196
202
191
181
183
190
185
186
181
194
199
204
232
210
230
235
231
219
244
227
245
229
254
240
243
243
244
257
258
250
228
249
227
254
216
254
245
251
233
238
236
260
234
196
203
198
207
181
183
166
191
173
171
166
151
162
164
161
172
167
194
174
177
182
175
174
179
175
178
188
191
188
188
198
214
220
225
213
219
195
214
186
191
200
171
195
186
184
175
183
173
163
141
152
146
148
152
141
130
145
139
152
155
163
156
179
166
143
152
160
164
172
181
190
160
158
147
156
162
191
165
168
150
145
131
141
132
123
134
135
140
134
135
139
126
133
131
142
148
126
134
122
136
119
126
116
103
95
92
89
87
91
91
80
91
88
94
92
110
85
93
82
86
79
75
78
88
77
93
88
106
88
92
100
103
103
103
89
86
81
76
70
71
67
71
68
71
79
76
88
84
76
76
76
76
78
78
74
69
74
70
79
76
80
68
68
71
72
