738
890
754
766
747
694
686
633
612
624
594
606
572
569
562
546
479
473
403
453
391
391
399
402
399
443
449
438
384
410
397
427
394
388
379
387
369
359
347
340
363
343
345
325
310
311
295
291
308
312
311
313
309
298
299
279
276
274
285
290
296
276
277
256
240
243
257
242
263
253
289
247
269
238
265
250
273
247
254
259
263
290
277
300
293
288
300
303
312
306
271
287
262
259
255
245
235
238
221
239
223
238
223
229
210
200
211
210
233
212
252
213
222
247
241
279
243
264
254
295
266
289
277
292
267
313
281
320
297
276
254
264
251
258
274
271
269
284
278
297
278
282
281
291
273
299
273
267
283
281
287
273
268
267
236
225
200
186
203
198
193
181
184
192
199
192
215
201
228
196
193
205
218
233
236
263
234
241
232
242
236
243
250
236
204
203
215
222
210
213
213
209
225
194
218
206
184
195
192
210
186
208
174
211
169
195
190
216
198
221
185
183
185
198
176
187
178
165
188
174
192
181
189
207
203
218
198
191
170
173
168
178
162
165
153
172
158
172
177
175
193
182
189
193
189
184
187
206
181
199
183
191
182
185
177
185
183
194
199
210
203
213
227
232
244
249
233
239
237
240
263
271
270
281
264
278
278
261
247
265
289
267
263
258
266
253
265
255
240
231
253
217
198
202
206
220
208
196
212
194
202
195
194
174
167
165
167
167
175
176
196
195
218
230
228
244
233
220
240
223
241
213
228
243
249
250
236
258
264
228
225
205
234
215
226
230
222
220
224
221
232
233
234
243
233
228
229
244
239
254
259
271
217
224
211
211
223
230
227
245
238
251
249
225
239
225
229
199
212
214
217
206
212
179
186
168
160
170
174
172
185
183
184
191
210
186
188
181
167
178
164
174
160
165
159
164
148
157
149
168
155
170
158
177
147
150
161
149
159
145
170
151
161
165
167
177
191
166
161
167
166
157
174
165
164
148
156
151
164
171
177
184
189
183
191
189
204
200
222
228
250
235
259
241
243
244
249
261
260
273
269
285
282
270
285
270
254
278
281
319
298
277
285
262
250
242
233
251
238
261
261
259
262
255
248
255
258
245
229
240
231
254
227
253
230
253
264
240
233
231
214
217
200
223
208
211
222
206
195
199
204
178
184
195
182
189
188
200
201
178
186
161
159
163
154
151
138
135
135
139
145
149
143
132
140
130
142
141
142
137
140
154
139
149
138
123
139
130
133
134
143
141
147
152
163
172
166
160
160
174
157
174
162
157
164
155
138
137
133
151
151
154
146
147
146
169
143
144
157
177
175
174
162
162
135
136
127
132
123
143
132
148
126
137
128
129
129
135
133
132
131
132
137
141
146
157
149
149
141
154
145
153
136
137
140
135
139
128
135
132
134
132
138
142
152
149
163
158
171
172
168
167
171
171
164
171
158
177
180
164
163
166
165
176
186
174
178
184
184
198
173
161
168
176
151
171
156
170
170
181
170
186
159
191
164
170
174
169
169
149
147
135
135
139
142
153
142
162
170
170
166
161
166
190
173
186
183
203
207
189
190
192
200
203
205
205
208
196
174
173
162
159
163
166
145
160
153
170
165
170
179
165
187
161
166
162
179
191
189
190
193
184
200
205
195
188
192
193
201
213
178
176
182
169
191
189
205
190
181
174
154
165
168
181
141
136
125
116
113
123
128
131
141
125
128
143
159
135
137
132
129
137
141
152
149
168
138
145
150
155
137
131
114
114
109
109
109
123
115
133
132
132
126
117
121
125
130
130
129
133
138
136
133
133
133
140
143
153
168
175
182
185
169
178
186
181
193
216
208
222
219
221
222
229
214
229
222
245
239
239
250
232
239
242
237
222
214
225
216
203
201
204
211
210
222
239
234
259
243
230
230
252
199
198
199
201
203
207
214
226
214
214
233
213
201
180
188
162
167
161
152
149
145
160
147
160
142
160
149
149
140
143
154
147
162
174
184
159
150
151
159
142
140
135
135
138
140
136
131
123
120
114
123
108
107
99
100
101
104
109
107
117
103
102
106
102
108
106
100
106
107
120
106
120
107
116
120
132
107
105
110
116
121
114
114
117
120
124
131
137
134
132
125
114
115
107
119
118
123
126
133
129
110
105
109
117
134
133
160
148
143
135
143
148
152
147
140
141
147
134
157
139
162
152
169
153
186
150
154
149
147
138
131
139
132
139
128
135
131
142
150
143
138
137
123
135
140
135
137
140
142
151
150
151
172
146
172
157
168
164
177
182
180
165
155
165
180
193
190
207
