686
782
687
720
697
658
640
599
587
546
521
496
467
454
435
451
466
470
482
469
499
484
484
453
487
440
446
427
410
398
417
401
408
419
411
417
436
407
408
414
425
408
415
411
378
363
383
379
353
369
354
390
338
366
355
361
358
315
342
325
355
338
342
348
332
355
329
355
326
332
298
285
291
308
280
320
305
298
325
305
339
300
292
261
285
255
282
273
257
279
277
306
315
344
326
330
310
288
310
303
304
280
282
273
278
269
256
247
261
218
228
197
187
199
178
181
174
175
196
196
201
189
178
186
203
195
184
167
198
182
213
197
206
189
191
205
201
219
215
232
218
232
222
238
215
242
206
230
209
225
194
217
222
198
177
200
182
190
190
191
198
200
204
210
216
228
235
226
247
225
232
237
260
245
265
268
252
268
255
246
254
255
263
276
275
259
277
271
247
228
212
222
203
229
202
202
219
217
213
210
219
230
212
217
206
219
210
220
197
210
212
244
222
249
239
241
237
212
196
191
198
212
228
231
239
242
241
248
246
234
219
236
227
237
248
262
261
264
270
242
255
263
288
272
267
280
287
255
254
253
261
259
253
241
217
209
201
181
191
213
197
223
227
236
256
234
234
220
206
213
182
181
187
209
202
212
223
222
228
216
237
224
231
234
265
240
237
236
255
250
260
255
265
271
259
273
238
282
241
303
244
281
258
239
272
234
258
265
243
235
258
234
223
230
251
223
249
245
258
248
256
244
252
251
252
221
210
229
203
223
187
185
172
190
160
163
161
166
162
164
166
162
152
175
151
160
164
175
171
189
185
176
186
190
189
181
184
178
195
204
210
213
219
230
225
235
221
229
232
236
241
253
247
258
228
220
223
235
221
233
211
226
219
210
219
208
198
208
198
206
193
200
196
211
203
209
219
208
216
215
231
235
239
237
267
244
268
245
244
219
238
235
242
227
219
245
228
247
228
238
214
209
208
191
209
202
220
202
196
206
215
209
211
214
227
218
204
204
215
211
215
216
205
210
227
202
223
213
226
212
225
233
236
262
253
272
254
267
274
279
274
264
301
278
294
295
293
293
261
259
244
266
237
223
239
237
229
262
200
218
219
190
195
177
191
193
190
192
189
191
170
174
177
181
197
192
194
178
198
190
193
187
201
199
198
203
193
203
196
213
197
201
184
180
192
169
182
179
178
197
183
193
178
186
181
186
195
189
199
193
190
189
192
168
158
152
165
164
170
177
187
167
176
191
191
158
163
169
170
172
162
163
151
150
163
150
166
163
170
166
186
167
188
175
204
178
196
191
191
200
187
184
201
197
189
182
196
186
196
161
163
158
149
148
144
156
133
139
135
141
146
157
152
165
164
176
163
190
158
177
179
176
194
198
202
214
217
215
232
204
194
196
210
211
216
219
216
205
204
204
194
188
189
177
193
198
216
207
216
245
243
236
227
243
226
240
237
249
259
252
244
237
228
247
239
230
243
219
223
216
208
214
217
207
209
209
190
196
201
206
219
208
229
208
217
203
201
207
206
201
197
210
208
220
194
188
183
172
191
186
198
191
207
206
219
205
223
199
225
186
175
151
152
157
170
172
187
177
206
206
212
194
214
209
208
200
236
202
229
205
211
196
179
198
190
203
198
181
163
163
150
149
143
153
152
152
145
148
129
133
127
124
118
131
124
122
133
142
128
132
130
123
115
129
127
136
132
128
128
135
121
123
113
115
111
110
106
104
113
101
108
96
92
90
87
88
98
94
104
85
85
83
82
84
88
91
88
93
93
91
102
96
103
91
100
98
101
102
103
91
96
96
100
86
88
83
84
82
73
84
80
91
86
87
98
91
106
97
97
93
101
112
90
93
88
84
79
75
82
83
102
80
80
76
78
84
78
81
72
72
69
65
55
58
62
59
63
52
53
52
58
56
65
62
63
69
65
56
58
61
58
65
56
53
51
51
54
60
53
56
57
60
66
61
75
62
64
57
58
59
65
68
65
78
72
90
82
87
84
88
81
79
82
85
76
77
80
84
84
96
85
70
67
68
77
71
77
73
69
77
73
70
63
63
60
60
59
55
55
52
51
49
49
49
49
49
49
49
49
49
49
49
49
49
49
49
49
49
49
49
49
49
49
49
49
49
49
49
49
49
49
49
49
49
49
49
49
49
49
49
49
49
49
49
49
49
49
49
49
49
49
49
49
49
49
49
49
49
49
49
49
49
49
49
49
49
49
49
49
49
49
49
49
49
49
49
49
49
49
49
49
49
49
49
49
49
49
49
49
49
