746
821
704
737
659
633
622
639
621
614
548
558
555
512
507
523
478
498
509
481
431
465
419
408
390
412
374
391
360
340
330
345
334
337
354
357
387
384
366
395
395
387
429
393
433
399
409
392
397
402
400
369
394
354
352
347
360
334
323
322
324
298
306
258
270
279
290
282
292
257
245
240
259
242
240
226
260
254
250
258
259
279
279
251
274
268
271
261
293
274
269
288
263
261
260
250
236
246
262
267
240
239
238
222
230
243
240
265
258
268
255
246
253
218
215
213
208
204
174
182
184
197
198
194
189
169
170
159
148
154
155
153
137
141
145
141
142
157
140
153
143
153
129
126
123
122
122
118
116
119
130
137
127
120
122
115
125
125
129
143
147
140
152
160
163
174
180
182
191
200
209
204
216
233
236
227
239
225
223
226
215
253
219
235
195
206
228
213
192
215
210
209
199
218
208
222
212
229
226
226
194
212
198
235
200
222
210
228
198
198
200
195
203
228
224
213
201
210
204
177
183
182
189
195
197
206
181
190
188
201
188
221
191
192
196
201
186
197
207
197
188
207
176
178
176
185
190
197
201
196
202
215
201
200
202
196
213
213
220
224
230
242
225
239
240
246
241
227
220
230
221
211
211
203
198
199
196
189
188
205
210
201
187
203
174
179
169
173
195
210
197
201
190
195
170
181
165
168
158
171
165
176
167
163
184
178
183
184
185
189
185
194
182
184
180
183
196
171
187
200
186
168
154
145
159
139
149
143
152
158
145
148
145
144
151
149
152
160
148
136
119
130
129
143
130
144
133
162
130
134
137
133
131
125
137
130
135
135
122
144
125
139
123
140
121
120
123
117
131
122
135
126
144
126
147
132
158
147
164
166
156
103
99
97
98
97
104
103
110
110
122
115
121
125
125
129
137
123
117
122
122
117
114
120
118
125
119
118
111
102
101
105
98
107
94
94
96
93
102
93
96
98
97
92
92
92
97
95
104
89
88
78
86
78
81
74
79
73
76
67
66
67
68
72
71
72
70
70
71
73
71
74
70
79
70
78
75
81
83
85
77
78
78
84
81
80
82
88
86
79
79
80
86
87
87
81
88
87
80
80
79
78
81
80
84
81
84
77
71
76
72
73
75
73
79
76
83
84
89
92
87
91
80
75
74
68
63
64
63
63
70
58
54
52
52
52
52
52
52
52
52
52
52
52
52
52
52
52
52
52
52
52
52
52
52
52
52
52
52
52
52
52
52
52
52
52
52
52
52
52
52
52
52
52
52
52
52
52
52
52
52
52
52
52
52
52
52
52
52
52
52
52
52
52
52
52
52
52
52
52
52
52
52
52
52
52
52
52
52
52
52
52
52
52
52
52
52
52
52
52
52
52
52
52
52
52
52
52
52
52
52
52
52
52
52
52
52
52
52
52
52
52
52
52
52
52
52
52
52
52
52
52
52
52
52
52
52
52
52
52
52
52
52
52
52
52
52
52
52
52
52
52
52
52
52
52
52
52
52
52
52
52
52
52
52
52
52
52
52
52
52
52
52
52
52
52
52
52
52
52
52
52
52
52
52
52
52
52
52
52
52
52
52
52
52
52
52
52
52
52
52
52
52
52
52
52
52
52
52
52
52
52
52
52
52
52
52
52
52
52
52
52
52
52
52
52
52
52
52
52
52
52
52
52
52
52
52
52
52
52
52
52
52
52
52
52
52
52
52
52
52
52
52
52
52
52
52
52
52
52
52
52
52
52
52
52
52
52
52
52
52
52
52
52
52
52
52
52
52
52
52
52
52
52
52
52
52
52
52
52
52
52
52
52
52
52
52
52
52
52
52
52
52
52
52
52
52
52
52
52
52
52
52
52
52
52
52
52
52
52
52
52
52
52
52
52
52
52
52
52
52
52
52
52
52
52
52
52
52
52
52
52
52
52
52
52
52
52
52
52
52
52
52
52
52
52
52
52
52
52
52
52
52
52
52
52
52
52
52
52
52
52
52
52
52
52
52
52
52
52
52
52
52
52
52
52
52
52
52
52
52
52
52
52
52
52
52
52
52
52
52
52
52
52
52
52
52
52
52
52
52
52
52
52
52
52
52
52
52
52
52
52
52
52
52
52
52
52
52
52
52
52
52
52
52
52
52
52
52
52
52
52
52
52
52
52
52
52
52
52
52
52
52
52
52
52
52
52
52
52
52
52
52
52
52
52
52
52
52
52
52
52
52
52
52
52
52
52
52
52
52
52
52
52
52
52
52
52
52
52
52
52
52
52
52
52
52
52
52
52
