726
867
716
665
627
574
579
561
545
554
533
510
529
508
509
491
483
453
403
407
383
374
361
382
374
365
361
356
382
345
372
349
363
380
374
369
373
365
364
356
353
348
360
330
359
324
354
337
353
336
308
299
282
288
275
299
286
299
264
280
273
272
267
279
281
258
252
226
231
223
229
222
226
235
235
240
223
231
241
235
271
252
280
285
290
291
280
288
282
268
257
253
257
255
255
289
279
264
263
279
277
255
246
232
241
229
229
221
213
214
225
199
210
219
221
232
218
218
210
220
233
240
267
248
260
277
281
252
240
275
246
246
247
220
225
216
209
197
207
200
191
187
193
200
204
206
215
185
202
186
204
193
190
202
181
190
175
172
172
181
172
197
174
207
183
178
165
168
182
181
183
189
175
196
198
209
173
196
182
219
214
240
221
235
227
260
257
236
253
255
250
263
217
234
227
245
230
236
225
217
203
196
211
203
210
205
195
212
209
191
201
202
200
192
197
197
189
193
188
198
211
215
219
222
228
237
234
211
225
224
209
191
189
187
172
160
155
171
152
161
151
151
144
159
145
163
165
145
165
143
165
153
161
158
175
165
166
148
157
139
143
147
155
148
170
162
185
181
192
187
188
178
172
174
172
171
178
173
170
177
168
165
164
157
158
152
172
171
180
172
176
182
177
194
172
184
181
179
180
181
169
176
167
177
176
182
186
204
193
203
220
239
218
238
237
234
218
211
204
204
212
197
206
193
169
178
193
189
185
178
175
188
196
201
229
216
269
231
248
228
239
243
245
211
224
215
241
190
189
184
188
184
176
187
171
163
173
180
185
174
187
185
177
193
172
182
169
179
186
196
163
162
170
164
161
157
164
154
151
142
136
134
137
129
128
127
128
130
133
123
127
126
127
132
132
144
139
152
134
134
134
139
133
137
137
137
136
135
139
140
140
148
148
166
139
140
141
138
142
146
154
147
150
155
160
153
157
153
158
150
162
154
157
151
152
149
143
141
140
137
141
135
128
126
124
126
127
131
128
131
124
121
122
123
127
125
126
126
125
125
124
125
126
124
127
126
127
124
123
121
119
118
116
116
116
116
116
116
116
116
116
116
116
116
116
116
116
116
116
116
116
116
116
116
116
116
116
116
116
116
116
116
116
116
116
116
116
116
116
116
116
116
116
116
116
116
116
116
116
116
116
116
116
116
116
116
116
116
116
116
116
116
116
116
116
116
116
116
116
116
116
116
116
116
116
116
116
116
116
116
116
116
116
116
116
116
116
116
116
116
116
116
116
116
116
116
116
116
116
116
116
116
116
116
116
116
116
116
116
116
116
116
116
116
116
116
116
116
116
116
116
116
116
116
116
116
116
116
116
116
116
116
116
116
116
116
116
116
116
116
116
116
116
116
116
116
116
116
116
116
116
116
116
116
116
116
116
116
116
116
116
116
116
116
116
116
116
116
116
116
116
116
116
116
116
116
116
116
116
116
116
116
116
116
116
116
116
116
116
116
116
116
116
116
116
116
116
116
116
116
116
116
116
116
116
116
116
116
116
116
116
116
116
116
116
116
116
116
116
116
116
116
116
116
116
116
116
116
116
116
116
116
116
116
116
116
116
116
116
116
116
116
116
116
116
116
116
116
116
116
116
116
116
116
116
116
116
116
116
116
116
116
116
116
116
116
116
116
116
116
116
116
116
116
116
116
116
116
116
116
116
116
116
116
116
116
116
116
116
116
116
116
116
116
116
116
116
116
116
116
116
116
116
116
116
116
116
116
116
116
116
116
116
116
116
116
116
116
116
116
116
116
116
116
116
116
116
116
116
116
116
116
116
116
116
116
116
116
116
116
116
116
116
116
116
116
116
116
116
116
116
116
116
116
116
116
116
116
116
116
116
116
116
116
116
116
116
116
116
116
116
116
116
116
116
116
116
116
116
116
116
116
116
116
116
116
116
116
116
116
116
116
116
116
116
116
116
116
116
116
116
116
116
116
116
116
116
116
116
116
116
116
116
116
116
116
116
116
116
116
116
116
116
116
116
116
116
116
116
116
116
116
116
116
116
116
116
116
116
116
116
116
116
116
116
116
116
116
116
116
116
116
116
116
116
116
116
116
116
116
116
116
116
116
116
116
116
116
116
116
116
116
116
116
116
116
116
116
116
116
116
116
116
116
116
116
116
116
116
116
116
116
116
116
116
116
116
116
116
116
116
116
116
116
116
116
116
116
116
116
116
116
116
116
116
116
116
116
116
116
116
116
116
116
116
116
116
116
116
116
