784
864
785
768
713
654
644
607
560
527
499
513
475
512
466
472
454
425
413
424
430
424
423
440
438
403
407
376
402
369
367
379
387
366
380
387
385
390
337
352
324
346
339
354
349
349
344
346
333
362
347
349
364
376
387
376
321
333
319
312
288
304
296
272
282
297
292
313
285
307
288
296
263
307
249
259
248
283
242
284
256
253
215
244
216
241
229
241
246
244
272
254
273
244
269
233
247
248
265
232
220
227
206
222
211
187
205
192
192
206
189
203
197
202
202
216
219
217
216
210
214
223
237
225
239
238
220
218
219
212
178
171
168
178
178
175
173
186
192
189
199
194
197
202
196
210
213
212
200
203
210
229
239
241
244
227
228
234
250
240
264
249
252
260
259
254
245
233
204
222
201
206
204
204
211
220
202
215
216
204
232
209
235
230
241
219
207
194
194
207
191
197
198
159
172
178
160
167
164
146
154
153
141
133
150
139
135
139
148
150
156
140
153
167
170
180
193
178
188
191
202
187
204
220
220
224
221
220
222
230
239
249
249
239
257
247
278
262
255
260
286
268
266
279
257
270
254
272
287
264
290
250
249
260
251
262
255
269
270
275
280
309
312
275
299
313
323
318
322
335
339
329
322
304
298
295
292
274
271
271
273
300
278
279
263
255
273
270
261
293
299
333
282
283
285
296
309
288
269
255
266
260
237
235
241
232
216
224
206
206
201
231
195
211
207
211
216
217
225
215
207
204
193
191
215
202
205
209
197
191
182
195
180
177
181
177
176
185
167
162
170
170
188
162
170
143
164
142
157
148
167
174
205
165
186
182
202
182
183
180
184
177
167
169
166
168
167
179
178
159
164
158
167
172
175
171
167
171
165
176
143
148
145
142
144
157
130
142
143
158
150
151
160
151
146
156
160
147
155
138
141
134
140
141
142
146
157
174
165
159
160
169
174
183
193
193
198
187
201
184
199
201
203
182
194
206
199
190
201
188
207
186
209
192
201
191
217
199
228
213
215
203
201
217
207
204
185
210
203
209
188
205
204
191
190
180
191
171
175
168
185
165
177
159
160
171
178
197
177
185
176
189
177
189
177
159
176
163
169
172
192
184
189
191
174
177
165
156
152
141
130
129
136
138
152
142
148
146
169
159
178
175
176
177
174
148
150
144
149
152
147
148
158
173
156
162
167
156
158
168
171
172
172
179
194
200
164
168
156
159
167
163
171
140
139
143
144
145
152
145
164
152
155
144
137
143
146
156
156
169
155
162
152
154
149
163
164
180
177
176
181
191
178
204
182
197
178
193
173
178
174
171
160
170
163
169
170
185
165
186
175
186
177
184
180
190
184
199
177
170
169
176
158
157
157
163
153
157
147
132
131
126
136
123
129
118
114
120
120
128
128
130
137
146
153
148
145
132
142
137
151
142
143
158
155
143
152
163
141
141
141
161
143
140
141
149
144
155
142
150
146
156
146
151
156
161
155
149
144
148
145
132
129
135
127
131
136
135
129
132
118
119
117
126
119
125
125
120
123
130
130
126
130
129
133
143
138
133
140
143
161
156
152
176
164
159
155
171
164
157
164
165
176
170
180
180
186
178
188
182
193
196
192
185
199
214
202
206
185
199
182
183
167
181
180
178
172
182
159
157
153
156
158
155
151
151
164
170
152
143
149
151
160
156
153
169
179
183
185
180
182
204
170
176
157
146
158
155
157
150
156
154
167
165
172
170
164
162
173
154
162
151
151
151
142
141
146
159
147
153
137
143
150
156
156
166
161
187
163
152
153
153
164
152
147
143
141
136
128
138
139
139
144
135
141
132
131
123
122
128
116
124
119
132
127
140
126
123
124
136
122
125
126
121
128
126
137
128
126
127
128
127
136
132
144
142
138
141
149
154
158
177
152
151
148
152
158
167
160
165
174
176
159
150
159
150
152
153
132
133
136
134
132
135
134
148
144
152
149
150
150
162
127
136
129
141
136
139
144
141
137
144
135
122
121
111
106
113
111
108
118
105
112
109
115
103
107
104
109
103
113
102
105
105
107
102
107
97
96
95
94
98
98
101
98
100
98
101
98
104
96
96
96
96
96
96
96
96
96
96
96
96
96
96
96
96
96
96
96
96
96
96
96
96
96
96
96
96
96
96
96
96
96
96
96
96
96
96
96
96
96
96
96
96
96
96
96
96
96
96
96
96
96
96
96
96
96
96
96
96
96
96
96
96
96
96
96
96
96
96
96
96
96
96
96
96
96
96
96
96
96
96
96
96
96
96
96
96
96
96
