753
861
743
718
654
636
586
534
531
516
511
472
495
489
455
447
416
411
416
415
387
381
344
343
305
306
285
275
299
288
297
259
272
254
263
256
231
248
249
268
236
245
205
235
207
221
216
214
234
210
222
210
227
222
213
218
193
207
196
197
214
211
237
244
232
242
243
233
255
219
208
206
212
201
193
190
195
212
190
214
233
218
229
207
214
186
183
171
156
167
167
172
159
168
175
169
181
185
214
178
201
176
164
169
160
163
180
191
195
189
200
207
222
234
257
245
241
238
251
244
271
235
255
250
239
250
245
253
277
275
260
252
251
232
258
234
236
238
237
229
232
229
234
235
224
250
224
218
210
207
215
217
220
214
232
227
250
224
234
230
226
232
220
219
211
223
223
228
221
217
223
217
204
221
200
211
199
194
187
182
168
174
180
172
166
166
165
163
165
160
155
162
170
168
182
164
178
176
199
186
196
187
196
199
200
190
205
204
211
226
201
184
179
172
173
179
166
183
173
172
177
162
174
177
202
192
172
179
172
187
193
206
216
203
206
212
210
211
207
217
225
215
241
226
216
239
204
211
193
227
204
212
204
219
224
209
210
200
201
193
198
213
210
220
213
233
239
231
222
230
239
251
239
256
257
281
249
279
241
227
230
218
256
213
251
220
238
241
257
262
242
254
226
227
226
215
207
209
196
190
187
191
188
200
215
216
221
188
165
154
160
143
135
130
148
138
126
132
129
132
124
125
118
127
130
136
140
135
134
140
143
143
140
140
141
145
142
160
163
175
167
187
189
218
180
179
182
160
162
163
161
179
164
164
165
158
174
176
169
195
179
199
184
176
167
171
176
170
162
172
174
162
151
166
146
164
164
169
175
194
183
179
171
172
167
166
166
152
158
142
149
136
135
129
144
122
132
110
110
111
114
107
103
109
109
104
114
100
99
98
97
97
94
98
100
103
96
94
96
101
110
107
118
110
125
119
139
135
140
145
144
128
123
129
131
125
113
125
114
120
120
108
117
111
119
107
108
108
115
103
107
104
111
103
102
93
98
100
98
104
97
103
104
105
109
98
101
91
92
90
94
98
96
100
95
104
91
91
91
94
98
108
102
113
95
96
94
91
99
95
98
96
93
96
94
99
95
104
94
100
101
99
105
101
96
97
97
96
96
94
95
93
95
100
103
109
108
119
106
109
111
124
124
127
133
134
134
140
126
131
127
127
136
125
128
125
128
121
119
126
127
122
123
125
118
114
113
110
116
122
113
98
97
90
97
92
100
96
93
96
97
95
100
98
104
98
99
98
99
98
102
99
100
100
100
103
110
105
109
111
114
116
110
119
121
122
127
125
121
128
118
128
112
109
108
107
104
110
107
111
107
119
111
122
117
123
113
123
113
115
109
105
109
103
106
103
104
110
105
109
108
117
108
118
116
129
121
138
124
135
126
126
132
129
126
124
137
125
135
115
127
128
123
133
115
125
117
118
112
112
115
122
123
127
127
124
122
114
113
113
114
120
116
123
122
117
133
127
141
127
116
116
131
110
117
109
105
110
110
117
111
128
118
139
129
156
132
142
129
147
121
126
124
131
129
130
136
116
116
116
128
130
142
128
142
136
137
131
124
126
115
120
129
126
130
145
130
129
133
129
132
121
125
126
132
146
126
129
135
134
122
136
127
121
121
127
121
118
128
119
128
117
117
100
107
102
100
99
92
96
97
100
108
99
111
107
117
124
136
128
137
134
136
124
121
123
131
123
130
122
136
130
145
136
127
123
129
128
137
136
142
126
127
134
120
130
130
129
121
108
106
109
95
104
100
115
117
133
128
129
134
155
140
155
132
155
144
160
150
142
144
142
127
126
130
133
130
140
147
142
159
138
133
123
123
130
109
98
94
99
104
104
118
100
119
120
131
126
128
124
120
115
139
115
134
123
120
114
119
122
105
111
101
105
99
107
109
104
103
109
96
86
83
89
81
91
82
88
80
87
82
84
88
88
88
80
88
69
67
62
63
63
69
66
67
72
73
84
76
90
87
103
96
108
103
121
106
118
115
103
100
88
84
86
85
88
83
78
71
71
67
66
70
69
74
70
80
74
75
83
74
70
84
68
68
66
69
70
66
76
62
61
60
57
60
65
61
72
64
77
73
89
79
90
93
106
72
84
76
79
80
86
80
88
84
93
81
78
82
84
82
89
83
88
86
92
82
90
87
90
95
86
89
87
92
88
89
91
92
84
85
84
86
81
79
78
82
79
79
74
79
81
72
65
61
59
59
59
59
59
