721
849
720
732
667
627
602
611
609
558
526
511
504
490
490
483
455
472
451
453
455
419
430
447
413
409
387
393
390
369
385
391
365
389
396
429
403
407
390
378
403
381
350
354
353
318
318
296
293
276
258
258
278
285
290
281
260
225
206
204
230
224
224
224
246
238
269
248
279
247
261
268
299
311
304
339
320
346
339
354
339
326
312
313
302
338
291
311
303
309
298
271
317
278
307
274
271
278
280
286
257
257
262
267
268
236
248
228
230
244
251
252
271
249
270
255
287
275
246
266
274
272
286
269
282
283
284
302
285
265
252
250
220
232
207
196
197
177
183
183
177
188
192
192
206
230
219
236
244
244
254
274
269
260
266
259
262
248
253
233
252
247
264
257
275
263
259
268
245
229
229
251
235
255
243
265
256
269
269
260
253
244
261
246
270
249
255
270
258
234
244
236
239
231
216
220
197
206
196
197
204
223
217
199
201
201
214
216
213
221
231
215
192
196
189
183
178
175
171
174
185
178
177
182
191
186
210
195
174
169
169
142
129
142
127
136
143
155
150
162
161
145
144
141
140
148
138
135
138
148
124
131
116
113
120
119
136
130
134
144
135
139
133
137
123
123
121
134
125
126
127
147
141
170
145
170
158
166
165
177
181
176
171
179
173
186
181
182
165
180
172
164
160
137
140
135
139
136
138
129
125
117
121
126
114
104
107
101
106
102
104
113
111
126
122
118
125
128
135
151
140
154
150
158
150
155
149
164
143
144
161
158
172
168
186
156
176
163
173
175
172
165
172
157
165
161
170
169
188
181
186
172
169
168
175
185
204
193
195
166
183
180
202
178
177
181
183
208
185
213
201
216
201
217
214
204
212
206
192
186
186
206
221
211
235
227
240
222
229
222
231
217
231
218
214
214
212
205
196
217
208
233
239
254
253
278
290
305
287
284
278
287
270
256
259
281
289
279
294
300
311
318
302
297
270
298
275
297
264
334
277
329
276
321
287
306
292
283
290
277
277
256
255
270
266
240
267
252
262
266
239
231
228
220
227
236
243
256
238
229
246
255
239
257
250
249
253
229
226
229
228
229
234
246
270
256
275
270
285
273
276
279
306
291
310
322
294
289
273
245
230
233
240
260
245
247
239
250
241
260
222
209
201
196
189
193
186
182
180
185
203
201
216
215
203
225
210
257
242
282
258
295
319
291
242
222
221
230
230
226
236
215
217
215
203
195
190
175
174
168
153
171
150
153
159
159
167
179
181
193
202
190
199
197
221
177
191
197
190
190
192
190
200
199
168
184
176
181
202
190
209
208
219
203
208
198
195
197
200
201
186
190
181
194
183
172
180
175
206
180
209
189
193
185
173
177
188
184
197
218
187
197
199
195
196
199
219
208
227
216
212
194
210
188
188
180
192
166
175
152
157
145
136
124
136
126
129
120
118
121
123
122
123
121
119
121
125
136
130
141
141
157
137
120
122
132
117
117
117
129
117
111
106
105
100
100
97
99
98
103
106
115
108
111
112
112
117
110
103
98
99
100
100
102
102
106
106
115
107
112
112
115
110
110
111
108
110
112
107
111
111
113
111
118
112
118
108
104
110
104
108
110
114
112
115
114
111
110
111
110
108
108
109
107
107
110
114
112
115
119
115
118
117
118
117
114
110
109
107
106
103
100
98
97
97
97
97
97
97
97
97
97
97
97
97
97
97
97
97
97
97
97
97
97
97
97
97
97
97
97
97
97
97
97
97
97
97
97
97
97
97
97
97
97
97
97
97
97
97
97
97
97
97
97
97
97
97
97
97
97
97
97
97
97
97
97
97
97
97
97
97
97
97
97
97
97
97
97
97
97
97
97
97
97
97
97
97
97
97
97
97
97
97
97
97
97
97
99
96
95
96
96
96
96
96
96
96
96
96
96
96
96
96
96
96
96
96
96
96
96
96
96
96
96
96
96
96
96
96
96
96
96
96
96
96
96
96
96
96
96
96
96
96
96
96
96
96
96
96
96
96
96
96
96
96
96
96
96
96
96
96
96
96
96
96
96
96
96
96
96
96
96
96
96
96
96
96
96
96
96
96
96
96
96
96
96
96
96
96
96
96
96
96
96
96
96
96
96
96
96
96
96
96
96
96
96
96
96
96
96
96
96
96
96
96
96
96
96
96
96
96
96
96
96
96
96
96
96
96
96
96
96
96
96
96
96
96
96
96
96
96
96
96
96
96
96
96
96
96
96
96
96
96
96
96
96
96
96
96
96
96
96
96
96
96
96
96
96
96
96
