12115
13868
11668
11393
10859
10535
9935
9637
9401
9201
8876
8711
8400
8014
7907
7672
7536
7341
7176
6955
6852
6624
6533
6465
6330
6344
6253
6209
6091
5839
5905
5624
5720
5515
5574
5369
5363
5193
5161
5178
5119
5186
5137
5070
5074
4949
4859
4841
4744
4725
4732
4643
4715
4693
4582
4498
4497
4431
4416
4378
4299
4337
4280
4296
4322
4283
4246
4181
4157
4075
4100
4109
3998
4066
4090
4047
4139
4059
3986
3971
3964
3854
3930
3878
3911
3817
3771
3812
3809
3830
3906
3822
3830
3866
3841
3839
3800
3897
3805
3797
3730
3732
3702
3690
3623
3636
3653
3643
3714
3663
3559
3589
3421
3457
3377
3471
3422
3371
3451
3348
3385
3382
3368
3395
3416
3471
3561
3565
3622
3533
3473
3450
3385
3437
3411
3411
3398
3485
3431
3405
3529
3435
3399
3360
3302
3389
3373
3324
3332
3287
3415
3388
3405
3382
3388
3466
3383
3458
3394
3340
3327
3257
3254
3242
3264
3285
3230
3235
3217
3167
3063
3055
3075
3016
2908
2971
2876
2915
2888
2934
2836
2948
2961
3041
3022
3131
3105
3082
3095
3023
3015
2974
3008
2964
3054
3065
3022
3027
3013
2984
3036
3014
3003
3069
3055
2955
2934
2915
2939
2951
2849
2917
2840
2879
2904
2859
2796
2803
2722
2771
2736
2709
2681
2723
2657
2738
2793
2766
2796
2807
2898
2797
2887
2795
2776
2763
2741
2726
2705
2646
2677
2627
2668
2603
2627
2694
2653
2660
2626
2648
2683
2638
2708
2743
2706
2794
2779
2796
2723
2762
2734
2687
2589
2677
2612
2617
2590
2644
2631
2569
2620
2607
2567
2555
2546
2539
2517
2532
2460
2501
2504
2580
2640
2651
2743
2768
2801
2783
2781
2793
2821
2752
2839
2783
2831
2835
2772
2717
2717
2722
2736
2729
2715
2721
2652
2658
2677
2662
2665
2733
2685
2730
2664
2641
2682
2613
2550
2613
2533
2501
2474
2461
2462
2527
2525
2627
2514
2571
2533
2630
2551
2598
2511
2557
2487
2451
2420
2385
2385
2374
2445
2376
2405
2368
2313
2278
2353
2352
2375
2349
2412
2400
2370
2339
2355
2331
2338
2387
2349
2326
2382
2345
2404
2342
2309
2264
2281
2255
2233
2240
2255
2224
2242
2211
2215
2213
2248
2167
2181
2156
2213
2072
2117
2110
2111
2124
2152
2148
2149
2130
2217
2187
2197
2113
2112
2074
2116
2069
2101
2048
2085
2063
2122
2167
2204
2169
2195
2181
2246
2250
2228
2222
2199
2185
2170
2176
2198
2234
2207
2262
2164
2227
2170
2218
2181
2205
2186
2265
2216
2242
2282
2242
2290
2296
2314
2241
2256
2230
2246
2276
2260
2242
2236
2258
2233
2226
2260
2242
2231
2193
2210
2200
2206
2225
2240
2207
2193
2229
2223
2145
2149
2136
2096
2122
2079
2125
2107
2091
2146
2185
2164
2169
2110
2095
2123
2090
2131
2123
2081
2124
2091
2092
2093
2074
2094
2080
2108
2074
2077
2069
2039
2018
2063
2001
2026
2024
2024
2009
2017
1974
1999
1975
2001
1962
2010
1978
2022
1985
1985
2019
1979
2020
2031
1982
2060
2072
2122
2068
2115
2059
2063
2025
2065
2045
2070
2120
2154
2152
2175
2114
2128
2077
2131
2093
2078
2086
2070
2024
2064
2013
2006
2072
1988
2036
2045
2063
2049
2094
2062
2166
2091
2098
2085
2089
2056
2105
2074
2081
2076
2109
2133
2141
2136
2106
2130
2085
2120
2071
2112
2123
2105
2113
2150
2061
2084
2062
2106
2030
2053
2013
2003
1988
1998
1970
1990
1980
1973
2001
1972
1962
2001
2000
2018
2020
2050
2036
2031
2078
2073
2027
2009
2064
2059
2077
2059
2036
2083
2093
2091
2117
2114
2092
2101
2059
2094
2025
2067
2007
2039
2000
2043
2015
2051
2022
2033
2041
2071
2042
2065
2082
2054
2067
2060
2018
1991
1948
1951
1886
1924
1938
1974
1949
1974
1922
1960
1983
1993
1979
1999
2008
2007
2025
2053
2016
2038
2090
2029
2040
2081
2050
2081
2087
2094
2065
2048
1981
1991
1991
2006
1989
1988
2013
1998
2005
1967
1973
1950
1957
2005
2011
1997
2037
2048
1972
2052
1994
2041
1988
2021
2007
1991
1964
1963
2013
2003
2007
2013
2001
1958
1939
1945
1927
1922
1960
1975
1969
1901
1896
1858
1868
1883
1898
1891
1897
1952
1909
1941
1909
1870
1860
1839
1824
1823
1834
1819
1850
1790
1789
1786
1811
1827
1847
1871
1869
1835
1862
1907
1875
1878
1848
1856
1840
1825
1828
1802
1834
1828
1839
1846
1853
1898
1901
1900
1907
1932
1942
1892
1943
1896
1901
1893
1919
1902
1890
1904
1863
1900
1858
1865
1870
1893
1862
1931
1848
1918
1885
1894
1851
1930
1874
1858
1864
1893
1927
1942
1885
1914
1934
1994
2033
2025
2020
2027
2033
1982
2013
1997
2010
2019
2007
1943
1953
1926
1901
1930
1880
1890
1906
1872
1923
1864
1902
1873
1907
1921
1943
1958
1960
1965
1967
1911
1906
1899
1848
1925
1917
1919
1969
1915
1967
1908
1931
1941
1952
1903
1961
1894
1953
1908
1848
1810
1789
1804
1827
1769
1787
1800
1784
1799
1811
1823
1823
1857
1833
1807
1814
1749
1784
1781
1796
1803
1829
1797
1769
1755
1736
1752
1751
1734
1748
1725
1752
1719
1724
1720
1698
1735
1732
1775
1775
1821
1786
1859
1821
1767
1752
1777
1814
1791
1848
1854
1841
1831
1852
1830
1884
1872
1937
1929
1935
1934
1932
1908
1935
1928
1951
1963
1972
1963
1956
1988
1978
1990
1999
1998
1955
1971
1939
1935
1975
1940
1945
1914
1948
1934
1893
1909
1893
1905
1953
1903
1912
1915
1910
2004
1966
1977
1958
1984
2041
2039
2065
2041
2107
2065
2103
2089
2124
2099
2121
2057
2121
2062
1991
1985
1947
1940
1923
1928
1899
1904
1928
1954
1969
1974
1933
2016
1983
1983
1974
1950
1955
2006
1991
2005
2028
2051
2029
2020
1976
2016
1955
2011
1994
2019
2062
2032
2029
1978
1955
1998
2037
2045
2051
2016
2054
1991
2046
2019
1994
