12128
13646
11574
11385
10756
10494
9877
9572
9214
9127
8927
8697
8346
8146
7803
7684
7380
7242
6955
6917
6662
6551
6470
6511
6293
6185
6163
6112
6131
6014
6003
5861
5768
5791
5750
5652
5684
5680
5668
5544
5431
5370
5256
5133
5157
5073
4922
5011
4931
4833
4934
4914
4969
4943
4840
4803
4697
4736
4710
4580
4675
4543
4462
4403
4369
4375
4374
4414
4334
4314
4318
4208
4228
4162
4145
4101
4019
4088
4022
4016
3879
3882
3860
3837
3867
3879
3868
3946
3897
3934
3960
3901
3819
3824
3805
3732
3713
3689
3629
3629
3659
3762
3718
3867
3802
3823
3854
3806
3889
3705
3862
3743
3700
3677
3570
3532
3550
3601
3484
3514
3412
3355
3402
3452
3393
3427
3323
3364
3293
3231
3234
3180
3189
3186
3186
3166
3213
3182
3197
3120
3181
3082
3157
3157
3172
3058
3051
2960
3027
3024
3028
3013
3006
3064
3053
3024
3006
2987
2988
2969
3027
2994
3020
3040
3011
2979
2973
2909
2909
2862
2932
2891
2924
2939
2893
2908
2874
2878
2935
2845
2850
2777
2784
2792
2742
2731
2758
2679
2705
2624
2695
2686
2673
2642
2614
2635
2736
2668
2653
2707
2679
2638
2645
2550
2520
2516
2486
2505
2471
2497
2507
2513
2496
2478
2509
2432
2421
2447
2471
2409
2397
2409
2347
2430
2434
2399
2413
2363
2313
2334
2320
2335
2350
2387
2317
2360
2408
2355
2315
2315
2290
2243
2204
2235
2266
2267
2299
2298
2263
2295
2243
2276
2302
2308
2349
2392
2393
2368
2434
2444
2449
2442
2492
2546
2555
2574
2615
2660
2661
2667
2607
2619
2619
2542
2571
2582
2540
2575
2549
2566
2561
2577
2570
2586
2546
2531
2548
2521
2476
2453
2426
2456
2455
2456
2466
2419
2419
2409
2487
2419
2398
2416
2403
2348
2376
2365
2333
2384
2391
2422
2351
2321
2255
2272
2226
2197
2199
2221
2239
2206
2257
2280
2246
2351
2268
2351
2278
2336
2314
2293
2239
2237
2125
2187
2134
2145
2188
2229
2268
2315
2310
2334
2345
2451
2420
2348
2367
2373
2297
2268
2249
2315
2304
2258
2278
2229
2225
2157
2168
2214
2188
2171
2154
2168
2252
2255
2312
2295
2301
2316
2266
2309
2321
2331
2331
2310
2289
2279
2213
2234
2200
2206
2158
2169
2191
2122
2131
2119
2107
2128
2125
2104
2122
2153
2174
2165
2110
2131
2100
2130
2148
2138
2122
2168
2181
2194
2174
2171
2132
2155
2180
2115
2114
2134
2153
2117
2200
2194
2246
2237
2239
2267
2293
2323
2358
2361
2328
2250
2356
2287
2311
2319
2308
2335
2359
2302
2319
2322
2290
2199
2278
2234
2208
2201
2224
2249
2268
2291
2269
2264
2277
2292
2277
2217
2204
2106
2143
2093
2134
2075
2123
2044
2137
2090
2109
2052
2076
2034
2070
2088
2027
2026
2039
1991
1961
1987
2019
2021
2037
2048
2016
1998
2032
2051
2069
2087
2098
2095
2059
2088
2086
2089
2074
2078
2132
2070
2110
2153
2103
2193
2166
2135
2103
2165
2119
2132
2105
2170
2099
2106
2165
2138
2143
2133
2165
2124
2189
2197
2259
2211
2158
2180
2159
2090
2116
2105
2138
2148
2162
2137
2207
2122
2179
2104
2125
2040
2055
2090
2106
2071
2098
2071
2043
2065
2042
2053
1996
1990
2011
2002
2090
2068
2019
1974
1927
1968
1956
1981
2024
1997
2098
2022
2058
1967
1996
2000
1997
2022
2008
1971
1899
1909
1888
1957
1956
1980
1896
1879
1887
1876
1847
1855
1814
1831
1852
1806
1847
1797
1781
1784
1767
1725
1700
1707
1715
1682
1682
1648
1611
1617
1616
1633
1638
1674
1639
1666
1645
1615
1601
1611
1630
1671
1734
1663
1724
1740
1787
1740
1748
1741
1763
1737
1763
1779
1760
1800
1737
1758
1746
1766
1806
1827
1828
1837
1827
1784
1815
1859
1822
1875
1844
1892
1886
1900
1834
1835
1835
1802
1830
1831
1904
1839
1801
1842
1890
1924
1940
1944
1836
1864
1868
1831
1805
1807
1803
1803
1798
1844
1827
1884
1848
1844
1848
1868
1842
1850
1845
1867
1814
1817
1821
1835
1866
1807
1841
1741
1800
1816
1823
1789
1868
1800
1788
1783
1792
1798
1819
1808
1771
1766
1748
1763
1757
1753
1795
1801
1786
1799
1786
1770
1809
1810
1787
1772
1818
1804
1800
1774
1784
1783
1767
1764
1763
1750
1753
1776
1760
1747
1750
1749
1711
1712
1652
1649
1654
1647
1667
1704
1680
1709
1697
1682
1670
1637
1636
1627
1623
1609
1586
1608
1666
1677
1698
1731
1684
1714
1712
1750
1719
1719
1731
1731
1773
1783
1720
1751
1770
1767
1734
1733
1719
1662
1688
1715
1720
1712
1699
1721
1664
1692
1637
1688
1649
1651
1670
1680
1661
1675
1738
1721
1673
1696
1679
1702
1644
1721
1703
1692
1718
1758
1744
1719
1688
1708
1671
1650
1632
1669
1655
1651
1659
1640
1618
1614
1624
1630
1671
1672
1636
1693
1670
1723
1667
1664
1662
1646
1678
1682
1659
1691
1639
1640
1598
1605
1573
1577
1540
1567
1549
1572
1590
1603
1625
1628
1701
1656
1652
1626
1621
1643
1663
1646
1618
1645
1677
1610
1633
1606
1635
1620
1655
1639
1605
1650
1642
1636
1674
1629
1676
1648
1702
1669
1706
1700
1656
1652
1637
1644
1659
1679
1696
1755
1724
1797
1713
1779
1813
1787
1799
1776
1793
1797
1815
1816
1797
1798
1835
1777
1781
1815
1779
1764
1776
1754
1769
1757
1797
1777
1771
1785
1761
1770
1750
1770
1776
1811
1715
1777
1740
1722
1703
1715
1698
1690
1706
1743
1678
1700
1731
1707
1783
1767
1778
1798
1783
1797
1773
1781
1838
1834
1850
1802
1838
1804
1804
1766
1786
1718
1695
1689
1692
1682
1688
1724
1685
1710
1666
1709
1653
1684
1656
1703
1642
1707
1669
1744
1670
1669
1648
1694
1654
1670
1680
1666
1662
1647
1684
1703
1728
1678
1705
1702
1715
1720
1744
1678
1665
1714
1727
1680
1671
1682
1698
1678
1653
1608
1608
1625
1615
1634
