12018
13764
11710
11371
10845
10511
10211
9927
9609
9403
9144
8799
8654
8469
8379
8097
7984
7624
7451
7285
6956
6874
6757
6817
6585
6559
6458
6259
6126
5987
6027
5825
5805
5725
5634
5492
5516
5322
5364
5229
5251
5161
5087
4971
4784
4721
4709
4725
4656
4651
4461
4486
4523
4649
4553
4564
4665
4639
4448
4367
4290
4255
4312
4351
4286
4261
4231
4266
4271
4192
4161
4037
4088
3992
4067
4032
4175
4082
4084
3996
4058
3974
3941
3912
3832
3800
3703
3767
3693
3683
3567
3523
3543
3567
3559
3488
3544
3460
3517
3409
3574
3468
3515
3464
3470
3419
3395
3420
3384
3396
3375
3322
3322
3277
3213
3170
3192
3223
3191
3111
3073
3074
3057
3148
3141
3184
3204
3136
3131
3096
3168
3168
3268
3188
3304
3135
3218
3137
3080
3060
3109
3070
3075
3111
3069
3080
3230
3193
3303
3297
3351
3354
3377
3363
3389
3306
3314
3337
3378
3334
3442
3375
3503
3319
3429
3265
3303
3316
3378
3271
3247
3225
3238
3237
3227
3193
3207
3266
3246
3343
3379
3462
3394
3425
3373
3409
3359
3334
3334
3283
3352
3327
3317
3363
3332
3277
3264
3270
3342
3324
3344
3284
3300
3280
3342
3347
3395
3424
3549
3373
3387
3291
3401
3347
3364
3281
3280
3309
3267
3280
3236
3252
3275
3186
3212
3099
3060
2974
2994
2957
3038
2993
2967
2961
2963
2999
2917
2971
2950
2946
2954
2941
2932
2924
2925
2985
3001
2983
3033
3042
3046
2971
3019
2955
3021
3018
3035
2980
2938
2987
2964
2898
2922
2848
2903
2938
2962
2991
2972
3032
2930
2956
2992
2972
2948
3029
3063
3004
3085
2920
2968
2945
3038
3061
3079
3094
3080
3072
2999
3057
2902
2960
2867
2886
2935
2972
2939
2979
3008
2987
2977
2893
2974
2958
2915
2907
2994
2978
2900
2888
2764
2785
2689
2730
2637
2728
2691
2763
2755
2848
2795
2697
2716
2634
2618
2678
2639
2609
2604
2558
2630
2560
2646
2558
2621
2609
2625
2656
2688
2669
2616
2693
2668
2637
2591
2639
2579
2693
2617
2637
2618
2667
2591
2580
2545
2600
2547
2533
2459
2518
2514
2531
2547
2521
2475
2481
2524
2555
2543
2592
2635
2591
2606
2697
2642
2724
2643
2617
2641
2609
2504
2534
2495
2542
2526
2501
2537
2517
2563
2541
2593
2583
2646
2658
2680
2705
2691
2547
2606
2558
2575
2629
2541
2511
2621
2526
2507
2539
2529
2523
2490
2464
2512
2513
2454
2470
2484
2497
2499
2542
2438
2474
2478
2453
2431
2398
2432
2412
2379
2358
2407
2354
2451
2414
2355
2360
2433
2363
2361
2356
2335
2312
2347
2297
2368
2346
2374
2363
2387
2367
2405
2404
2432
2435
2416
2386
2360
2395
2345
2329
2223
2245
2265
2256
2279
2251
2225
2172
2154
2228
2197
2323
2242
2235
2275
2285
2284
2225
2234
2225
2279
2284
2257
2301
2212
2210
2269
2215
2318
2209
2328
2326
2369
2331
2361
2255
2267
2250
2382
2307
2344
2286
2308
2262
2273
2301
2289
2263
2319
2338
2289
2339
2310
2331
2298
2276
2308
2290
2326
2297
2259
2293
2243
2286
2360
2333
2357
2310
2316
2328
2315
2368
2349
2388
2365
2322
2342
2298
2283
2237
2220
2174
2160
2184
2162
2215
2262
2284
2256
2274
2280
2311
2321
2286
2311
2276
2318
2287
2315
2313
2284
2308
2236
2216
2278
2280
2311
2333
2361
2422
2363
2392
2376
2380
2381
2317
2399
2265
2290
2249
2322
2251
2314
2325
2338
2337
2339
2325
2382
2285
2331
2292
2348
2334
2321
2272
2301
2318
2295
2314
2352
2348
2343
2312
2342
2307
2364
2347
2421
2339
2398
2332
2345
2317
2334
2304
2389
2337
2408
2427
2408
2469
2468
2499
2474
2467
2529
2443
2492
2483
2510
2495
2466
2432
2418
2425
2380
2470
2430
2428
2415
2377
2363
2311
2314
2316
2279
2276
2266
2246
2288
2296
2318
2288
2313
2292
2293
2309
2355
2319
2364
2339
2380
2350
2400
2404
2415
2318
2335
2306
2287
2328
2326
2319
2349
2336
2312
2335
2317
2302
2249
2296
2266
2314
2242
2278
2267
2216
2212
2196
2200
2180
2212
2211
2219
2242
2246
2249
2214
2252
2192
2194
2169
2154
2179
2177
2225
2199
2218
2245
2239
2277
2257
2279
2368
2321
2354
2306
2324
2293
2313
2321
2282
2274
2282
2277
2232
2256
2375
2325
2352
2335
2320
2259
2265
2342
2306
2371
2369
2360
2394
2428
2345
2297
2316
2349
2357
2327
2385
2346
2396
2397
2386
2408
2396
2409
2416
2455
2476
2461
2489
2455
2367
2420
2361
2433
2426
2452
2365
2416
2410
2420
2468
2413
2459
2450
2413
2403
2406
2367
2384
2405
2358
2364
2379
2478
2409
2409
2380
2477
2361
2381
2371
2357
2336
2372
2322
2334
2370
2377
2341
2320
2303
2377
2301
2374
2308
2354
2284
2301
2247
2272
2205
2255
2247
2282
2307
2273
2286
2269
2344
2371
2416
2295
2273
2258
2208
2158
2162
2116
2127
2127
2111
2099
2120
2125
2146
2168
2201
2167
2193
2198
2185
2135
2170
2163
2163
2183
2200
2175
2217
2211
2330
2321
2361
2320
2288
2274
2203
2252
2219
2256
2230
2281
2253
2209
2245
2238
2258
2268
2295
2225
2278
2273
2278
2265
2235
2250
2269
2269
2246
2216
2219
2236
2255
2248
2230
2270
2248
2222
2187
2193
2197
2153
2194
2162
2208
2147
2257
2167
2247
2247
2267
2254
2318
2339
2399
2386
2463
2423
2418
2383
2352
2335
2253
2302
2238
2245
2189
2153
2135
2106
2091
2096
2079
2094
2097
2146
2175
2171
2186
2216
2209
2215
2204
2179
2174
2147
2178
2172
2146
2149
2149
2203
2182
2215
2187
2225
2212
2262
2269
2257
2210
2245
2249
2216
2230
2201
2214
2213
2219
2214
2315
2343
2323
2351
2332
2257
2339
2255
2280
2285
2291
2316
2354
2318
2332
2319
2271
2243
2190
2157
2132
2139
2129
2174
2160
2167
2153
2153
2163
2150
2167
2194
2174
2176
2113
2108
2070
2133
