12022
13725
11486
11437
10685
10201
9836
9619
9057
8847
8559
8281
7872
7735
7344
7301
7201
7016
7020
6686
6675
6582
6562
6297
6441
6329
6162
6097
6068
6015
5935
5821
5640
5565
5455
5285
5352
5340
5309
5125
5116
5151
5173
4997
5025
4888
4960
4949
4874
4894
4784
4800
4717
4664
4547
4551
4416
4351
4362
4319
4390
4386
4355
4313
4321
4314
4359
4263
4198
4275
4298
4250
4223
4222
4148
4215
4081
4129
4200
4160
4073
3978
3934
3998
3947
3977
4007
3965
3915
3926
4056
4041
4148
4137
4028
3947
3938
3871
3968
3990
4072
3994
3984
3902
3882
3827
3828
3814
3694
3770
3802
3797
3792
3849
3812
3877
3890
3886
3913
3822
3800
3823
3832
3853
3831
3809
3801
3698
3693
3598
3623
3551
3487
3513
3544
3481
3481
3342
3324
3227
3269
3239
3321
3259
3295
3316
3304
3216
3225
3224
3243
3123
3167
3185
3230
3299
3350
3279
3368
3303
3318
3206
3247
3230
3260
3245
3213
3181
3134
3130
3135
3182
3277
3232
3267
3189
3180
3134
3254
3165
3235
3177
3293
3177
3194
3244
3186
3157
3118
3152
3125
3098
3173
3143
3183
3163
3140
3093
3012
2998
2951
2936
2906
2935
2958
2931
2895
2898
2970
2942
2965
2926
2923
2943
2902
2792
2809
2761
2730
2780
2760
2756
2742
2749
2688
2668
2724
2648
2660
2643
2660
2704
2743
2714
2816
2814
2845
2842
2790
2832
2817
2816
2823
2864
2849
2777
2854
2815
2805
2789
2840
2850
2874
2851
2914
2868
2931
2958
2989
2951
2941
2945
2926
2933
2999
2925
2958
2955
2886
2942
2967
2973
2979
2847
2840
2750
2760
2777
2759
2762
2748
2785
2779
2761
2777
2818
2783
2827
2851
2916
2906
2943
2928
2904
2874
2799
2785
2834
2840
2841
2860
2840
2819
2811
2758
2709
2675
2691
2679
2716
2741
2818
2841
2844
2847
2824
2775
2850
2795
2768
2727
2757
2777
2741
2766
2775
2768
2732
2785
2750
2803
2803
2794
2783
2832
2770
2842
2789
2807
2831
2773
2774
2753
2747
2753
2813
2782
2829
2788
2848
2825
2782
2810
2796
2795
2791
2779
2755
2761
2767
2775
2783
2761
2847
2792
2766
2750
2812
2753
2706
2691
2729
2632
2715
2650
2776
2789
2800
2761
2755
2739
2757
2709
2679
2657
2621
2620
2601
2515
2492
2494
2500
2481
2454
2485
2511
2527
2536
2506
2430
2475
2379
2416
2401
2445
2430
2397
2343
2365
2408
2430
2411
2389
2455
2432
2491
2485
2472
2472
2489
2433
2450
2437
2450
2479
2514
2425
2408
2446
2418
2463
2430
2471
2475
2471
2461
2506
2438
2472
2469
2560
2546
2493
2542
2558
2591
2549
2534
2508
2472
2477
2428
2357
2361
2372
2383
2389
2415
2431
2488
2417
2479
2419
2420
2491
2432
2472
2482
2486
2530
2518
2574
2572
2683
2599
2546
2583
2547
2525
2591
2546
2544
2492
2543
2501
2575
2536
2522
2581
2514
2580
2625
2533
2618
2655
2677
2689
2615
2599
2626
2647
2638
2625
2652
2727
2718
2708
2743
2732
2758
2794
2732
2798
2806
2847
2793
2789
2759
2816
2804
2787
2721
2746
2655
2727
2705
2722
2674
2653
2641
2626
2587
2672
2619
2663
2639
2680
2596
2542
2483
2564
2554
2575
2576
2562
2572
2527
2520
2545
2535
2536
2599
2600
2597
2579
2593
2604
2571
2576
2566
2599
2649
2699
2609
2540
2575
2519
2543
2545
2597
2629
2613
2563
2559
2549
2514
2548
2549
2566
2579
2574
2490
2517
2507
2455
2487
2425
2456
2455
2470
2469
2426
2427
2395
2359
2361
2372
2370
2321
2282
2265
2270
2250
2308
2287
2330
2306
2394
2328
2327
2362
2387
2384
2377
2432
2460
2416
2403
2407
2424
2394
2409
2419
2429
2409
2389
2318
2354
2310
2304
2312
2339
2253
2258
2247
2255
2239
2247
2249
2251
2208
2255
2247
2265
2311
2281
2298
2255
2260
2248
2306
2282
2275
2265
2152
2233
2198
2228
2134
2135
2136
2126
2125
2168
2214
2203
2213
2196
2251
2226
2207
2246
2165
2180
2135
2169
2160
2167
2146
2150
2094
2108
2120
2138
2092
2106
2079
2078
2067
2062
2071
2059
2053
2040
2068
2054
2068
2088
2110
2096
2140
2096
2151
2192
2164
2147
2236
2216
2211
2216
2251
2223
2339
2269
2298
2312
2332
2294
2347
2322
2287
2301
2299
2233
2249
2256
2206
2242
2277
2233
2238
2172
2231
2214
2204
2183
2122
2157
2114
2144
2103
2123
2142
2110
2157
2146
2081
2143
2159
2136
2113
2102
2103
2065
2086
2070
2045
2034
2034
2044
2046
2054
2062
2014
2062
2051
2084
2074
2143
2128
2113
2157
2180
2190
2094
2143
2152
2178
2197
2123
2153
2166
2150
2138
2185
2175
2233
2190
2226
2237
2223
2234
2202
2201
2110
2058
2081
2035
2050
2059
2046
2054
2069
2094
2076
2043
2116
2064
2103
2104
2115
2086
2082
2119
2126
2119
2153
2147
2129
2055
2074
2075
2069
2059
2103
2047
2103
2055
2043
2067
2069
2055
2071
2044
2008
1949
1932
1938
1882
1920
1886
1903
1817
1818
1843
1847
1862
1828
1803
1781
1738
1761
1732
1733
1732
1726
1758
1755
1766
1748
1781
1810
1787
1823
1828
1839
1792
1845
1775
1813
1827
1853
1793
1796
1798
1844
1846
1842
1866
1824
1852
1873
1869
1874
1876
1868
1880
1884
1849
1877
1864
1851
1864
1866
1917
1907
1850
1859
1862
1822
1783
1792
1807
1766
1802
1820
1837
1840
1794
1794
1792
1776
1803
1744
1786
1763
1786
1783
1762
1794
1793
1825
1830
1837
1846
1877
1833
1890
1858
1903
1852
1854
1815
1823
1839
1844
1847
1866
1828
1856
1834
1833
1817
1797
1847
1808
1807
1788
1835
1793
1808
1814
1838
1779
1843
1752
1757
1705
1729
1733
1735
1683
1690
1663
1643
1646
1637
1619
1657
1611
1668
1589
1603
1594
1634
1600
1602
1596
1613
1607
1620
1600
1622
1573
1603
1550
1563
1544
1555
1585
1577
1570
1578
1545
1609
1535
1559
1516
1549
1552
