11983
13669
11564
11619
10821
10410
10089
9621
9470
9167
9044
8819
8443
8194
8008
7931
7734
7474
7325
7215
7075
6994
7057
6751
6708
6427
6379
6269
6285
6209
6159
6104
6089
5960
5810
5782
5558
5526
5518
5466
5438
5365
5108
5231
5029
5092
4996
5040
4873
4876
4894
4801
4861
4656
4680
4556
4467
4450
4620
4502
4548
4574
4568
4660
4616
4583
4542
4642
4589
4660
4596
4505
4431
4560
4462
4547
4484
4485
4496
4489
4481
4459
4454
4436
4389
4389
4293
4267
4321
4321
4286
4229
4271
4220
4266
4168
4184
4053
4044
4092
4060
4013
3933
3897
3893
3762
3670
3655
3697
3640
3577
3532
3575
3610
3648
3622
3642
3605
3582
3546
3512
3547
3560
3614
3659
3577
3568
3516
3515
3509
3562
3604
3615
3569
3551
3559
3510
3507
3498
3474
3508
3444
3552
3537
3595
3608
3614
3663
3559
3539
3540
3595
3483
3509
3531
3481
3460
3397
3457
3444
3536
3458
3553
3557
3609
3590
3629
3625
3583
3574
3585
3469
3445
3287
3365
3311
3396
3421
3400
3365
3365
3355
3306
3369
3284
3304
3297
3335
3317
3360
3362
3397
3399
3454
3437
3284
3409
3297
3375
3312
3311
3302
3199
3207
3266
3219
3243
3268
3254
3291
3282
3230
3237
3150
3125
3116
3144
3186
3183
3096
3189
3153
3070
3029
3005
3083
2978
2959
2986
2992
3048
3098
3096
3018
3070
3015
2955
3036
2995
2995
2974
2960
2890
2906
2847
2829
2790
2756
2853
2766
2817
2740
2787
2786
2857
2840
2866
2923
2943
2877
2911
2871
2919
2887
2872
2807
2818
2837
2797
2804
2832
2760
2772
2803
2872
2778
2864
2806
2792
2792
2769
2765
2739
2807
2724
2780
2701
2798
2766
2728
2745
2749
2816
2725
2771
2748
2766
2737
2661
2730
2749
2743
2781
2747
2736
2722
2705
2673
2656
2703
2632
2623
2559
2580
2484
2549
2486
2527
2490
2481
2486
2476
2464
2508
2486
2554
2536
2558
2590
2560
2553
2526
2600
2429
2390
2376
2373
2428
2469
2403
2395
2447
2405
2429
2438
2423
2449
2442
2417
2331
2351
2393
2425
2401
2389
2364
2436
2392
2400
2437
2434
2420
2396
2404
2385
2418
2401
2410
2425
2416
2412
2403
2386
2372
2324
2379
2315
2362
2360
2384
2322
2266
2283
2216
2253
2264
2222
2254
2308
2331
2326
2274
2237
2172
2147
2152
2051
2107
2050
2045
2028
2074
2070
2056
2044
2020
2050
2056
2120
2111
2113
2106
2143
2161
2183
2195
2171
2240
2180
2155
2155
2117
2175
2116
2219
2174
2234
2217
2187
2154
2110
2116
2086
2121
2139
2133
2145
2154
2100
2048
2084
2033
2046
2043
2076
2043
2069
2059
2042
2058
2064
2059
2089
2041
2072
2118
2144
2195
2129
2178
2205
2239
2246
2263
2321
2258
2334
2230
2233
2229
2257
2216
2223
2245
2216
2250
2247
2221
2226
2193
2174
2141
2131
2160
2124
2177
2124
2142
2107
2151
2123
2134
2109
2166
2154
2232
2141
2204
2148
2108
2144
2079
2147
2086
2115
2085
2096
2089
2081
2132
2138
2132
2195
2131
2148
2130
2103
2089
2103
2060
2030
2056
2073
2040
2143
2118
2113
2110
2108
2122
2110
2131
2047
2053
2070
2072
2065
2055
2132
2065
2137
2069
2067
2058
2040
2003
2054
2023
1953
1965
1959
1984
1980
2053
2028
2039
2004
1990
2002
1993
2021
1996
2013
2006
1939
1992
1976
2006
1936
1940
1895
1912
1951
1946
1967
1967
1951
1955
1966
1978
2060
2009
2087
2054
2076
2016
2054
2045
2031
2039
2049
1962
1954
1921
1898
1850
1863
1846
1857
1865
1857
1844
1874
1862
1878
1893
1880
1921
1947
1919
1934
1905
1933
1935
1987
1974
2023
2004
2013
2038
2054
2079
2056
2021
2030
2043
2029
2011
2038
2034
2040
2108
2061
2107
2089
2122
2154
2146
2126
2151
2084
2123
2114
2186
2169
2190
2173
2190
2098
2086
2105
2157
2168
2157
2150
2175
2161
2146
2104
2151
2113
2146
2091
2059
2013
2066
2034
2013
2026
1950
1980
1908
1927
1864
1934
1846
1830
1833
1752
1769
1784
1794
1771
1766
1772
1821
1815
1835
1850
1863
1859
1862
1843
1854
1805
1831
1807
1844
1839
1814
1792
1774
1736
1704
1714
1729
1718
1726
1699
1712
1683
1736
1754
1732
1746
1792
1756
1788
1772
1778
1769
1773
1781
1758
1747
1790
1803
1793
1795
1836
1815
1814
1857
1841
1814
1847
1861
1824
1830
1856
1847
1882
1872
1880
1776
1823
1763
1761
1787
1839
1789
1782
1776
1768
1765
1816
1832
1835
1829
1834
1906
1855
1915
1856
1915
1913
1912
1849
1846
1846
1842
1835
1823
1806
1856
1819
1813
1839
1872
1895
1885
1888
1846
1885
1853
1888
1802
1818
1776
1799
1718
1746
1737
1753
1737
1739
1793
1800
1754
1738
1730
1754
1723
1767
1772
1741
1763
1754
1768
1797
1775
1785
1802
1772
1777
1732
1754
1715
1764
1699
1686
1723
1707
1719
1703
1654
1626
1599
1651
1635
1658
1679
1726
1685
1718
1712
1718
1724
1758
1766
1808
1825
1820
1785
1787
1816
1809
1795
1789
1818
1802
1831
1809
1836
1795
1764
1779
1763
1720
1710
1719
1721
1690
1689
1667
1668
1641
1632
1611
1645
1634
1697
1687
1761
1687
1744
1706
1690
1723
1712
1726
1708
1755
1750
1782
1747
1709
1746
1755
1775
1749
1696
1733
1720
1715
1707
1709
1739
1735
1735
1713
1741
1668
1688
1675
1725
1676
1705
1702
1708
1688
1682
1680
1694
1676
1724
1726
1728
1723
1754
1691
1732
1683
1695
1703
1691
1734
1697
1723
1696
1682
1682
1663
1682
1707
1695
1687
1736
1698
1781
1709
1750
1743
1735
1702
1764
1702
1739
1680
1675
1677
1678
1683
1691
1716
1646
1651
1632
1650
1666
1672
1689
1686
1717
1710
1705
1700
1661
1711
1662
1680
1694
1703
1717
1692
1719
1651
1687
1675
1656
1559
1580
1508
1499
1500
1467
1483
1477
1482
1521
1443
1475
1440
1467
1460
1452
1459
1431
1447
1417
