12080
13728
11646
11613
10889
10498
10080
9706
9375
9120
8951
8591
8507
8347
7983
7765
7526
7338
7228
7176
6982
6832
6658
6590
6501
6404
6328
6269
6199
6158
5970
5894
5698
5590
5445
5347
5417
5412
5372
5353
5273
5227
5111
4954
5001
4947
4802
4815
4794
4784
4806
4683
4681
4656
4710
4649
4549
4523
4531
4571
4554
4530
4548
4513
4372
4411
4412
4373
4352
4331
4387
4310
4256
4347
4238
4344
4137
4053
4085
4053
4033
4029
4012
3965
3928
3949
3878
3838
3811
3771
3818
3685
3673
3640
3628
3637
3594
3642
3629
3749
3665
3735
3704
3749
3711
3768
3748
3702
3752
3730
3724
3651
3648
3654
3736
3576
3553
3504
3470
3471
3470
3456
3396
3400
3358
3385
3401
3407
3457
3346
3448
3327
3459
3398
3449
3473
3401
3474
3387
3427
3354
3506
3380
3518
3510
3504
3540
3440
3528
3420
3445
3346
3358
3257
3275
3212
3232
3131
3188
3121
3083
3031
3153
3095
3125
3080
3184
3059
3030
2973
2947
2921
2991
2965
2968
3006
2952
2913
2927
2913
2940
2944
2965
2916
2870
2867
2826
2834
2834
2841
2792
2834
2782
2771
2840
2770
2758
2725
2739
2761
2804
2771
2728
2728
2630
2682
2650
2730
2672
2686
2706
2681
2725
2699
2695
2637
2624
2504
2547
2465
2449
2500
2530
2469
2463
2473
2540
2519
2463
2515
2519
2542
2647
2607
2597
2609
2686
2643
2604
2550
2551
2534
2543
2510
2515
2465
2427
2416
2447
2401
2388
2385
2390
2419
2357
2396
2359
2429
2384
2381
2379
2360
2414
2455
2437
2377
2464
2445
2459
2429
2429
2400
2415
2387
2440
2404
2401
2350
2319
2305
2337
2277
2262
2214
2186
2232
2198
2227
2221
2198
2197
2240
2274
2292
2216
2211
2251
2227
2247
2253
2216
2257
2257
2221
2196
2207
2160
2228
2250
2220
2224
2178
2145
2139
2099
2089
2084
2076
2039
2078
2099
2155
2152
2172
2181
2142
2160
2174
2182
2142
2155
2189
2192
2217
2216
2163
2194
2176
2175
2094
2139
2076
2071
2097
2052
2064
1997
1999
1952
1959
1967
1957
1889
1923
1902
1970
1955
1979
1947
1972
1986
2040
2058
1997
2029
2032
2067
2117
2107
2138
2123
2145
2094
2111
2114
2150
2179
2175
2159
2140
2134
2131
2127
2092
2087
2084
2062
2087
2044
2025
1995
2018
2061
2088
2055
2135
2135
2196
2159
2179
2139
2180
2136
2108
2078
2061
2082
2078
2034
2044
2054
2004
2067
2018
2045
2045
2053
2072
2072
2105
2102
2139
2139
2122
2117
2116
2101
2135
2142
2137
2157
2164
2242
2247
2220
2236
2209
2208
2142
2203
2228
2229
2226
2173
2192
2183
2203
2195
2230
2239
2248
2257
2259
2306
2310
2270
2252
2236
2205
2279
2274
2246
2197
2175
2208
2138
2203
2146
2162
2121
2117
2082
2078
2080
2068
2115
2051
2065
2052
2083
2130
2110
2110
2057
2029
2015
1997
1963
1976
2020
2022
2126
2042
2055
2054
2093
2011
2018
2023
1979
1989
1928
1946
1948
1970
1885
1884
1898
1922
1955
1967
2026
1969
2009
1988
1988
1984
1946
1945
1943
1908
1900
1904
1899
1918
1925
1931
1934
1935
1972
1933
1999
2012
2023
1994
1973
1973
1954
1948
1954
1958
2026
1989
1984
1995
1966
1978
1957
2032
1894
1940
1854
1869
1845
1841
1838
1824
1848
1889
1844
1874
1808
1815
1804
1905
1849
1878
1839
1859
1867
1861
1845
1879
1944
1966
1952
1977
1986
2000
1994
2044
1991
1998
1941
1929
1902
1938
1900
1894
1832
1852
1817
1822
1781
1775
1801
1779
1790
1787
1788
1824
1826
1761
1778
1766
1750
1743
1698
1724
1667
1708
1694
1677
1706
1734
1720
1742
1758
1718
1714
1735
1696
1714
1723
1739
1688
1739
1714
1698
1699
1647
1641
1618
1649
1641
1625
1676
1647
1678
1691
1716
1725
1720
1750
1730
1707
1713
1742
1704
1695
1685
1707
1701
1692
1714
1728
1741
1722
1726
1780
1748
1762
1734
1770
1756
1748
1742
1785
1808
1781
1759
1785
1746
1727
1766
1778
1746
1725
1762
1686
1714
1650
1727
1677
1749
1711
1695
1725
1751
1736
1729
1749
1751
1708
1722
1702
1719
1727
1720
1726
1711
1793
1719
1701
1686
1690
1724
1720
1700
1709
1719
1678
1675
1649
1627
1645
1659
1663
1653
1625
1592
1603
1576
1613
1592
1616
1618
1618
1615
1614
1648
1608
1567
1573
1558
1587
1547
1598
1589
1575
1574
1597
1587
1656
1642
1691
1692
1705
1659
1664
1687
1695
1697
1691
1640
1660
1627
1641
1641
1655
1616
1639
1643
1659
1608
1607
1574
1565
1568
1563
1579
1548
1523
1532
1542
1544
1526
1524
1489
1504
1531
1532
1541
1558
1520
1523
1526
1539
1567
1541
1569
1549
1573
1562
1587
1569
1593
1570
1591
1559
1565
1553
1568
1572
1577
1572
1563
1544
1556
1522
1543
1528
1584
1541
1588
1560
1597
1591
1632
1573
1571
1583
1599
1637
1628
1657
1658
1653
1664
1618
1613
1639
1611
1651
1639
1594
1641
1621
1661
1613
1605
1616
1620
1639
1653
1649
1679
1668
1678
1639
1669
1659
1666
1648
1701
1652
1697
1659
1727
1702
1696
1720
1705
1717
1689
1673
1717
1704
1719
1709
1733
1687
1703
1667
1705
1690
1686
1638
1625
1633
1669
1629
1618
1634
1565
1649
1600
1632
1612
1582
1570
1562
1590
1549
1562
1536
1551
1543
1595
1565
1609
1608
1613
1598
1617
1641
1690
1659
1690
1654
1676
1707
1696
1685
1686
1661
1639
1659
1688
1694
1667
1625
1651
1661
1640
1625
1609
1599
1623
1622
1573
1584
1557
1576
1545
1619
1606
1647
1644
1618
1643
1602
1599
1568
1590
1504
1520
1479
1509
1499
1490
1517
1508
1505
1485
1486
1490
1463
1483
1518
1545
1521
1524
1528
1512
1539
1543
1591
1586
1628
1601
1619
1612
1575
1606
1588
1553
1515
1498
1510
1523
1545
1547
1571
1597
1583
1561
1551
1552
1582
1544
1556
1549
1567
1551
1529
1542
1558
1528
1558
