11963
13966
11532
11528
10839
10560
10244
9767
9410
9255
8993
8783
8667
8566
8371
8131
7713
7576
7386
7257
7192
7051
6838
6810
6647
6521
6499
6353
6330
6199
6096
6121
6039
5902
5874
5793
5851
5989
5687
5677
5570
5492
5376
5230
5175
5078
5137
5192
5215
5157
5098
5102
5089
5060
5092
5089
5077
4919
4902
4764
4829
4604
4688
4575
4511
4506
4534
4514
4461
4364
4397
4277
4259
4280
4398
4284
4326
4245
4237
4157
4328
4175
4214
4120
4177
4181
4236
4246
4177
4221
4158
4238
4159
4132
4094
3956
3917
3857
3797
3745
3707
3757
3815
3843
3839
3870
3839
3751
3838
3825
3845
3760
3907
3797
3763
3718
3693
3698
3717
3694
3580
3602
3533
3573
3444
3540
3504
3569
3533
3553
3597
3614
3670
3574
3578
3589
3567
3504
3551
3470
3514
3549
3596
3480
3418
3417
3433
3352
3344
3405
3347
3390
3377
3361
3394
3351
3374
3338
3349
3370
3430
3359
3368
3346
3327
3283
3203
3251
3219
3264
3202
3215
3220
3231
3185
3137
3183
3138
3222
3194
3302
3290
3321
3279
3211
3179
3209
3149
3125
3072
3063
3031
3075
3067
2984
3029
3005
3048
3033
3071
3075
3082
3030
3055
3023
3021
3021
2963
2969
3012
3082
3107
3055
3039
3010
3079
3043
3030
3061
3073
2984
3013
2968
2956
2959
2918
2943
2877
2920
2843
2913
2890
2890
2933
2938
2890
2904
2874
2905
2921
2950
2943
2951
3004
3033
3028
3065
3138
2976
2972
2976
2918
3016
2914
2988
2901
3023
2924
2936
2928
2928
3009
3050
3043
3084
2961
2985
2950
3005
3034
3052
3041
3040
3106
3043
3047
3116
3064
3043
3046
3019
3008
3023
2959
2908
2961
2882
2926
2936
2934
2948
2913
2909
2925
2868
2853
2770
2738
2728
2715
2750
2634
2652
2710
2631
2758
2725
2734
2674
2704
2714
2785
2739
2707
2712
2772
2826
2836
2931
2861
2766
2803
2772
2784
2769
2766
2729
2730
2769
2760
2705
2717
2644
2585
2566
2561
2588
2569
2575
2564
2481
2466
2439
2433
2389
2373
2351
2325
2319
2365
2300
2369
2360
2407
2391
2338
2372
2351
2322
2385
2403
2407
2413
2384
2414
2368
2391
2366
2390
2351
2340
2394
2364
2453
2371
2426
2420
2464
2432
2469
2473
2483
2439
2426
2390
2461
2436
2521
2492
2552
2446
2470
2464
2486
2584
2527
2607
2572
2614
2577
2584
2553
2547
2627
2581
2574
2592
2612
2573
2578
2551
2555
2552
2570
2569
2511
2575
2519
2518
2493
2545
2550
2537
2531
2550
2584
2602
2538
2620
2614
2647
2655
2676
2681
2629
2631
2566
2638
2653
2583
2609
2555
2589
2549
2527
2507
2545
2504
2538
2520
2548
2557
2528
2493
2564
2596
2553
2556
2560
2566
2573
2591
2651
2610
2614
2531
2563
2499
2549
2528
2576
2539
2524
2573
2531
2563
2591
2462
2491
2449
2442
2406
2434
2425
2385
2370
2400
2458
2475
2471
2438
2405
2404
2357
2418
2407
2427
2496
2428
2465
2327
2350
2372
2415
2383
2434
2405
2429
2398
2417
2447
2437
2479
2499
2472
2483
2430
2493
2485
2495
2527
2495
2526
2566
2595
2576
2628
2571
2643
2589
2636
2549
2612
2564
2555
2516
2509
2536
2508
2556
2502
2522
2509
2513
2545
2463
2488
2512
2494
2454
2497
2460
2412
2451
2399
2396
2376
2398
2401
2428
2463
2393
2346
2314
2288
2310
2321
2340
2361
2396
2310
2313
2297
2286
2342
2308
2313
2294
2316
2291
2294
2268
2298
2238
2241
2159
2231
2222
2210
2205
2205
2163
2183
2201
2238
2278
2244
2242
2272
2251
2323
2264
2220
2268
2251
2289
2269
2288
2269
2288
2301
2271
2215
2211
2185
2252
2251
2263
2259
2239
2255
2232
2197
2174
2171
2184
2249
2171
2213
2214
2255
2214
2244
2168
2169
2160
2114
2087
2076
2040
2057
2017
2100
2039
2105
2097
2103
2120
2061
2079
2127
2110
2083
2137
2113
2106
2094
2061
2112
2122
2098
2015
2013
2021
2061
2052
2067
2074
2169
2056
2105
2051
2094
2075
2007
2039
2012
2057
2013
2102
2069
2035
2044
2082
2082
2070
2099
2051
2053
2018
1990
2045
2029
2031
1999
1992
1960
2026
2046
2053
2010
2050
2043
2070
2021
2057
2025
1995
2052
1982
2019
2008
1990
1994
2031
1992
1982
1979
1992
2012
1998
2003
1991
1976
1945
1979
2002
2017
2042
2015
2031
2021
1973
1988
1985
2004
1995
2012
2056
1968
2007
1997
2032
1969
1963
1995
2014
2021
2027
2017
2006
2022
1982
2010
1971
2017
1919
1949
1870
1914
1897
1962
1934
1979
1940
1963
1965
2022
2006
2027
2054
2058
2082
2055
2054
2047
2016
2089
2009
2052
2034
2047
2018
2004
1985
1995
1933
1970
1989
1953
1932
1944
1944
1924
1944
1914
1945
1929
1927
2001
1998
1996
1929
1946
1962
2012
1994
1994
1991
2047
2047
2026
2012
1984
2007
2003
1977
2040
2035
2090
2123
2118
2122
2126
2132
2149
2177
2158
2136
2149
2107
2146
2128
2126
2131
2144
2132
2163
2131
2156
2146
2154
2177
2174
2217
2230
2204
2234
2205
2206
2221
2242
2168
2161
2172
2110
2126
2077
2075
2037
2001
1968
2000
1952
1924
1972
1953
1936
1960
1929
1963
1949
2036
2017
2047
2013
1975
1942
1920
1910
1895
1881
1885
1900
1863
1924
1939
1950
1945
1977
1988
1940
1930
1920
1902
1899
1916
1907
1921
1920
1956
1933
1955
1968
1985
1969
1943
1951
1981
1962
1976
1989
2006
1997
2000
1932
1932
1901
1908
1896
1900
1893
1864
1868
1888
1886
1864
1869
1856
1860
1855
1860
1836
1849
1810
1858
1852
1883
1883
1903
1925
1933
1961
1959
2006
1982
1991
2033
2028
2025
2044
1996
2053
2059
2052
2071
2024
2017
1986
1957
1991
1976
1960
1947
1933
1931
1924
1921
1927
1953
1967
1983
1942
1971
1932
1937
1940
1948
1976
1960
1960
1986
2035
2092
2075
2069
2065
2023
2013
2016
2039
2086
2054
2110
2023
2007
1982
1980
1960
1974
