12030
13781
11491
11649
10722
10298
10052
9768
9360
9068
8784
8587
8327
8097
7893
7769
7536
7473
7530
7317
7133
6899
6758
6615
6481
6433
6389
6174
6313
6268
6167
6041
6134
6017
5870
5847
5742
5717
5596
5715
5479
5558
5373
5421
5266
5266
5105
5124
5078
5099
4916
5000
4915
4920
4902
4818
4833
4739
4812
4749
4588
4622
4444
4423
4335
4273
4269
4266
4138
4178
4063
4120
4074
4035
4059
4026
4083
4065
4109
4087
4053
4048
4111
4021
4107
4044
4120
4045
4036
3947
3936
3904
3930
3947
4010
3934
3944
3938
3957
4003
3960
3942
3918
3909
3863
3810
3963
3949
4034
4026
3903
3898
3940
3860
3754
3768
3784
3771
3764
3831
3795
3835
3859
3890
3804
3818
3815
3703
3589
3602
3606
3630
3696
3630
3562
3704
3652
3611
3567
3572
3586
3567
3615
3454
3398
3384
3404
3423
3436
3456
3483
3471
3503
3450
3456
3406
3404
3411
3440
3361
3307
3285
3211
3241
3237
3267
3337
3327
3349
3357
3357
3331
3284
3203
3166
3149
3165
3092
3124
3130
3215
3179
3238
3102
3151
3141
3097
3071
3114
3093
3077
3019
3036
3034
3033
3094
3094
3112
3203
3132
3136
3156
3136
3178
3143
3147
3076
3179
3177
3175
3146
3220
3117
3087
3093
3140
3130
3188
3129
3099
3076
3078
3023
3059
2972
2991
2927
2987
2926
2947
2959
2963
2992
2968
3004
3042
3038
3014
3024
2988
2990
2940
2994
2956
2917
2979
2901
2969
2907
2952
2899
2910
2865
2883
2910
2885
2900
2876
2871
2849
2798
2838
2842
2775
2754
2647
2725
2649
2650
2625
2619
2678
2698
2671
2684
2561
2585
2549
2635
2586
2643
2660
2675
2656
2668
2645
2672
2649
2696
2770
2708
2719
2649
2707
2602
2648
2627
2681
2635
2645
2629
2661
2622
2605
2605
2547
2556
2538
2504
2498
2465
2476
2412
2469
2416
2448
2382
2343
2412
2344
2391
2304
2330
2386
2291
2365
2247
2304
2227
2255
2183
2196
2163
2149
2174
2183
2130
2155
2137
2206
2183
2146
2162
2175
2183
2219
2122
2132
2194
2174
2159
2176
2137
2104
2081
2096
2128
2070
2114
2051
2096
2021
2023
2031
2049
2054
2118
2090
2148
2107
2094
2120
2135
2105
2083
2115
2077
2132
2110
2090
2132
2098
2141
2123
2126
2156
2172
2223
2173
2189
2175
2217
2183
2165
2086
2156
2109
2130
2163
2190
2108
2067
2071
2017
2092
2035
2004
2005
2081
2058
2069
2102
2088
2152
2135
2095
2077
1999
1983
1996
2009
1997
2042
2068
2098
2079
2090
2118
2120
2152
2072
2135
2111
2124
2115
2142
2091
2171
2122
2085
2064
2055
2095
2090
2141
2050
2067
2088
2070
2036
2037
2021
2027
2091
2027
2044
1987
2034
1996
2049
1946
2029
1968
2015
1964
2058
1998
1972
2017
1947
1971
2018
1972
1976
1970
1896
1961
1975
1948
1994
2033
1974
1994
1990
1955
2009
1961
2007
1966
2036
2054
2068
2050
2015
2032
2042
1986
1966
2043
1978
1983
2017
1957
1982
1969
1905
1906
1898
1940
1934
1979
1954
1963
1955
1929
1915
1899
1894
1888
1915
1862
1876
1861
1802
1826
1823
1817
1854
1876
1869
1892
1913
1858
1924
1895
1890
1869
1926
1885
1895
1897
1911
1863
1906
1798
1807
1804
1799
1797
1793
1779
1773
1768
1774
1750
1772
1713
1702
1700
1709
1662
1723
1691
1720
1766
1704
1721
1715
1706
1689
1724
1712
1747
1774
1768
1757
1783
1768
1769
1789
1767
1747
1755
1764
1761
1817
1748
1809
1790
1775
1734
1764
1707
1709
1712
1639
1684
1690
1725
1740
1786
1755
1809
1817
1848
1778
1802
1783
1773
1803
1793
1772
1785
1775
1751
1751
1749
1787
1803
1767
1813
1831
1827
1852
1868
1840
1892
1899
1876
1868
1877
1823
1825
1852
1777
1828
1802
1811
1826
1829
1829
1883
1812
1773
1816
1830
1775
1785
1830
1809
1819
1828
1796
1788
1807
1770
1748
1764
1742
1756
1787
1792
1785
1804
1818
1803
1800
1719
1780
1786
1770
1794
1798
1769
1789
1787
1767
1804
1816
1781
1764
1740
1677
1655
1654
1646
1596
1631
1608
1625
1644
1688
1671
1705
1683
1692
1729
1699
1710
1719
1716
1682
1707
1692
1696
1737
1726
1712
1737
1704
1706
1761
1680
1689
1671
1687
1662
1711
1671
1715
1724
1720
1704
1725
1699
1732
1735
1676
1701
1705
1689
1683
1719
1681
1708
1753
1730
1745
1762
1755
1747
1743
1701
1721
1713
1732
1722
1749
1749
1742
1761
1732
1758
1784
1773
1755
1779
1756
1782
1790
1744
1744
1773
1707
1722
1739
1708
1670
1694
1657
1675
1675
1675
1676
1719
1694
1688
1717
1695
1726
1723
1729
1707
1729
1699
1708
1741
1708
1734
1732
1744
1761
1822
1778
1807
1802
1727
1742
1772
1701
1690
1696
1665
1645
1646
1619
1637
1661
1660
1657
1663
1648
1679
1683
1691
1664
1726
1663
1689
1695
1694
1695
1763
1698
1738
1746
1771
1738
1761
1799
1777
1810
1744
1771
1784
1787
1841
1815
1840
1783
1786
1801
1808
1808
1815
1844
1806
1851
1809
1814
1816
1820
1803
1839
1857
1861
1866
1852
1870
1849
1867
1839
1831
1806
1845
1822
1854
1876
1892
1888
1818
1827
1793
1783
1794
1738
1787
1747
1785
1707
1703
1711
1670
1698
1719
1734
1734
1747
1761
1839
1809
1891
1831
1902
1851
1923
1873
1876
1838
1867
1860
1858
1800
1813
1823
1820
1816
1852
1814
1847
1792
1820
1780
1795
1743
1766
1755
1792
1792
1838
1798
1813
1816
1821
1816
1800
1808
1790
1853
1822
1851
1793
1808
1765
1787
1757
1803
1774
1803
1801
1819
1882
1856
1889
1890
1891
1933
1902
1921
1904
1894
1903
1837
1888
1817
1816
1759
1781
1747
1836
1819
1848
1860
1864
1838
1832
1841
1845
1888
1868
1845
1852
1943
1895
1935
1931
1969
1952
1936
1961
1923
1897
1908
1888
1879
1850
1930
1860
1899
1873
1902
1888
1862
1892
1844
1827
1807
1827
1809
1804
