11946
13676
11502
11441
10660
10336
9903
9670
9330
9070
8875
8555
8433
8258
8034
7785
7538
7280
7157
7005
6853
6717
6713
6662
6588
6383
6352
6221
6073
5902
5880
5769
5736
5589
5570
5480
5575
5429
5317
5221
5196
4938
5017
4906
4803
4848
4793
4858
4699
4661
4541
4478
4455
4402
4388
4180
4264
4220
4181
4150
4136
4144
4239
4246
4122
4104
4074
4093
4050
4118
4093
4116
4165
4083
4019
4077
4069
4083
4030
3964
3983
3907
3912
3877
3891
3909
3852
3740
3836
3720
3874
3903
3818
3826
3803
3826
3836
3795
3770
3839
3773
3886
3804
3824
3740
3821
3844
3758
3608
3562
3448
3445
3524
3495
3529
3573
3563
3562
3566
3545
3582
3669
3606
3698
3598
3598
3541
3709
3658
3702
3651
3585
3638
3521
3568
3393
3354
3338
3284
3251
3211
3237
3246
3163
3215
3135
3218
3159
3138
3100
3109
3062
3097
3191
3069
3146
3119
3150
3123
3111
3152
3158
3140
3173
3106
3175
3091
3205
3162
3187
3157
3225
3209
3120
3090
3061
3128
3053
3110
3041
2984
2929
2844
2835
2892
2959
2957
2917
2921
2915
2925
2881
2885
2896
2834
2859
2872
2886
2897
2828
2783
2743
2775
2781
2833
2834
2900
2821
2811
2800
2784
2740
2698
2764
2776
2818
2772
2869
2842
2854
2853
2897
2892
2937
2924
2965
2936
2998
3017
2975
2928
2942
2898
2836
2927
2935
2992
2901
2912
2889
2863
2877
2878
2846
2881
2921
2884
2856
2771
2779
2707
2705
2653
2597
2616
2668
2620
2693
2712
2739
2667
2680
2678
2659
2674
2603
2605
2581
2625
2591
2554
2576
2543
2534
2643
2626
2643
2553
2545
2559
2488
2525
2543
2595
2587
2601
2617
2595
2575
2621
2651
2621
2628
2646
2667
2688
2578
2628
2563
2640
2612
2646
2587
2569
2480
2470
2448
2433
2480
2396
2412
2440
2408
2470
2440
2475
2441
2423
2380
2423
2403
2432
2419
2451
2347
2299
2297
2328
2271
2267
2280
2262
2221
2229
2153
2222
2108
2087
2078
2117
2087
2148
2127
2121
2117
2091
2162
2098
2096
2112
2046
2084
2057
2001
2045
1959
1989
1963
1924
1904
1937
1913
1904
1858
1839
1839
1799
1815
1794
1793
1831
1827
1782
1804
1839
1844
1858
1869
1852
1866
1848
1847
1828
1837
1811
1866
1847
1852
1845
1834
1833
1774
1746
1736
1725
1723
1764
1739
1737
1762
1739
1755
1768
1812
1846
1850
1834
1871
1855
1838
1766
1824
1759
1795
1775
1796
1764
1792
1774
1806
1740
1773
1720
1700
1672
1678
1652
1623
1623
1680
1658
1714
1712
1713
1677
1681
1727
1728
1796
1811
1816
1860
1844
1895
1879
1878
1837
1874
1862
1858
1866
1821
1814
1798
1815
1839
1799
1768
1779
1760
1744
1743
1745
1764
1765
1802
1803
1800
1821
1792
1749
1747
1740
1738
1752
1701
1740
1665
1672
1634
1652
1694
1715
1715
1741
1699
1722
1710
1719
1703
1743
1779
1753
1691
1671
1655
1684
1664
1631
1648
1643
1636
1663
1621
1638
1600
1597
1583
1594
1601
1568
1615
1585
1590
1533
1559
1492
1508
1518
1540
1548
1571
1527
1554
1558
1588
1558
1578
1559
1567
1550
1584
1566
1554
1560
1557
1561
1566
1638
1603
1654
1615
1630
1588
1629
1615
1584
1570
1576
1545
1559
1533
1594
1547
1601
1606
1604
1604
1636
1624
1665
1708
1660
1661
1642
1661
1646
1681
1649
1701
1658
1702
1664
1741
1725
1753
1783
1760
1711
1730
1701
1740
1740
1771
1751
1764
1725
1730
1762
1736
1764
1778
1756
1776
1798
1783
1800
1768
1799
1759
1805
1737
1750
1731
1708
1668
1677
1671
1640
1642
1639
1640
1647
1643
1642
1666
1647
1654
1627
1620
1647
1659
1654
1661
1648
1691
1682
1706
1652
1687
1656
1666
1682
1646
1726
1647
1670
1658
1659
1647
1635
1610
1647
1636
1671
1673
1683
1708
1725
1714
1704
1724
1674
1705
1645
1657
1632
1630
1621
1600
1628
1631
1654
1636
1644
1663
1621
1612
1673
1643
1664
1666
1613
1663
1621
1648
1665
1676
1678
1687
1682
1740
1728
1768
1758
1847
1773
1825
1748
1771
1792
1821
1806
1839
1847
1857
1780
1809
1755
1766
1716
1728
1723
1771
1741
1765
1738
1784
1723
1795
1739
1757
1767
1763
1813
1782
1842
1783
1810
1807
1801
1799
1786
1805
1807
1835
1816
1782
1792
1769
1751
1764
1732
1757
1708
1680
1657
1688
1715
1715
1733
1753
1748
1766
1758
1764
1768
1722
1723
1733
1736
1709
1664
1690
1681
1727
1712
1719
1733
1702
1748
1741
1711
1740
1690
1706
1717
1715
1738
1728
1754
1718
1740
1714
1692
1692
1693
1675
1670
1706
1681
1692
1629
1642
1660
1717
1697
1716
1744
1714
1727
1761
1767
1805
1844
1782
1848
1729
1779
1737
1788
1756
1783
1747
1741
1768
1762
1753
1780
1765
1800
1776
1791
1790
1811
1802
1839
1839
1848
1856
1811
1857
1874
1843
1887
1890
1897
1908
1924
1910
1883
1898
1855
1838
1889
1848
1885
1854
1903
1878
1946
1858
1909
1888
1938
1920
2003
1926
1976
1992
1954
1919
1873
1880
1919
1956
1965
1999
1973
2050
1978
2029
2006
2033
1939
1930
1910
1920
1923
1876
1845
1831
1859
1819
1840
1854
1915
1897
1934
1911
1864
1884
1890
1923
1909
1913
1893
1933
1962
1931
1976
1935
1885
1865
1938
1905
1923
1883
1898
1875
1897
1872
1831
1848
1885
1873
1903
1882
1942
1881
1929
1936
1932
1885
1871
1859
1885
1893
1908
1903
1893
1888
1871
1867
1875
1873
1869
1903
1888
1951
1938
1972
1910
1981
1946
1965
1994
2027
2026
2006
2041
1982
1992
1962
1964
1952
1976
1943
1942
1996
2032
2071
2009
2044
2043
2055
2007
2037
2029
2046
1933
1941
1931
1890
1901
1850
1867
1892
1887
1869
1869
1859
1863
1875
1878
1870
1868
1895
1947
1966
1963
1962
1994
1939
1952
1968
1972
1945
1947
1964
1904
1895
1894
1949
1918
1931
1930
1952
1942
1915
