12020
13557
11884
11444
10871
10646
10253
10022
9556
9355
8903
8893
8548
8301
8176
7947
7870
7607
7404
7220
7045
6891
6738
6431
6342
6289
6197
6179
6173
6041
6102
5970
6101
5918
5916
5897
5922
5861
5798
5718
5820
5705
5705
5646
5482
5300
5423
5312
5249
5283
5093
5002
5065
4961
4893
4677
4655
4574
4524
4412
4358
4300
4328
4264
4313
4235
4316
4255
4239
4163
4252
4170
4255
4179
4220
4165
4177
4142
4165
4197
4109
4071
4022
4115
4061
4033
4049
4012
3963
4024
3939
4029
4073
3979
3979
3914
3900
3937
3989
3967
4016
3956
3897
3872
3851
3893
3936
3920
3997
3992
3902
3921
3884
3894
3822
3818
3718
3636
3596
3596
3498
3520
3493
3533
3516
3596
3612
3724
3666
3683
3595
3668
3692
3752
3726
3763
3863
3802
3822
3894
3784
3788
3843
3814
3790
3768
3745
3601
3625
3600
3634
3588
3649
3586
3647
3695
3578
3582
3614
3613
3588
3531
3435
3472
3514
3578
3572
3560
3574
3542
3531
3504
3540
3484
3482
3474
3429
3376
3363
3287
3230
3243
3168
3083
3022
3051
2939
3069
3019
3031
2988
2895
2955
2984
2902
2909
2835
2768
2746
2745
2751
2776
2756
2776
2763
2765
2776
2767
2791
2833
2798
2740
2740
2684
2711
2659
2642
2682
2666
2648
2628
2677
2597
2671
2590
2594
2637
2652
2623
2609
2591
2520
2529
2566
2547
2590
2538
2575
2576
2595
2647
2599
2574
2546
2534
2527
2500
2539
2498
2461
2462
2478
2492
2540
2454
2473
2442
2457
2444
2446
2429
2476
2445
2476
2431
2447
2479
2518
2476
2500
2496
2540
2473
2564
2571
2595
2682
2623
2534
2545
2550
2475
2507
2558
2515
2540
2498
2517
2491
2419
2415
2375
2360
2380
2342
2347
2369
2403
2361
2384
2355
2317
2326
2278
2290
2282
2341
2281
2369
2380
2433
2417
2465
2487
2531
2581
2557
2592
2592
2593
2566
2510
2519
2561
2598
2593
2531
2494
2502
2479
2473
2489
2457
2468
2494
2497
2491
2484
2424
2416
2461
2464
2536
2504
2451
2447
2446
2428
2472
2429
2435
2409
2478
2447
2469
2418
2422
2485
2485
2463
2393
2337
2404
2377
2413
2342
2354
2359
2311
2309
2280
2292
2267
2253
2239
2247
2242
2296
2201
2270
2243
2244
2252
2225
2237
2172
2162
2146
2159
2183
2126
2159
2202
2163
2266
2216
2217
2194
2183
2188
2243
2243
2239
2192
2182
2184
2243
2191
2200
2166
2158
2134
2162
2214
2150
2177
2131
2136
2121
2131
2127
2118
2047
2078
2055
2116
2084
2115
2078
2084
2084
2024
2073
2025
2022
2032
2010
2020
2046
2027
2036
2044
2013
2059
1983
2006
1956
1963
1965
1993
1926
1923
1905
1980
1945
1955
1943
1977
1981
1992
2011
2026
2051
1994
2037
1999
2017
2012
2001
2002
1972
1997
1972
1974
1973
2003
2009
1974
1966
1943
1951
1915
1964
1954
1942
2001
1954
2000
1980
1931
1967
1920
1973
1961
1957
1931
1915
1919
1908
1925
1877
1933
1860
1838
1805
1853
1807
1799
1809
1807
1821
1818
1802
1814
1826
1854
1869
1859
1893
1832
1783
1785
1766
1803
1816
1843
1860
1838
1831
1877
1885
1879
1887
1889
1879
1898
1898
1910
1916
1936
1956
1878
1847
1906
1855
1884
1843
1870
1856
1839
1851
1816
1870
1830
1877
1808
1809
1843
1817
1852
1817
1853
1844
1868
1812
1808
1818
1838
1824
1832
1813
1840
1845
1834
1877
1876
1862
1827
1838
1813
1834
1869
1891
1887
1897
1910
1903
1908
1896
1891
1878
1893
1944
1937
1937
1899
1901
1896
1926
1903
1955
1894
1925
1920
1906
1969
1898
1945
1935
1995
1989
2008
2009
1961
2010
1972
1951
1978
1896
1920
1911
1922
1918
1925
1927
1939
2022
1993
1992
2007
1985
2006
2005
2046
2077
2056
2087
2088
2131
2165
2192
2183
2201
2242
2215
2177
2183
2166
2087
2113
2106
2101
2094
2105
2134
2102
2181
2172
2218
2158
2208
2183
2201
2152
2113
2184
2172
2167
2069
2122
2094
2137
2128
2177
2141
2168
2134
2156
2152
2199
2176
2208
2156
2182
2178
2218
2194
2203
2163
2164
2164
2103
2044
2067
2059
2095
2074
2077
2087
2070
2105
2068
2054
2102
2115
2136
2085
2028
2042
2018
2091
2033
2056
2059
2007
2071
1987
2065
2002
2007
2033
2000
1998
1956
1951
1942
1912
1940
1951
1953
1909
1890
1892
1906
1931
1931
1956
1923
1987
1895
1899
1929
1886
1923
1935
1954
1961
1955
1976
1990
2002
2010
1962
2027
2055
2017
2060
2004
2029
2028
2094
2052
2095
2062
2056
2039
1960
1986
1942
1989
1972
2010
2044
2017
2032
2052
2070
2080
2067
2104
2116
2081
2103
2110
2035
2087
2121
2059
2086
2054
2108
2090
2127
2060
2043
2077
2081
2087
2147
2169
2088
2116
2086
2079
2106
2091
2130
2099
2122
2098
2019
1999
1992
1984
1963
1974
2024
1997
2029
2028
2083
2045
2086
2075
2078
2097
2025
2076
2087
2125
2137
2178
2179
2219
2233
2233
2267
2268
2160
2196
2177
2161
2163
2161
2152
2131
2170
2133
2105
2121
2107
2096
2085
2102
2080
2101
2103
2047
2107
2076
2019
2029
2038
2016
2015
2015
2063
2020
1986
2028
2046
2082
2052
2055
2017
2054
2076
2088
2115
2082
2130
2082
2162
2119
2178
2140
2203
2170
2208
2260
2256
2233
2298
2218
2230
2204
2193
2170
2215
2203
2144
2102
2089
2075
2096
2111
2148
2114
2086
2150
2115
2111
2093
2095
2108
2103
2136
2141
2127
2163
2105
2063
2110
2069
2114
2091
2096
2103
2095
2129
2126
2160
2140
2174
2147
2203
2214
2205
2206
2147
2182
2189
2233
2175
2165
2184
2151
2143
2108
2156
2140
2178
2162
2124
2161
2151
2181
2168
2058
2073
2083
2131
2120
2045
2046
2013
2069
2042
2084
2076
2095
2068
2079
2052
2093
2099
2063
2082
2062
2088
2064
2098
2103
2168
2140
2162
2161
2120
2160
2120
2214
2136
2202
2135
2182
2122
2133
2155
2130
2136
