11771
13525
11324
11213
10496
10154
9719
9568
9171
8872
8752
8526
8209
7972
7808
7459
7320
7084
6985
6846
6617
6518
6433
6295
6209
6139
6080
5992
5912
5873
5815
5800
5734
5492
5620
5530
5496
5646
5530
5375
5342
5177
5172
5052
5062
4918
5013
4886
4788
4862
4909
4903
4884
4720
4724
4695
4612
4610
4643
4476
4460
4313
4298
4224
4316
4230
4204
4123
4196
4103
4106
4100
4068
4104
3974
3933
4002
3913
3890
3876
3844
3963
3889
3943
3858
3860
3896
3861
3794
3788
3751
3770
3806
3777
3775
3679
3692
3646
3634
3614
3592
3597
3826
3782
3779
3703
3678
3670
3680
3498
3524
3470
3522
3440
3552
3421
3485
3455
3415
3507
3430
3551
3479
3545
3442
3490
3438
3521
3394
3423
3434
3401
3435
3439
3529
3475
3554
3421
3299
3311
3290
3266
3342
3410
3378
3481
3422
3440
3354
3456
3319
3338
3375
3411
3279
3374
3338
3343
3243
3242
3275
3193
3193
3168
3176
3196
3174
3199
3186
3217
3126
3163
3276
3228
3284
3311
3343
3273
3270
3221
3181
3220
3268
3182
3217
3221
3191
3268
3158
3184
3138
3118
3079
3044
2993
3033
3055
3120
3036
3062
3025
3106
3084
3002
3024
3053
3096
3096
3044
3045
3063
3034
2983
2989
2949
3001
3044
2899
2902
2905
2920
2923
2892
2922
2882
2911
2917
2895
2825
2880
2866
2884
2809
2815
2871
2908
2883
2941
2859
2901
2928
2946
2865
2838
2763
2747
2724
2678
2691
2765
2692
2712
2681
2723
2674
2629
2587
2626
2572
2611
2640
2640
2710
2667
2727
2680
2659
2622
2733
2690
2702
2646
2655
2667
2631
2587
2602
2572
2631
2562
2549
2507
2563
2527
2564
2560
2606
2572
2542
2622
2631
2665
2646
2652
2646
2628
2584
2602
2624
2640
2591
2577
2618
2622
2692
2649
2662
2612
2599
2688
2633
2600
2627
2580
2597
2660
2713
2692
2694
2641
2720
2621
2652
2637
2720
2597
2725
2628
2731
2711
2681
2687
2654
2645
2658
2669
2661
2599
2597
2555
2541
2559
2516
2501
2420
2357
2334
2299
2323
2288
2321
2301
2292
2296
2337
2315
2330
2307
2290
2354
2382
2324
2361
2301
2311
2294
2258
2325
2272
2277
2255
2237
2253
2287
2244
2267
2248
2238
2205
2256
2232
2302
2304
2319
2346
2277
2204
2234
2247
2241
2224
2254
2218
2296
2279
2342
2351
2398
2388
2366
2282
2333
2291
2305
2257
2227
2156
2235
2159
2222
2161
2177
2157
2204
2193
2217
2292
2244
2301
2245
2239
2243
2259
2228
2225
2220
2203
2214
2174
2216
2217
2261
2256
2115
2178
2153
2147
2128
2142
2118
2110
2074
2093
2119
2092
2182
2176
2212
2243
2228
2267
2222
2272
2277
2261
2265
2254
2249
2239
2263
2217
2236
2240
2251
2242
2240
2278
2267
2242
2245
2237
2237
2233
2240
2263
2299
2329
2295
2363
2344
2355
2304
2301
2267
2279
2265
2281
2330
2315
2319
2304
2347
2308
2388
2353
2388
2330
2335
2313
2391
2285
2359
2346
2377
2354
2376
2325
2348
2358
2375
2303
2321
2340
2289
2243
2212
2257
2278
2194
2196
2221
2175
2201
2192
2225
2220
2233
2201
2205
2182
2198
2153
2183
2147
2157
2118
2127
2126
2127
2075
2121
2124
2121
2125
2168
2129
2136
2104
2147
2105
2176
2147
2171
2096
2138
2124
2160
2165
2145
2158
2216
2162
2168
2177
2159
2118
2163
2114
2137
2128
2212
2143
2171
2139
2152
2156
2156
2125
2164
2178
2189
2222
2226
2197
2208
2242
2255
2272
2262
2260
2264
2284
2268
2249
2231
2221
2231
2232
2236
2235
2211
2229
2222
2227
2207
2166
2178
2091
2170
2090
2180
2110
2206
2188
2228
2194
2191
2191
2181
2244
2211
2238
2180
2227
2179
2187
2174
2155
2149
2120
2148
2086
2106
2106
2173
2122
2141
2112
2097
2046
2042
2019
2012
1975
1947
1928
1885
1931
1869
1905
1914
1997
1990
2015
2008
2022
2058
2045
2044
2022
2051
2016
2068
2054
2072
1979
2053
2018
2039
1956
1989
1967
1987
2015
2027
2039
2059
2077
2159
2119
2148
2119
2126
2124
2153
2167
2138
2145
2233
2160
2192
2109
2177
2057
2164
2009
2041
2064
2057
1999
2053
2083
2041
2113
2079
2092
2030
2009
1999
2003
2051
2009
2052
2050
1997
2061
2029
1998
2068
1934
1967
1953
1987
1956
1968
2001
2048
1997
2005
1973
2039
2072
2075
2024
2066
2077
2069
2034
2046
2032
2017
2086
2034
2054
2062
2034
2068
2031
2049
2021
2022
2016
1958
1928
1908
1947
1867
1898
1856
1909
1886
1924
1850
1845
1836
1863
1866
1890
1883
1869
1901
1872
1867
1853
1818
1814
1841
1847
1848
1879
1877
1890
1881
1882
1877
1886
1914
1909
1935
1943
1935
2005
1970
2021
1997
2095
2015
2046
2005
2023
2005
2036
2036
2071
2051
2045
2040
2052
2069
2100
2094
2088
2054
2072
2069
2021
2037
1989
2069
2106
2041
2100
2027
2012
2014
2029
1999
1963
1963
1982
1984
1985
1990
1957
2000
1986
2023
1967
1990
1938
1952
1950
1952
1954
2003
1944
1980
1943
1983
1949
2014
2049
2058
1991
1973
1975
2001
2007
2001
2000
2010
2017
2017
1976
2010
2011
2010
2039
2095
2116
2116
2135
2137
2104
2116
2098
2126
2118
2116
2143
2144
2107
2076
2140
2160
2102
2087
2087
2032
2056
2012
2048
2056
2044
2016
2078
2061
2070
2061
2072
2087
2130
2069
2098
2081
2134
2088
2118
2125
2137
2130
2115
2144
2105
2124
2114
2079
2058
2100
2048
1981
1993
1944
1935
1955
1932
1915
1908
1891
1878
1911
1915
1899
1924
1916
1958
1911
1957
1910
1901
1877
1946
1920
1939
1894
1869
1865
1817
1869
1892
1876
1888
1864
1861
1844
1877
1861
1849
1825
1791
1810
1761
1757
1775
1775
1773
1728
1773
1792
1804
1764
1804
1819
1837
1845
1852
1850
1831
1841
1839
1885
1867
1837
1827
1888
1860
1847
1842
1874
1853
1856
1854
1839
1788
1765
1797
1806
1835
1816
1795
