12122
13538
11585
11427
10541
10095
9754
9712
9241
9069
8824
8674
8392
8164
7905
7807
7652
7520
7295
7226
7063
6819
6790
6724
6551
6500
6414
6389
6268
6111
6056
5994
5910
5908
5822
5807
5786
5673
5648
5606
5491
5476
5543
5467
5442
5266
5337
5133
5252
5075
5127
5058
5008
4923
4956
4986
4935
4827
4773
4692
4715
4639
4570
4500
4431
4492
4480
4460
4452
4502
4601
4618
4461
4500
4380
4500
4377
4427
4405
4355
4365
4379
4329
4358
4411
4337
4335
4298
4251
4251
4218
4220
4148
4111
4059
3964
3878
3906
3972
3900
3869
3871
3889
3801
3773
3869
3859
3897
3854
3893
3834
3940
3850
3886
3835
3857
3895
3863
3775
3829
3656
3686
3627
3731
3635
3595
3591
3559
3537
3556
3456
3432
3440
3403
3450
3452
3420
3392
3364
3457
3491
3464
3406
3374
3366
3413
3389
3423
3426
3504
3406
3536
3412
3426
3399
3387
3341
3284
3362
3218
3272
3201
3281
3204
3194
3221
3255
3294
3371
3386
3349
3383
3405
3376
3366
3268
3306
3197
3288
3193
3272
3123
3147
3054
3123
3093
3115
3121
3079
3110
3080
3028
3034
2998
3061
3026
3068
3077
3079
3077
3107
3065
3071
3094
3086
3048
3047
3033
2993
3003
3002
3049
2980
2982
2927
3042
2948
2970
2986
3035
3094
3107
3059
3002
3045
3023
2964
3025
2926
3008
2940
3056
2922
3023
3008
3015
2997
3070
2983
2958
2935
2965
2913
2966
2970
3072
3052
3089
3123
3126
3078
3017
3037
3035
3028
2955
2877
2821
2906
2888
2893
2939
2902
3021
2970
2999
2945
2974
2809
2852
2809
2846
2808
2760
2717
2746
2774
2703
2660
2675
2592
2699
2581
2583
2634
2637
2657
2661
2627
2634
2633
2708
2716
2761
2750
2771
2722
2760
2701
2700
2629
2617
2707
2618
2639
2623
2654
2642
2569
2618
2570
2584
2584
2529
2548
2414
2414
2388
2415
2356
2403
2360
2410
2377
2407
2309
2361
2335
2426
2384
2524
2392
2401
2370
2360
2310
2294
2370
2317
2357
2299
2365
2294
2360
2309
2351
2303
2307
2284
2303
2251
2258
2303
2295
2277
2355
2292
2304
2249
2276
2273
2296
2318
2327
2303
2332
2354
2368
2323
2465
2407
2409
2432
2503
2527
2553
2539
2556
2545
2512
2465
2433
2417
2387
2385
2440
2384
2413
2334
2360
2331
2319
2327
2279
2192
2237
2219
2278
2212
2237
2158
2207
2122
2202
2166
2186
2192
2201
2218
2173
2179
2159
2126
2172
2145
2164
2120
2074
2079
2082
2116
2133
2081
2122
2100
2093
2162
2150
2154
2180
2214
2191
2144
2178
2163
2180
2193
2193
2176
2205
2191
2252
2186
2169
2193
2161
2119
2149
2085
2085
2086
2108
2052
2035
2016
1990
2004
1987
1965
1961
1990
2034
2083
2046
2052
2002
2022
1998
2017
2061
2097
2122
2020
2059
2007
2045
2080
2158
2115
2170
2166
2132
2139
2165
2119
2077
2057
2074
2130
2168
2185
2189
2184
2186
2167
2159
2092
2161
2188
2215
2228
2222
2206
2196
2146
2157
2126
2122
2131
2164
2147
2139
2110
2057
2038
2103
2139
2144
2098
2057
2047
2084
2065
2034
2046
2098
2073
2084
2065
2141
2116
2172
2123
2099
2136
2133
2129
2117
2140
2114
2103
2079
2070
2054
1986
2039
2006
2008
2012
1964
1964
1975
1981
2021
1985
1976
1953
1971
1962
1979
1954
2028
2058
2003
2067
2023
2098
2004
2117
2066
2085
2111
2085
2079
2036
2042
2004
1991
2032
1972
2026
2004
1970
2034
2019
1987
2005
2021
2055
2083
2095
2098
2116
2135
2188
2166
2138
2135
2194
2157
2197
2192
2180
2215
2194
2117
2179
2122
2120
2120
2086
2056
2074
2101
2102
2116
2111
2173
2146
2152
2177
2189
2184
2238
2185
2220
2195
2193
2231
2255
2212
2285
2232
2218
2194
2183
2158
2225
2213
2181
2125
2210
2186
2249
2199
2296
2216
2263
2201
2245
2209
2201
2132
2204
2141
2166
2096
2158
2187
2238
2269
2307
2245
2294
2247
2240
2210
2270
2219
2266
2234
2267
2271
2246
2321
2239
2253
2249
2196
2233
2178
2163
2136
2195
2188
2162
2205
2211
2260
2261
2272
2290
2320
2295
2297
2261
2294
2215
2250
2246
2277
2246
2196
2190
2120
2155
2166
2121
2114
2152
2148
2182
2123
2201
2179
2265
2193
2198
2225
2253
2226
2232
2265
2223
2193
2170
2170
2156
2117
2082
2040
2029
2046
2047
2045
2043
2085
2098
2071
2091
2063
2030
2027
2072
2085
2156
2136
2167
2128
2207
2085
2122
2126
2081
2057
2058
2033
2011
1997
2026
2025
2021
2022
2025
2055
2063
2025
2048
1984
1997
1967
1900
1934
1910
1912
1927
1875
1890
1864
1909
1896
1853
1885
1842
1871
1845
1842
1809
1857
1825
1787
1781
1783
1775
1758
1739
1724
1735
1697
1771
1752
1749
1787
1738
1807
1800
1816
1818
1813
1861
1881
1940
1967
1950
1879
1882
1905
1921
1962
1946
1996
2040
2105
2109
2101
2085
2014
2086
2048
2033
2061
2084
2056
2098
2124
2105
2081
2069
2068
2091
2064
2108
2110
2163
2159
2200
2100
2105
2098
2066
2065
2009
2035
2029
2091
2042
2014
2008
1988
1981
2016
2020
2020
2050
1979
1968
1960
1920
1901
1887
1861
1871
1854
1873
1829
1808
1849
1849
1832
1833
1835
1865
1852
1853
1849
1865
1828
1866
1891
1915
1907
1915
1930
1915
1973
1892
1879
1891
1894
1908
1895
1876
1902
1867
1880
1832
1835
1872
1839
1868
1886
1884
1874
1831
1820
1840
1918
1853
1911
1867
1889
1885
1915
1910
1924
1951
1917
1939
1894
1911
1916
1957
1883
1901
1883
1925
1886
1891
1874
1911
1922
1995
1935
2012
1957
1923
1905
1895
1843
1823
1842
1790
1831
1818
1808
1834
1838
1813
1811
1848
1828
1827
1814
1836
1812
1831
1836
1817
1833
1857
1814
1864
1830
1863
1860
1886
1898
1912
1912
1986
1921
1936
1895
1885
1903
1884
1892
1875
1865
1919
1999
1951
1967
1993
2020
2060
2041
2052
2112
2104
