12073
13953
11442
11243
10673
10137
9894
9522
9228
8978
8691
8470
8204
7953
7857
7635
7352
7195
7091
6814
6866
6606
6590
6570
6404
6393
6177
6169
6165
6077
5998
5937
5952
5970
5723
5819
5748
5665
5672
5576
5749
5625
5655
5460
5544
5448
5424
5373
5344
5228
5285
5191
5164
5134
5131
5058
5041
4872
4911
4794
4760
4683
4702
4590
4722
4638
4718
4673
4689
4735
4673
4546
4469
4500
4480
4297
4205
4189
4159
4180
4174
4250
4166
4245
4120
4143
4059
4087
4068
4170
4051
4166
4102
4147
4102
4118
4103
4077
4091
3944
3985
3986
4033
4022
3964
4006
4020
3996
3932
3975
3829
3836
3682
3765
3631
3713
3640
3679
3653
3763
3724
3703
3719
3681
3634
3631
3558
3682
3627
3678
3601
3674
3522
3543
3450
3426
3399
3416
3464
3440
3533
3479
3495
3451
3499
3483
3429
3356
3403
3417
3497
3447
3474
3464
3348
3424
3404
3350
3329
3275
3319
3290
3389
3342
3397
3367
3336
3317
3390
3339
3358
3303
3290
3262
3281
3229
3212
3165
3169
3152
3194
3169
3157
3210
3152
3139
3091
3053
2965
2907
2914
2945
2915
2979
2910
2974
2988
2928
2946
2887
2998
2973
2980
2873
2902
2866
2933
2827
2860
2880
2837
2873
2887
2918
2957
2912
2880
2942
2818
2899
2859
2883
2869
2829
2803
2811
2858
2843
2887
2935
2955
2986
2992
2935
2855
2854
2883
2916
2871
2917
2863
2777
2817
2838
2804
2843
2900
2843
2830
2774
2814
2758
2742
2702
2778
2741
2742
2686
2705
2680
2700
2673
2654
2653
2638
2626
2657
2685
2669
2731
2710
2696
2724
2686
2700
2697
2636
2575
2578
2520
2557
2613
2567
2526
2521
2510
2512
2548
2574
2624
2583
2600
2578
2604
2571
2573
2472
2514
2524
2571
2523
2543
2508
2507
2479
2535
2519
2575
2524
2526
2491
2481
2388
2402
2458
2440
2395
2410
2404
2387
2297
2329
2256
2222
2247
2230
2276
2280
2283
2261
2227
2223
2226
2204
2193
2186
2210
2208
2202
2215
2204
2221
2260
2264
2263
2253
2291
2324
2344
2303
2315
2354
2348
2394
2370
2427
2377
2426
2392
2437
2391
2431
2531
2474
2471
2486
2532
2554
2596
2605
2551
2570
2578
2588
2541
2552
2525
2619
2595
2635
2566
2564
2624
2597
2606
2682
2629
2632
2627
2680
2651
2679
2712
2685
2590
2632
2614
2669
2651
2594
2584
2563
2594
2543
2539
2479
2513
2459
2456
2464
2434
2389
2433
2386
2468
2372
2413
2373
2351
2341
2332
2303
2302
2316
2263
2300
2229
2239
2203
2225
2233
2203
2220
2192
2175
2183
2112
2133
2146
2151
2123
2162
2169
2182
2169
2145
2194
2150
2119
2103
2129
2129
2086
2087
2084
2133
2059
2070
2069
2071
2091
2046
2072
2053
2111
2076
2120
2083
2110
2145
2149
2144
2125
2127
2093
2022
2076
2061
2078
2022
2112
2069
2064
2021
2022
1993
2012
2023
2009
1995
1990
2000
1959
1929
1951
1941
1951
1921
1982
1953
1917
1906
1892
1901
1899
1890
1912
1916
1941
1956
1972
1942
1971
1951
1907
1879
1894
1878
1885
1866
1856
1865
1837
1844
1835
1856
1826
1870
1862
1834
1826
1803
1827
1862
1845
1838
1830
1827
1766
1792
1800
1803
1859
1832
1828
1879
1803
1811
1814
1816
1792
1817
1819
1853
1814
1839
1839
1838
1801
1784
1809
1845
1831
1816
1827
1804
1801
1742
1803
1750
1825
1761
1739
1774
1752
1814
1790
1799
1791
1753
1735
1704
1710
1747
1757
1849
1784
1791
1801
1783
1739
1753
1783
1784
1745
1697
1728
1657
1727
1635
1610
1618
1590
1647
1586
1618
1590
1591
1583
1596
1611
1644
1643
1669
1707
1691
1702
1662
1686
1676
1700
1659
1719
1693
1728
1720
1718
1698
1687
1726
1699
1697
1738
1738
1724
1723
1692
1778
1737
1781
1685
1709
1728
1792
1716
1736
1697
1687
1645
1678
1653
1625
1624
1614
1645
1603
1591
1602
1564
1554
1605
1594
1618
1619
1635
1647
1575
1546
1541
1506
1518
1500
1522
1492
1473
1463
1457
1451
1504
1463
1461
1468
1499
1493
1520
1520
1526
1538
1527
1540
1510
1525
1502
1533
1527
1532
1472
1493
1473
1458
1425
1433
1439
1434
1427
1456
1448
1462
1440
1454
1440
1432
1433
1432
1435
1432
1442
1440
1445
1435
1476
1468
1464
1469
1464
1484
1500
1504
1520
1475
1426
1454
1455
1456
1427
1453
1472
1499
1465
1483
1481
1486
1532
1554
1522
1551
1573
1560
1584
1568
1566
1520
1550
1534
1523
1485
1474
1473
1495
1501
1497
1525
1493
1511
1441
1449
1426
1406
1406
1397
1417
1399
1414
1403
1416
1416
1425
1429
1446
1423
1445
1410
1385
1397
1392
1414
1401
1396
1395
1390
1406
1396
1394
1368
1391
1392
1403
1399
1402
1420
1420
1401
1436
1407
1435
1405
1402
1421
1396
1381
1367
1387
1399
1411
1424
1418
1443
1436
1457
1471
1446
1457
1437
1437
1420
1364
1361
1337
1354
1340
1334
1331
1317
1297
1307
1322
1340
1353
1381
1343
1369
1327
1336
1335
1341
1349
1321
1353
1331
1335
1333
1325
1321
1314
1316
1320
1318
1330
1341
1325
1324
1302
1323
1313
1304
1315
1317
1327
1311
1287
1314
1288
1325
1290
1277
1284
1295
1325
1307
1326
1334
1349
1342
1359
1350
1350
1373
1399
1399
1383
1414
1389
1415
1376
1388
1382
1381
1389
1387
1396
1411
1383
1382
1395
1390
1443
1396
1427
1423
1441
1445
1438
1458
1449
1456
1481
1482
1513
1541
1514
1496
1534
1546
1504
1529
1491
1463
1488
1482
1451
1447
1434
1461
1436
1450
1462
1472
1485
1446
1470
1496
1505
1532
1502
1506
1508
1493
1496
1474
1480
1466
1431
1424
1424
1422
1432
1423
1446
1429
1457
1448
1468
1441
1458
1439
1471
1452
1407
1422
1466
1442
1419
1427
1420
1387
1353
1390
1356
1375
1359
1366
1352
1371
1333
1358
1364
1360
1368
1348
1372
1353
1373
1394
1402
1408
1395
1390
1407
1387
1403
