12107
13968
11558
11655
10919
10586
10218
9671
9352
9077
8991
8633
8600
8421
8469
8087
8022
7901
7684
7448
7403
7229
6934
7024
6757
6685
6628
6409
6237
6147
5932
5972
5852
5941
5753
5736
5614
5515
5568
5473
5338
5395
5429
5299
5267
5221
5267
5160
5172
5112
5204
5143
5191
4988
4936
4877
4865
4842
4832
4825
4889
4785
4791
4715
4612
4617
4627
4602
4553
4520
4459
4473
4511
4363
4267
4220
4214
4235
4203
4207
4118
4133
4071
4058
4039
4031
3998
3939
4041
4074
4083
4103
3970
3974
3942
3891
3869
3885
3820
3829
3771
3799
3746
3817
3923
3893
3889
3951
4009
4030
4085
4051
4044
3976
3960
3889
3839
3690
3715
3682
3674
3676
3747
3730
3699
3806
3737
3774
3705
3745
3720
3750
3824
3801
3763
3764
3666
3651
3623
3578
3617
3629
3611
3576
3607
3525
3595
3569
3621
3565
3538
3552
3574
3587
3534
3638
3548
3566
3495
3538
3528
3552
3443
3388
3343
3314
3338
3317
3344
3281
3178
3161
3240
3295
3281
3276
3268
3353
3327
3312
3333
3370
3222
3209
3162
3159
3152
3221
3234
3246
3166
3171
3180
3171
3076
3094
3042
3027
3055
2955
2997
2945
3001
2921
2933
2895
2938
2924
2825
2916
2913
2954
3022
2935
2934
2877
2906
2895
2855
2891
2857
2803
2777
2757
2769
2786
2847
2785
2893
2850
2958
2842
2894
2853
2921
2935
2865
2873
2884
2886
2963
2988
2969
3034
3000
3014
3030
2987
2990
2953
2919
2949
2977
2935
2947
2969
2974
2997
3000
2987
3002
2960
2987
2936
2919
2926
2873
2947
2887
2892
2822
2792
2797
2802
2755
2755
2749
2758
2773
2802
2766
2816
2751
2769
2709
2762
2718
2740
2694
2700
2662
2638
2659
2617
2679
2656
2788
2661
2759
2635
2764
2649
2757
2689
2652
2526
2545
2537
2552
2494
2503
2457
2530
2464
2503
2541
2486
2408
2435
2404
2400
2462
2463
2526
2498
2493
2449
2510
2426
2480
2451
2432
2422
2441
2448
2485
2464
2469
2470
2434
2430
2435
2400
2379
2406
2395
2351
2414
2386
2455
2386
2412
2320
2395
2368
2401
2331
2395
2396
2435
2446
2455
2547
2531
2545
2486
2484
2445
2494
2515
2459
2468
2440
2471
2418
2374
2393
2366
2337
2345
2292
2242
2268
2238
2214
2194
2249
2217
2266
2245
2269
2229
2250
2199
2275
2272
2311
2193
2283
2245
2258
2275
2334
2319
2330
2323
2393
2367
2409
2331
2325
2332
2320
2310
2364
2320
2399
2381
2430
2362
2353
2347
2393
2373
2300
2336
2298
2326
2309
2303
2325
2307
2344
2314
2363
2360
2401
2404
2353
2375
2356
2354
2411
2364
2360
2386
2321
2328
2326
2324
2248
2246
2251
2265
2232
2187
2162
2160
2200
2201
2220
2208
2236
2291
2287
2265
2228
2204
2226
2216
2199
2146
2156
2093
2138
2055
2054
2081
2099
2102
2108
2110
2097
2091
2011
1986
1949
1993
2031
1973
2017
1985
2002
2037
1964
1999
2030
1998
2053
2068
2027
2065
2026
2032
1997
2070
1969
1973
1951
2039
2042
2028
1998
1976
1988
1943
1883
1899
1884
1863
1841
1823
1873
1854
1871
1875
1864
1885
1859
1906
1875
1896
1859
1867
1824
1894
1865
1843
1847
1843
1820
1864
1887
1889
1905
1859
1835
1875
1843
1854
1823
1865
1833
1865
1842
1858
1809
1841
1849
1834
1814
1857
1795
1843
1874
1909
1960
1939
1930
1944
1964
1975
1964
1976
1972
2020
2006
2037
2038
1997
2049
1992
2049
2026
2058
2046
2060
2044
2036
2017
1955
1992
1956
1945
1942
1942
1976
1900
1995
1990
1999
2014
1975
2023
2071
2045
2114
2093
2142
2140
2149
2157
2190
2130
2160
2117
2094
2121
2097
2115
2099
2161
2099
2125
2067
2135
2068
2064
2089
2068
2047
2042
2070
2046
2049
2034
2046
2069
2071
2031
2104
2061
2044
1939
1896
1883
1923
1919
1967
1992
1994
2019
1985
1966
1975
1960
1944
1907
1923
2006
1992
1995
2007
2036
2047
1976
1968
1941
1992
1967
2020
1997
1992
2037
2001
2057
1999
2057
2015
2053
2076
2068
2086
2146
2147
2117
2057
2050
1995
1955
1950
1928
1933
1916
1936
1898
1923
1923
1917
1921
1908
1935
1912
1979
1954
1964
1922
2001
1832
1885
1797
1809
1849
1851
1835
1810
1806
1744
1798
1788
1805
1835
1853
1888
1902
1847
1864
1866
1904
1861
1920
1861
1939
1894
1959
1943
1948
1947
1944
1950
1979
1933
1971
1955
1936
2019
2004
1993
2015
2043
2068
2072
2079
2095
2039
2030
2013
2003
1964
1994
1958
1963
1963
2009
2034
2067
2074
2118
2200
2117
2099
2114
2138
2179
2197
2246
2199
2265
2258
2282
2211
2254
2260
2269
2270
2221
2192
2174
2193
2163
2208
2206
2211
2187
2188
2216
2279
2203
2230
2116
2189
2118
2174
2121
2127
2178
2189
2197
2198
2223
2164
2192
2159
2212
2201
2167
2166
2191
2201
2147
2196
2156
2147
2116
2094
2150
2114
2143
2161
2214
2140
2171
2223
2174
2113
2071
2103
2039
2097
2071
2089
2090
2064
2105
2098
2078
2065
2017
2075
2063
2087
2037
2028
1990
2006
1971
2032
2009
2040
2058
2063
2059
2084
2056
2059
2114
2085
2084
2081
2092
2143
2153
2135
2144
2110
2046
2059
2058
1999
1999
1952
1960
1943
1956
1995
1940
2006
1987
2051
2037
2052
2043
2041
1991
2009
1969
2022
1988
2017
1999
2021
1985
2015
2016
2057
2029
2002
1967
1952
2002
1948
1999
1959
2016
2026
2050
2040
2026
2023
2083
2085
2057
2071
2066
2055
2004
2058
2044
2068
2074
2109
2113
2128
2115
2147
2113
2078
2099
2047
2080
2013
2004
1928
1941
1896
1938
1970
1896
1927
1870
1935
1868
1917
1903
1884
1872
1875
1897
1885
1910
1934
1945
1919
1954
1940
1951
1953
1911
1906
1881
1903
1909
1878
1854
1837
1865
1896
1915
1914
1919
1909
1914
1856
1844
1839
1863
1876
1863
1876
1859
1888
1852
1872
1851
1886
1900
1959
1946
1937
1910
