11948
13641
11436
11277
10748
10513
9792
9637
9343
9068
8767
8524
8274
8161
7906
7805
7658
7391
7377
7156
7034
6871
6655
6548
6389
6299
6325
6199
6154
6164
5957
5879
5779
5638
5491
5558
5466
5404
5319
5294
5283
5159
5135
5162
5148
5105
5201
5221
5221
5167
5250
5075
5063
4951
5057
4851
4897
4819
4859
4902
4895
4873
4826
4869
4796
4763
4779
4731
4790
4672
4747
4628
4662
4697
4601
4658
4656
4729
4629
4558
4682
4685
4647
4688
4666
4712
4640
4710
4600
4600
4568
4411
4496
4396
4337
4351
4320
4365
4195
4251
4096
4117
4146
4118
4024
4050
3965
3886
3953
3997
4032
4017
4058
4005
4006
4011
3925
4006
3945
3988
3942
3917
3974
3931
3941
3877
3859
3855
3821
3897
3779
3740
3704
3671
3743
3645
3675
3632
3585
3600
3583
3581
3635
3585
3613
3581
3474
3415
3443
3425
3444
3442
3438
3452
3398
3333
3344
3285
3391
3268
3321
3276
3314
3392
3418
3443
3415
3335
3354
3353
3354
3345
3316
3313
3235
3251
3204
3200
3231
3182
3165
3224
3168
3292
3183
3238
3087
3104
3128
3089
3104
3034
3010
3028
3045
3001
3002
3058
3097
3139
3159
3156
3128
3067
3082
3145
3090
3049
3029
3036
2966
3026
3059
3163
3129
3143
3130
3158
3149
3135
3136
3117
3143
3182
3083
3075
3053
3053
3080
3063
3066
3023
3030
2970
3013
3033
2972
3063
2932
2925
2912
2909
2950
2931
2971
2959
2962
2886
2916
2968
2967
2947
2889
2828
2812
2809
2774
2811
2788
2855
2848
2806
2800
2824
2774
2813
2850
2871
2827
2956
2833
2838
2753
2793
2794
2797
2748
2698
2787
2807
2801
2771
2839
2767
2756
2727
2734
2736
2658
2649
2642
2604
2657
2622
2633
2575
2580
2579
2554
2546
2540
2452
2457
2511
2448
2479
2486
2464
2431
2459
2446
2496
2523
2542
2529
2558
2513
2564
2499
2560
2466
2534
2553
2593
2586
2611
2640
2651
2667
2590
2603
2584
2686
2626
2645
2627
2643
2628
2618
2680
2637
2652
2691
2693
2646
2700
2624
2585
2642
2570
2585
2611
2566
2540
2548
2564
2521
2502
2505
2508
2539
2619
2583
2628
2648
2603
2699
2644
2654
2608
2640
2677
2637
2654
2675
2772
2713
2814
2831
2835
2829
2843
2904
2950
2822
2819
2875
2871
2879
2812
2770
2743
2733
2753
2744
2740
2796
2794
2722
2696
2733
2708
2759
2762
2804
2802
2878
2864
2921
2885
2853
2891
2830
2884
2822
2809
2806
2749
2698
2693
2711
2731
2724
2719
2707
2631
2648
2663
2738
2651
2677
2643
2591
2633
2624
2713
2682
2662
2678
2637
2716
2717
2671
2669
2686
2701
2647
2669
2697
2640
2739
2629
2736
2730
2781
2689
2753
2673
2686
2645
2676
2598
2663
2656
2679
2687
2723
2726
2761
2688
2819
2743
2727
2723
2695
2687
2646
2679
2652
2686
2719
2687
2771
2786
2736
2726
2625
2651
2598
2623
2584
2656
2589
2555
2533
2529
2482
2508
2518
2553
2574
2516
2553
2586
2566
2548
2591
2586
2593
2661
2623
2624
2605
2611
2526
2622
2544
2630
2560
2548
2553
2587
2609
2548
2578
2633
2633
2684
2636
2690
2645
2625
2553
2601
2577
2541
2536
2546
2584
2500
2519
2480
2500
2447
2504
2472
2490
2543
2441
2455
2472
2409
2429
2381
2422
2441
2474
2463
2509
2481
2513
2448
2376
2390
2439
2352
2391
2362
2381
2392
2425
2483
2430
2389
2453
2381
2467
2390
2339
2301
2280
2305
2299
2259
2253
2275
2212
2299
2324
2297
2299
2204
2262
2240
2214
2155
2205
2190
2244
2150
2125
2102
2148
2123
2129
2150
2218
2147
2213
2207
2266
2149
2243
2214
2216
2200
2135
2189
2179
2214
2194
2154
2182
2235
2236
2245
2218
2166
2115
2111
2130
2113
2113
2114
2140
2199
2229
2185
2238
2250
2259
2202
2185
2210
2176
2241
2221
2229
2181
2123
2128
2049
2093
2095
2089
2085
2043
2089
2083
2102
2101
2135
2155
2149
2140
2187
2176
2237
2219
2218
2208
2200
2186
2189
2204
2189
2134
2149
2203
2172
2158
2193
2163
2147
2135
2187
2122
2077
2066
2084
2085
2100
2107
2096
2121
2118
2058
2087
2056
2095
2024
2013
2002
2053
2093
2090
2067
2070
2049
2060
2080
2122
2125
2162
2156
2122
2184
2202
2202
2197
2148
2205
2145
2086
2031
2103
2070
2093
2064
2020
2020
1978
1951
1919
1892
1845
1818
1846
1906
1920
1916
1876
1856
1871
1868
1849
1840
1830
1883
1850
1907
1897
1956
1987
1966
1936
1965
1978
2037
2010
2005
1975
2033
2003
2040
2018
2080
2073
2127
2117
2084
2057
2026
2020
2017
2044
2030
2020
2046
2016
2032
2019
2043
1998
2008
2000
2058
2097
2105
2100
2091
2093
2153
2151
2105
2218
2118
2193
2117
2070
2074
2035
2010
2003
2052
2036
2042
1973
1980
1990
1978
2009
1958
1966
1991
1979
2010
2047
2098
2057
2099
2150
2112
2111
2071
2037
1991
2019
2010
2043
1978
1951
1942
1928
1933
1924
1922
1887
1913
1896
1918
1882
1894
1880
1910
1898
1883
1877
1877
1816
1840
1807
1841
1784
1869
1779
1793
1783
1758
1773
1800
1791
1834
1844
1809
1785
1731
1790
1698
1791
1747
1833
1760
1781
1767
1756
1748
1777
1768
1764
1782
1788
1794
1816
1795
1768
1752
1814
1812
1835
1890
1881
1903
1913
1959
1952
1917
1979
1972
1983
1986
2004
1990
2018
1949
1957
1919
1962
1918
1960
1987
2005
2001
1957
1994
1953
2014
1936
1940
1935
1932
1925
2003
1957
1967
1981
2025
1987
2016
1940
1930
1915
1905
1882
1914
1909
1816
1816
1812
1798
1806
1820
1800
1832
1758
1804
1785
1789
1758
1832
1760
1740
1731
1750
1757
1749
1700
1689
1693
1704
1653
1661
1670
1696
1697
1724
1719
1722
1724
1687
1714
1716
1757
1801
1790
1818
1800
1836
1814
1831
1836
1874
1830
1827
1829
1866
1881
1861
1850
1916
1875
1950
1939
1962
1927
1894
1918
1969
1920
1909
