11845
13420
11503
11254
10544
10227
9853
9525
9114
8831
8491
8282
8147
7951
7717
7622
7365
7249
7056
6940
6753
6741
6572
6401
6408
6289
6219
6277
6150
6125
6160
6051
6009
5977
5693
5622
5501
5448
5392
5372
5294
5330
5186
5206
5098
5076
4933
4877
4815
4811
4769
4715
4690
4661
4677
4594
4625
4630
4646
4582
4510
4444
4399
4359
4291
4223
4229
4126
4125
4049
3995
4027
3973
3958
3880
3942
3953
3806
3930
3871
3897
3900
3885
3835
3907
3850
3871
3859
3897
3913
3893
3814
3760
3736
3675
3547
3568
3517
3543
3622
3597
3625
3551
3591
3440
3551
3569
3574
3661
3615
3610
3654
3703
3654
3628
3579
3601
3654
3572
3698
3601
3648
3597
3658
3554
3488
3543
3462
3543
3450
3505
3417
3417
3343
3445
3452
3485
3552
3598
3628
3578
3655
3524
3655
3525
3617
3482
3450
3451
3433
3297
3392
3395
3473
3407
3393
3322
3330
3318
3245
3209
3214
3235
3275
3236
3172
3204
3190
3268
3326
3265
3228
3129
3114
3043
3088
2988
3007
2945
3007
2902
2987
2996
3050
3115
3072
3022
3046
3060
3012
3067
3059
3111
3113
3166
3244
3135
3181
3225
3147
3244
3147
3187
3150
3150
3117
3218
3153
3267
3166
3216
3186
3111
3104
3082
3070
3051
3076
3080
3146
3122
3144
3109
3162
3086
3144
3116
3066
3096
3026
2982
3058
3049
3019
3074
3049
3007
3048
2996
3012
3048
3054
3030
3002
3031
3029
3000
3018
3043
2950
3000
2935
2857
2884
2841
2795
2806
2818
2828
2808
2804
2708
2720
2709
2704
2731
2724
2663
2644
2687
2723
2712
2668
2634
2594
2538
2564
2515
2544
2438
2390
2421
2403
2357
2341
2305
2343
2286
2337
2231
2296
2305
2374
2409
2397
2393
2432
2472
2459
2482
2425
2479
2386
2397
2350
2453
2487
2478
2515
2528
2530
2573
2507
2492
2551
2522
2571
2515
2460
2387
2429
2396
2403
2404
2398
2393
2363
2362
2320
2369
2370
2366
2411
2393
2400
2448
2352
2365
2303
2304
2301
2355
2266
2290
2256
2224
2166
2204
2188
2214
2213
2221
2213
2186
2229
2229
2247
2200
2271
2218
2280
2226
2315
2280
2317
2283
2278
2323
2269
2300
2340
2322
2277
2279
2273
2254
2272
2198
2243
2230
2212
2257
2227
2248
2245
2245
2263
2258
2265
2218
2258
2205
2271
2244
2266
2189
2217
2231
2233
2268
2201
2299
2238
2264
2275
2160
2182
2146
2184
2142
2116
2094
2055
2066
2054
2057
2045
2032
2063
2079
2129
2139
2151
2144
2199
2194
2136
2154
2144
2126
2068
2086
2117
2143
2144
2098
2156
2162
2221
2204
2232
2250
2175
2183
2227
2219
2251
2246
2258
2272
2222
2221
2255
2286
2219
2231
2178
2178
2163
2148
2177
2163
2086
2144
2113
2110
2120
2058
2056
2082
2052
2084
2078
2041
2107
1996
1996
1956
2012
2001
2038
2012
1978
1982
1942
1938
1934
1941
1921
1964
1968
1993
1940
1965
1905
1972
1932
1986
1983
2014
2039
1995
2006
2008
2059
2082
2034
2083
2130
2045
2076
2038
2091
2016
2074
2039
2046
2025
2055
2027
2003
2023
2020
1939
1929
1955
1892
1942
1912
1910
1903
1888
1883
1893
1904
1920
1936
1921
1880
1904
1885
1914
1903
1888
1865
1901
1920
1874
1917
1930
1940
1931
1940
1983
1997
1878
1885
1847
1825
1810
1820
1810
1789
1833
1829
1862
1817
1798
1780
1770
1785
1759
1781
1827
1748
1779
1765
1798
1815
1819
1830
1788
1756
1782
1752
1786
1780
1822
1747
1767
1780
1788
1816
1863
1876
1902
1859
1955
1910
1888
1927
1909
1861
1875
1846
1891
1828
1818
1803
1845
1852
1865
1820
1819
1812
1789
1775
1833
1856
1855
1899
1823
1821
1828
1803
1815
1809
1816
1828
1844
1810
1775
1774
1764
1781
1779
1770
1747
1730
1743
1705
1735
1692
1715
1721
1741
1701
1739
1737
1709
1687
1737
1695
1702
1691
1699
1682
1694
1642
1635
1660
1633
1709
1688
1687
1671
1702
1717
1700
1710
1658
1683
1661
1705
1647
1660
1667
1692
1663
1667
1685
1697
1766
1727
1768
1763
1740
1741
1754
1752
1761
1766
1761
1746
1743
1695
1775
1717
1832
1743
1821
1788
1843
1805
1851
1800
1817
1803
1801
1821
1852
1861
1872
1814
1888
1839
1884
1830
1886
1882
1828
1930
1902
1902
1889
1929
1925
1911
1972
1956
2006
1972
1996
1946
1943
1963
1929
1911
1911
1925
1935
1931
1912
1937
1970
1904
2011
1970
1995
1964
1932
1932
1913
1950
1869
1864
1861
1870
1900
1883
1877
1877
1900
1848
1850
1824
1844
1844
1878
1906
1903
1945
1896
1907
1893
1893
1832
1858
1869
1797
1835
1880
1860
1872
1905
1881
1936
1968
1982
1977
1954
1934
1972
1977
1977
1978
2011
1987
1992
1988
1989
1951
1933
1971
1934
1883
1916
1909
1936
1896
1945
1892
1961
1964
2018
1973
2016
1949
1945
1960
1960
1907
1923
1928
1972
1944
1910
1911
1902
1903
1865
1873
1881
1854
1838
1867
1890
1879
1867
1919
1915
1911
1881
1863
1881
1850
1859
1838
1828
1836
1809
1796
1812
1815
1845
1817
1815
1843
1849
1822
1854
1869
1872
1909
1891
1833
1871
1831
1812
1816
1790
1823
1813
1811
1797
1810
1794
1788
1733
1783
1753
1756
1761
1783
1777
1774
1829
1740
1752
1765
1802
1750
1771
1785
1773
1808
1748
1745
1722
1764
1733
1704
1737
1706
1726
1702
1708
1747
1777
1727
1718
1721
1698
1736
1696
1733
1681
1704
1711
1715
1683
1717
1706
1717
1699
1658
1649
1656
1623
1656
1635
1667
1662
1680
1691
1684
1714
1690
1721
1698
1704
1681
1666
1660
1641
1657
1655
1675
1647
1644
1679
1673
1708
1711
1692
1690
1765
1755
1779
1773
1759
1743
1757
1712
1758
1697
1738
1662
1697
1719
1691
1728
1726
1748
1748
1725
1705
1682
1677
1689
1645
1637
1632
1633
1617
1637
1647
1642
1658
1665
1649
1676
1671
1694
1658
1652
1648
1669
1642
1638
