12093
13882
11710
11437
10880
10622
10301
9780
9683
9131
8939
8566
8400
8204
8038
7707
7783
7340
7198
7069
6917
6772
6642
6496
6428
6328
6316
6149
6116
6087
5941
5841
5872
5844
5809
5693
5729
5632
5598
5494
5491
5333
5365
5363
5391
5324
5210
5251
5124
5148
5188
5211
5058
4974
4913
4908
5053
4994
5058
4966
5060
4921
4929
4912
4969
4820
4860
4842
4893
4793
4798
4723
4772
4771
4634
4622
4714
4596
4627
4528
4567
4492
4460
4362
4266
4300
4304
4203
4191
4112
4189
4135
4156
4178
4174
4140
4153
4180
4138
4220
4234
4112
4165
4226
4200
4185
4174
4213
4227
4225
4186
4128
4228
4265
4214
4234
4179
4176
4150
4066
4076
4162
3992
3982
3919
3961
4023
4103
4091
4125
4117
3999
4074
4011
4042
3991
3987
4053
3905
3930
3868
3815
3850
3817
3820
3735
3831
3778
3700
3704
3807
3800
3715
3752
3725
3760
3728
3732
3644
3673
3713
3728
3612
3565
3528
3584
3601
3642
3567
3645
3621
3512
3595
3574
3579
3590
3537
3572
3545
3606
3553
3545
3550
3497
3517
3464
3461
3469
3458
3503
3518
3610
3620
3572
3596
3642
3690
3685
3610
3440
3461
3418
3507
3402
3426
3369
3471
3371
3385
3279
3360
3280
3298
3254
3267
3257
3349
3266
3342
3224
3279
3263
3281
3311
3326
3311
3286
3372
3372
3337
3346
3433
3382
3393
3417
3409
3334
3379
3311
3347
3351
3311
3289
3261
3189
3161
3157
3177
3196
3143
3138
3301
3201
3207
3191
3170
3221
3215
3157
3179
3175
3119
3140
3109
3073
3087
3106
3053
3071
3023
3073
2970
3017
3035
3068
2986
2939
2934
2886
3000
2980
3032
3004
2989
2889
2863
2880
2808
2859
2800
2839
2823
2818
2776
2640
2755
2713
2759
2734
2659
2641
2641
2678
2665
2710
2612
2644
2672
2710
2725
2820
2863
2942
3005
2936
2942
2894
2917
2878
2879
2853
2894
2866
2922
2877
2878
2884
2931
2977
3026
3041
3032
3038
3006
3097
3058
3142
3137
3175
3245
3232
3281
3193
3252
3105
3130
3153
3129
3129
3147
3049
3050
2903
2965
2852
2949
2884
2939
2916
2992
3028
3063
3020
2935
2987
2955
2968
2829
2848
2845
2877
2853
2873
2863
2904
2956
2916
2889
2960
2969
3009
3005
2930
2987
3045
3074
3069
3090
3067
3119
3054
3040
2968
2933
2931
2903
2892
2892
2837
2776
2789
2625
2680
2660
2628
2658
2644
2633
2717
2683
2709
2636
2673
2641
2694
2724
2707
2650
2616
2576
2513
2584
2550
2471
2518
2473
2535
2570
2526
2533
2550
2595
2588
2643
2603
2562
2587
2587
2540
2556
2503
2484
2426
2394
2396
2375
2386
2378
2429
2363
2412
2433
2369
2503
2413
2384
2373
2422
2365
2325
2315
2317
2265
2222
2294
2194
2228
2191
2215
2182
2202
2183
2190
2179
2239
2241
2284
2276
2313
2308
2381
2346
2339
2378
2399
2446
2369
2345
2298
2268
2255
2233
2179
2240
2234
2232
2274
2339
2323
2327
2273
2337
2259
2190
2215
2224
2194
2178
2086
2097
2142
2127
2125
2080
2112
2063
2084
2082
2106
2108
2109
2035
2021
1991
1985
1992
2000
1975
1988
1967
1904
1889
1846
1856
1878
1897
1874
1814
1821
1834
1841
1892
1932
1956
1988
1989
2016
2044
2047
2058
2035
2062
2105
2130
2137
2086
2089
2076
2088
2076
2031
2037
2060
2058
2091
2038
2063
2035
2100
2063
2119
2060
2021
2075
2063
2063
2106
2101
2116
2115
2146
2117
2140
2168
2160
2207
2198
2199
2160
2222
2176
2183
2131
2140
2073
2074
2030
2050
2046
2016
2014
2004
2030
2065
2051
2095
2096
2129
2113
2112
2032
2064
2031
2057
2054
2016
2047
2045
2036
2026
2091
2060
2072
2057
2053
2028
1991
2009
2010
2013
2058
2059
2055
1995
2089
2035
2054
2053
1991
2070
2023
2072
2026
2066
2046
2089
2014
2092
2065
2096
2108
2113
2074
2111
2077
2161
2156
2096
2045
2080
1985
1971
1967
1967
1964
1978
2050
1948
2005
1960
2009
2005
2023
2008
2004
2003
2025
1967
1917
1894
1891
1910
1873
1945
1885
1916
1882
1891
1900
1885
1880
1885
1860
1858
1891
1943
1922
1961
1926
1927
1901
1915
1918
1887
1929
1925
1918
1964
1904
1898
1899
1927
1944
1965
1982
2006
1982
1956
1924
1973
1940
1960
1937
1967
1957
2008
2001
2018
2013
2018
1989
2011
2019
2006
1994
2011
1980
1997
1965
1966
1969
2044
1994
2001
1955
2025
1997
1958
2056
2028
2044
2008
2024
2026
2082
2014
2037
2024
2023
2009
2038
2009
2047
2040
2055
2026
2026
2063
2035
2038
2061
2070
2055
2083
2132
2166
2112
2107
2072
2071
2187
2060
2112
2077
2109
2010
2032
2042
2079
2013
2070
2033
2057
2036
2049
2035
2063
2026
2033
2026
2073
2062
2098
2102
2037
2038
2043
2050
2009
2047
2031
2013
2060
2006
2068
2033
2082
2041
2027
2022
1990
2015
2003
2040
2007
1983
1995
1951
1973
1989
1978
2035
1987
2040
1954
2014
2004
2053
2018
1985
1993
1953
1950
1961
1933
1990
2004
2003
1993
1977
1937
1967
1911
1902
1862
1857
1835
1887
1896
1856
1827
1811
1832
1820
1816
1822
1750
1798
1732
1787
1739
1771
1756
1792
1781
1816
1816
1853
1866
1804
1841
1865
1881
1860
1843
1832
1861
1849
1829
1829
1857
1834
1840
1847
1856
1835
1818
1817
1815
1768
1785
1790
1778
1774
1780
1756
1784
1743
1750
1734
1748
1773
1804
1828
1832
1855
1833
1823
1802
1759
1770
1756
1783
1760
1727
1737
1718
1736
1709
1680
1653
1676
1652
1614
1653
1639
1661
1676
1695
1674
1706
1707
1738
1748
1745
1746
1767
1744
1718
1709
1698
1733
1709
1702
1698
1665
1637
1642
1639
1639
1629
1668
1597
1636
1605
1633
1613
1613
1593
1615
1608
1617
1645
1629
1640
1629
1617
1619
1634
1659
1667
1688
1670
1651
1637
1671
1601
1622
1629
1623
1607
1630
1631
1650
1613
1627
1605
1619
1592
1608
