12135
13915
11766
11349
10613
10088
9830
9597
9317
9011
8749
8533
8154
8002
7858
7659
7343
7025
6953
6936
6836
6769
6622
6674
6478
6502
6322
6370
6236
6252
6146
6152
6039
5994
5968
6003
5839
5696
5591
5544
5451
5363
5485
5430
5273
5404
5058
5173
5088
5146
5089
5032
4986
4849
4917
4776
4736
4773
4679
4630
4490
4587
4436
4281
4208
4253
4099
4039
3977
3812
3787
3696
3761
3722
3736
3752
3726
3697
3731
3682
3723
3638
3614
3549
3552
3556
3509
3597
3544
3493
3500
3503
3486
3434
3460
3494
3405
3472
3414
3508
3447
3585
3546
3615
3530
3575
3518
3617
3565
3603
3597
3564
3552
3523
3627
3569
3605
3584
3419
3441
3435
3395
3476
3393
3360
3285
3429
3287
3303
3268
3334
3359
3370
3338
3324
3363
3260
3224
3196
3170
3107
3148
3143
3153
3207
3198
3250
3182
3233
3259
3320
3270
3260
3325
3343
3320
3254
3238
3154
3096
3151
3093
3153
3021
3090
3096
3072
3028
3078
3036
3076
3047
3095
3048
3024
3094
2993
3013
2976
3115
3052
3051
3089
3054
3028
3013
2923
3004
2920
2985
2929
3017
2885
2952
2877
2879
2879
2881
2927
2901
2932
3010
3057
3075
2988
2980
2965
2905
2934
2932
2898
2810
2872
2801
2830
2825
2846
2907
2903
2886
2824
2797
2787
2835
2789
2802
2829
2752
2778
2812
2838
2853
2931
2878
2910
2964
2876
2865
2821
2727
2794
2768
2749
2713
2683
2651
2606
2639
2609
2587
2578
2619
2683
2584
2605
2602
2646
2629
2558
2676
2590
2487
2586
2466
2440
2486
2435
2464
2462
2496
2467
2485
2507
2462
2456
2392
2365
2333
2292
2266
2279
2275
2290
2237
2291
2212
2226
2195
2193
2156
2139
2169
2148
2181
2113
2187
2173
2176
2167
2155
2127
2096
2098
2111
2116
2119
2114
2071
2187
2165
2194
2181
2211
2194
2188
2104
2140
2210
2123
2152
2136
2109
2083
2075
2088
2070
2078
2045
2025
1984
2023
2018
1953
2030
2006
1957
2017
1984
2015
1993
2012
2022
2023
2047
2078
2082
2117
2136
2177
2149
2129
2124
2126
2030
2054
2025
2106
2046
2096
2023
2025
2015
2073
2066
2049
2052
2061
2081
2092
2154
2167
2179
2139
2166
2142
2153
2106
2110
2092
2086
2065
2085
2060
2092
2086
2082
2073
2052
2093
2048
2098
2025
2133
2075
2168
2129
2083
2067
2024
2001
2049
2032
2081
2020
2076
2015
2037
2018
2072
2030
2067
2106
2096
2062
2059
2067
2094
2055
2112
2140
2098
2057
1984
2003
1992
2022
1987
1957
1981
1967
1981
1979
1949
1983
1958
1976
1996
2032
2023
1980
1954
1950
2003
2005
2039
2080
2104
2128
2162
2176
2209
2122
2146
2148
2138
2134
2133
2157
2102
2101
2177
2188
2213
2165
2164
2191
2180
2129
2137
2154
2217
2178
2229
2155
2177
2197
2227
2206
2252
2215
2272
2263
2304
2280
2268
2235
2244
2206
2219
2203
2239
2229
2225
2209
2130
2090
2043
2103
2079
2189
2097
2176
2120
2144
2141
2119
2147
2200
2113
2138
2127
2194
2193
2206
2202
2213
2208
2185
2178
2178
2268
2224
2247
2205
2237
2212
2141
2128
2092
2054
2112
2110
2082
2114
2160
2179
2200
2134
2210
2158
2170
2215
2244
2246
2318
2327
2300
2269
2298
2283
2310
2324
2337
2368
2382
2351
2364
2353
2416
2354
2474
2398
2399
2404
2368
2335
2385
2397
2346
2367
2418
2403
2361
2349
2383
2355
2400
2373
2423
2366
2374
2338
2342
2314
2302
2301
2217
2304
2283
2288
2310
2303
2349
2320
2304
2286
2292
2315
2286
2351
2265
2275
2282
2273
2357
2310
2318
2253
2263
2210
2282
2245
2274
2247
2273
2302
2257
2330
2296
2362
2295
2367
2332
2372
2365
2394
2377
2381
2360
2365
2405
2444
2371
2402
2403
2494
2432
2488
2574
2491
2417
2385
2427
2335
2375
2316
2360
2360
2387
2386
2346
2334
2398
2371
2392
2388
2290
2278
2327
2295
2330
2343
2397
2281
2287
2303
2289
2257
2294
2296
2304
2259
2236
2206
2267
2216
2187
2224
2267
2210
2205
2230
2215
2224
2218
2223
2185
2157
2201
2158
2190
2137
2169
2154
2167
2098
2132
2080
2083
2131
2111
2167
2133
2187
2171
2238
2252
2229
2230
2230
2207
2255
2213
2291
2192
2236
2225
2227
2278
2232
2204
2255
2216
2200
2204
2199
2218
2207
2274
2193
2229
2229
2279
2221
2220
2258
2235
2204
2240
2219
2204
2213
2205
2200
2159
2182
2190
2167
2177
2214
2196
2227
2196
2197
2166
2116
2164
2139
2106
2171
2115
2148
2106
2134
2216
2102
2178
2104
2146
2137
2093
2097
2042
2085
2051
2056
2046
2100
2119
2186
2191
2259
2186
2224
2172
2282
2249
2206
2259
2267
2279
2286
2291
2253
2282
2261
2243
2284
2269
2306
2281
2364
2303
2388
2378
2355
2375
2360
2357
2333
2430
2351
2360
2300
2393
2397
2441
2415
2486
2446
2483
2450
2470
2467
2517
2526
2561
2566
2560
2589
2552
2501
2536
2555
2602
2626
2648
2634
2567
2594
2562
2572
2607
2626
2573
2615
2564
2537
2506
2557
2482
2565
2435
2448
2396
2408
2342
2347
2335
2336
2374
2312
2325
2331
2286
2357
2281
2329
2339
2353
2241
2310
2279
2318
2223
2238
2160
2152
2130
2117
2156
2189
2174
2177
2229
2203
2237
2211
2240
2269
2294
2235
2238
2230
2205
2236
2240
2258
2255
2252
2258
2241
2262
2237
2212
2237
2213
2168
2134
2126
2123
2156
2194
2164
2151
2161
2178
2188
2216
2187
2213
2187
2180
2128
2180
2170
2156
2152
2164
2171
2158
2161
2179
2132
2217
2156
2175
2185
2206
2258
2191
2236
2237
2192
2193
2188
2191
2213
2229
2195
2194
2195
2187
2262
2274
2269
2286
2308
2305
2279
2247
2203
2229
2227
2232
2266
2269
2290
2301
2262
2227
2251
2221
2287
2267
2271
2259
2285
2268
2298
2305
2357
2391
2386
2357
2392
2393
2394
2375
2392
2381
2365
2386
2345
2360
2319
2354
2302
2317
2325
