12036
13889
11689
11516
10879
10354
9822
9689
9241
8853
8479
8176
7876
7678
7553
7258
7190
6989
6998
6751
6706
6562
6422
6433
6221
6192
6025
6018
5851
5821
5775
5465
5566
5441
5475
5449
5569
5448
5391
5385
5389
5339
5266
5208
5133
5059
4936
4924
4828
4878
4774
4658
4670
4731
4579
4566
4643
4541
4456
4548
4473
4569
4474
4560
4383
4393
4231
4217
4154
4103
3946
4103
4032
4133
3968
4014
4028
3990
3996
3986
4027
4093
4072
4124
3980
3953
3928
3932
3799
3732
3820
3706
3803
3714
3761
3653
3741
3732
3634
3557
3497
3571
3461
3359
3425
3447
3492
3420
3429
3408
3392
3366
3362
3338
3393
3247
3363
3361
3365
3320
3236
3289
3213
3207
3076
3099
3040
2936
2971
2917
2924
2855
2861
2845
2863
2875
2874
2906
2881
2885
2773
2832
2790
2823
2769
2860
2849
2897
2830
2873
2819
2853
2906
2926
3003
2967
2961
2901
2913
2899
2862
2841
2860
2886
2862
2746
2707
2728
2693
2689
2650
2628
2575
2596
2541
2619
2553
2497
2509
2482
2458
2436
2441
2413
2407
2412
2441
2400
2391
2396
2407
2403
2432
2424
2394
2407
2363
2368
2330
2315
2350
2312
2353
2387
2356
2354
2355
2344
2342
2388
2343
2360
2315
2300
2207
2195
2212
2165
2214
2204
2229
2193
2245
2200
2210
2166
2212
2087
2134
2030
2064
2054
2122
2127
2110
2115
2182
2195
2182
2191
2243
2272
2291
2324
2337
2324
2336
2353
2285
2256
2253
2239
2272
2278
2232
2202
2202
2215
2172
2160
2152
2128
2072
2047
2099
2043
2097
2135
2152
2159
2082
2039
2077
2076
2037
2121
2077
2075
1989
2003
1989
1950
1983
1969
1956
1931
1938
1968
1858
1864
1898
1871
1911
1883
1955
1923
1937
1913
1912
1850
1814
1822
1763
1872
1850
1885
1922
1881
1849
1847
1835
1845
1793
1814
1819
1824
1818
1840
1882
1941
2013
2057
2061
2109
2117
2075
2107
2134
2052
2079
2037
2033
1957
1966
1957
1919
1932
1929
1885
1887
1909
1874
1888
1910
1915
1934
1968
1948
1974
1968
1947
1986
1980
2070
2032
2023
1996
1974
2029
1970
2066
2004
2055
2067
2052
2058
2083
2051
2059
2076
2076
2046
2086
2045
2043
2009
2054
2030
2063
2080
2058
2018
1985
1978
1894
1878
1861
1866
1849
1891
1852
1862
1904
1873
1896
1901
1888
1851
1872
1887
1865
1856
1832
1863
1841
1869
1841
1826
1817
1804
1808
1797
1859
1780
1776
1749
1757
1750
1758
1756
1763
1762
1749
1795
1772
1754
1729
1737
1778
1743
1780
1778
1755
1738
1693
1731
1727
1734
1699
1706
1664
1678
1679
1657
1712
1745
1744
1719
1676
1680
1616
1592
1620
1607
1610
1652
1660
1639
1563
1578
1546
1569
1569
1620
1606
1626
1596
1567
1569
1595
1608
1613
1636
1608
1590
1621
1647
1629
1632
1636
1624
1648
1647
1615
1593
1613
1648
1649
1662
1652
1678
1653
1630
1660
1669
1622
1652
1669
1660
1673
1657
1651
1656
1693
1686
1696
1667
1723
1695
1678
1654
1661
1671
1615
1583
1594
1576
1584
1606
1614
1636
1599
1669
1649
1689
1678
1680
1652
1630
1658
1684
1711
1703
1682
1684
1698
1664
1675
1621
1596
1642
1606
1667
1646
1649
1677
1643
1691
1611
1647
1611
1618
1596
1610
1643
1619
1641
1650
1608
1609
1638
1653
1613
1641
1666
1621
1672
1613
1637
1580
1610
1636
1657
1663
1633
1629
1591
1612
1593
1623
1643
1659
1650
1678
1667
1654
1719
1690
1707
1715
1704
1711
1716
1649
1665
1681
1681
1669
1675
1723
1683
1646
1678
1661
1658
1617
1623
1647
1600
1619
1636
1676
1642
1744
1675
1665
1641
1668
1609
1622
1631
1625
1636
1636
1648
1612
1670
1637
1661
1630
1631
1595
1579
1601
1524
1574
1543
1592
1572
1563
1582
1626
1625
1666
1651
1666
1629
1698
1644
1655
1630
1657
1648
1629
1646
1654
1682
1696
1709
1714
1729
1747
1755
1808
1775
1818
1818
1782
1760
1754
1706
1751
1761
1736
1708
1752
1639
1649
1649
1660
1690
1649
1653
1686
1634
1659
1654
1619
1617
1624
1654
1657
1667
1721
1703
1733
1669
1699
1676
1713
1705
1725
1721
1727
1720
1715
1672
1682
1692
1644
1673
1635
1620
1646
1690
1715
1660
1671
1669
1646
1660
1665
1678
1657
1641
1616
1630
1613
1605
1565
1562
1567
1549
1555
1523
1523
1538
1511
1524
1537
1525
1579
1575
1611
1623
1646
1606
1612
1605
1611
1589
1663
1656
1681
1668
1664
1614
1616
1630
1619
1620
1644
1620
1611
1596
1601
1607
1615
1628
1646
1607
1567
1598
1599
1645
1641
1615
1624
1625
1607
1595
1576
1584
1563
1546
1548
1534
1563
1552
1552
1574
1527
1575
1557
1587
1610
1579
1591
1547
1541
1528
1507
1521
1530
1540
1530
1519
1552
1572
1574
1640
1636
1598
1597
1604
1585
1639
1619
1627
1641
1626
1580
1607
1579
1585
1629
1607
1607
1653
1619
1648
1677
1623
1625
1587
1599
1539
1557
1581
1559
1572
1547
1545
1536
1520
1547
1502
1559
1536
1590
1567
1583
1589
1559
1571
1578
1613
1628
1598
1620
1615
1636
1657
1672
1650
1666
1615
1644
1619
1649
1652
1640
1604
1634
1654
1716
1663
1701
1679
1726
1705
1699
1638
1702
1648
1714
1642
1736
1627
1655
1627
1599
1614
1567
1581
1597
1623
1634
1643
1593
1590
1551
1546
1577
1645
1565
1547
1536
1524
1563
1570
1605
1590
1621
1616
1639
1601
1587
1560
1526
1509
1536
1491
1499
1504
1499
1509
1481
1505
1528
1504
1489
1526
1518
1526
1479
1552
1543
1539
1567
1540
1547
1545
1568
1576
1561
1587
1592
1630
1575
1596
1608
1629
1642
1656
1681
1656
1681
1641
1634
1656
1679
1679
1655
1666
1656
1695
1681
1704
1681
1702
1681
1700
1653
1683
1731
1678
1723
1708
1759
1764
1807
1770
1806
1736
1775
1802
1798
1822
1780
1799
1734
1749
1684
1679
1717
1698
1698
1683
1690
