11990
13757
11537
11322
10493
10227
9652
9335
9277
8842
8718
8512
8364
8085
8088
7801
7657
7552
7355
7207
7025
6868
6839
6752
6703
6468
6361
6214
6313
6114
6072
5990
6043
6053
5942
5848
5801
5706
5670
5625
5695
5489
5558
5430
5360
5303
5355
5245
5226
5218
5144
5110
5095
5091
5088
5084
5033
4958
4874
4832
4899
4846
4853
4777
4635
4689
4635
4695
4578
4692
4734
4768
4746
4656
4694
4679
4600
4565
4404
4393
4284
4239
4302
4178
4293
4196
4334
4285
4223
4188
4206
4126
4078
4099
4081
3993
4016
4025
3948
3963
3836
3807
3829
3757
3799
3673
3609
3563
3586
3582
3574
3571
3576
3614
3563
3696
3693
3699
3740
3675
3788
3668
3759
3535
3564
3526
3487
3509
3468
3466
3499
3402
3480
3426
3376
3387
3401
3367
3429
3433
3416
3357
3360
3401
3361
3357
3496
3440
3461
3432
3463
3427
3458
3501
3584
3550
3539
3556
3470
3497
3447
3468
3448
3547
3419
3419
3446
3453
3417
3358
3445
3294
3327
3211
3194
3163
3253
3170
3149
3094
3171
3060
3109
3101
3157
3077
3171
3134
3137
3132
3139
3140
3158
3133
3253
3213
3231
3164
3139
3123
3149
3086
3146
3123
3155
3077
3175
3209
3248
3270
3157
3215
3172
3173
3100
3094
3048
3010
2940
2899
2912
2743
2816
2788
2805
2815
2845
2765
2900
2820
2976
2881
2874
2816
2862
2815
2917
2923
2890
2824
2866
2840
2902
2876
2953
2938
2981
2901
3015
2951
3001
2959
2897
2884
2912
2812
2882
2845
2836
2758
2752
2810
2729
2803
2848
2840
2837
2905
2844
2972
2866
2896
2797
2837
2840
2835
2847
2916
2771
2894
2751
2777
2695
2689
2709
2730
2718
2802
2742
2779
2780
2836
2814
2705
2758
2770
2723
2830
2822
2841
2894
2960
2981
3008
2980
3026
3004
2975
2989
3026
2984
2959
2992
3034
2967
3004
2958
2943
2962
2948
2916
2835
2762
2818
2774
2731
2790
2776
2848
2840
2870
2830
2841
2790
2795
2769
2778
2702
2643
2660
2664
2684
2650
2689
2647
2657
2637
2591
2615
2688
2640
2712
2700
2617
2632
2570
2569
2546
2533
2564
2579
2593
2668
2675
2611
2682
2623
2653
2599
2574
2647
2629
2652
2660
2649
2622
2614
2562
2565
2600
2568
2546
2546
2566
2510
2573
2491
2523
2518
2550
2560
2613
2620
2599
2560
2634
2550
2570
2523
2585
2618
2646
2627
2651
2566
2621
2510
2530
2571
2569
2609
2507
2578
2556
2615
2587
2613
2591
2653
2674
2637
2660
2653
2775
2707
2736
2705
2698
2770
2778
2770
2712
2678
2746
2694
2704
2723
2694
2711
2740
2762
2718
2694
2694
2696
2695
2732
2655
2679
2620
2673
2616
2601
2546
2559
2554
2531
2608
2573
2594
2646
2663
2662
2682
2656
2570
2578
2544
2479
2425
2446
2422
2452
2437
2438
2466
2470
2486
2493
2513
2534
2506
2547
2475
2456
2463
2448
2452
2435
2421
2373
2380
2379
2329
2330
2335
2276
2294
2339
2319
2303
2267
2253
2272
2296
2281
2266
2284
2279
2322
2357
2283
2297
2262
2304
2271
2357
2257
2274
2257
2284
2280
2248
2265
2208
2258
2250
2323
2322
2319
2388
2414
2325
2393
2252
2247
2265
2230
2279
2236
2223
2230
2194
2160
2141
2174
2196
2185
2257
2249
2295
2307
2270
2242
2248
2306
2286
2299
2276
2264
2272
2289
2281
2288
2291
2290
2296
2361
2310
2357
2262
2228
2265
2236
2249
2319
2263
2275
2191
2192
2214
2231
2201
2156
2197
2142
2153
2108
2099
2171
2159
2186
2196
2241
2165
2120
2098
2093
2069
2036
2077
2069
2063
2084
2103
2075
2097
2149
2149
2184
2124
2105
2084
2040
2019
2014
2024
2027
2069
2036
2031
2009
2035
1973
1977
1944
1961
1983
2053
2062
2082
2084
2106
2129
2180
2232
2220
2233
2248
2245
2213
2267
2262
2325
2333
2282
2329
2328
2348
2315
2380
2327
2292
2272
2246
2278
2265
2295
2324
2305
2313
2287
2246
2272
2166
2254
2139
2089
2088
2071
2072
2071
2077
2026
2013
2024
2011
1959
1992
1905
1980
1915
1956
1924
1875
1887
1910
1907
1924
1955
1930
1952
1979
1925
1987
2004
2015
2049
2077
2114
2053
2134
2101
2122
2116
2109
2125
2108
2067
2020
1995
1997
1994
2012
2018
1987
2063
2051
2035
2031
2045
2059
2027
1997
2027
2024
2033
2065
2045
2095
2102
2091
2049
2010
2005
2028
2032
1993
1980
1945
1959
1958
1982
1971
2015
2002
2041
2043
2049
2062
1986
1998
1995
2015
2047
1982
1954
1979
1944
1947
1942
1985
1966
1961
1965
1932
1963
1958
1918
1927
1955
1916
1943
1965
1953
1948
1933
1933
1957
1936
1949
1945
1958
1943
1955
1998
1974
1934
1854
1868
1884
1869
1920
1915
1937
1930
1952
1912
1896
1917
1917
1926
1910
1958
1939
1935
1955
2016
1969
1963
1947
1971
1954
1947
1967
2012
1968
1946
1946
1926
1916
1908
1932
1925
1993
1927
1972
1961
2015
1987
1970
1945
1938
1947
1966
1927
1915
1902
1931
1894
1900
1877
1903
1857
1873
1875
1885
1904
1901
1908
1929
1893
1891
1855
1897
1900
1944
1969
1952
1967
1982
1975
1961
1911
1985
1898
1958
1962
1898
1901
1870
1854
1880
1891
1860
1894
1850
1855
1845
1885
1898
1931
1918
1921
1932
1948
1929
1910
1900
1912
1923
1855
1847
1853
1848
1846
1843
1871
1842
1848
1794
1832
1806
1777
1761
1721
1746
1755
1788
1767
1799
1785
1787
1775
1794
1792
1827
1835
1857
1841
1810
1845
1822
1846
1795
1839
1863
1788
1789
1811
1770
1812
1774
1766
1758
1795
1763
1781
1806
1797
1809
1798
1747
1775
1742
1779
1745
1746
1732
1742
1720
1734
1723
1753
1743
1744
1751
1765
1777
1724
1708
1706
1740
1701
1735
1715
1761
1735
1775
1785
1774
1753
1747
1725
1774
1742
1775
1759
1775
1762
1738
1764
1752
1746
1722
1711
1730
1699
1718
1708
1732
1730
1803
1730
1730
1738
1762
1727
1752
1748
