12095
13746
11790
11447
10985
10578
10116
9725
9375
9060
8625
8425
8119
7876
7639
7427
7160
7041
6859
6692
6647
6390
6453
6310
6321
6122
6120
6061
5956
5887
5821
5784
5782
5771
5686
5590
5429
5457
5301
5357
5277
5287
5202
5134
5094
5091
5020
4855
4878
4881
4922
4752
4702
4698
4648
4741
4603
4673
4644
4580
4497
4402
4381
4401
4412
4322
4329
4247
4362
4143
4183
4184
4217
4176
4280
4218
4146
4151
4132
4081
3945
3861
3903
3898
3841
3897
3824
3653
3756
3778
3722
3592
3582
3528
3515
3485
3403
3376
3403
3414
3397
3382
3398
3334
3328
3276
3372
3287
3261
3192
3089
3142
3097
3086
3141
3083
3073
3073
2983
2962
2962
2952
2973
2934
2955
2936
2937
2963
2985
2939
3029
2974
2961
2958
2863
2793
2740
2666
2687
2637
2667
2619
2675
2494
2561
2552
2542
2562
2553
2623
2630
2694
2646
2650
2696
2636
2766
2714
2738
2662
2683
2663
2635
2615
2643
2668
2639
2652
2602
2670
2643
2639
2664
2674
2720
2708
2674
2740
2654
2681
2589
2666
2601
2607
2613
2556
2566
2520
2491
2459
2478
2406
2419
2397
2459
2480
2486
2468
2421
2530
2535
2592
2545
2506
2507
2507
2460
2429
2431
2434
2461
2433
2383
2433
2424
2404
2390
2401
2441
2438
2498
2409
2471
2421
2419
2499
2477
2458
2362
2389
2349
2407
2386
2435
2346
2358
2343
2318
2381
2275
2293
2262
2295
2315
2307
2225
2212
2191
2159
2205
2170
2198
2180
2223
2247
2232
2255
2197
2213
2186
2262
2211
2239
2242
2228
2310
2234
2302
2231
2304
2252
2288
2257
2329
2290
2257
2211
2211
2209
2188
2259
2207
2243
2269
2290
2286
2301
2273
2273
2227
2256
2181
2224
2239
2249
2172
2226
2185
2160
2147
2147
2085
2150
2138
2148
2146
2146
2124
2133
2151
2164
2149
2238
2225
2246
2172
2186
2167
2229
2223
2223
2306
2306
2333
2312
2312
2245
2303
2267
2268
2306
2335
2302
2265
2350
2264
2260
2255
2259
2301
2291
2355
2332
2313
2338
2344
2290
2300
2252
2298
2299
2308
2356
2350
2344
2300
2319
2252
2247
2210
2293
2193
2334
2202
2229
2216
2304
2270
2327
2274
2311
2293
2269
2324
2261
2335
2299
2335
2353
2297
2387
2331
2307
2335
2255
2296
2257
2286
2303
2300
2329
2278
2294
2250
2261
2289
2284
2207
2271
2225
2177
2219
2166
2148
2155
2129
2101
2026
2079
2050
2150
2023
2066
2062
2123
2073
2095
2082
2058
2005
1989
2069
2005
2037
1955
2022
2031
2051
2044
2065
2051
2025
2022
2013
1967
1958
1945
1994
2005
2046
1989
2049
2008
2060
2060
2049
2076
2087
2103
2069
2068
2100
2095
2102
2104
2124
2150
2135
2103
2083
2102
2105
2080
2192
2134
2208
2166
2170
2193
2204
2266
2221
2269
2261
2253
2258
2277
2234
2251
2256
2181
2179
2186
2166
2170
2165
2164
2149
2103
2066
2078
2010
2039
1989
2026
2066
2031
2092
2070
2087
2023
2049
2050
2003
2026
2028
2036
2063
2090
2106
2134
2093
2094
2085
2074
2020
2005
2065
2086
2070
2077
2068
2062
2064
2067
2046
2067
2057
1995
2078
2066
2038
2012
1990
1931
1912
1903
1885
1902
1887
1877
1840
1826
1844
1828
1851
1829
1868
1881
1897
1887
1931
1890
1890
1912
1895
1836
1872
1839
1916
1849
1844
1831
1836
1845
1898
1880
1904
1870
1905
1946
1935
1996
1904
1892
1907
1940
1952
1924
1963
1948
1970
1947
2047
2015
2049
2014
2032
2026
2035
2026
2045
2047
2095
2091
2059
2083
2048
2055
2015
2021
2005
2023
2017
1926
1963
1946
1942
1940
1956
1997
2023
1944
1962
1963
1962
1970
2004
2029
1995
2000
2000
1976
1921
1908
1944
1908
1892
1924
1887
1839
1864
1843
1826
1846
1831
1837
1860
1836
1842
1827
1807
1842
1845
1881
1865
1802
1876
1821
1910
1881
1903
1878
1878
1860
1873
1859
1831
1853
1905
1862
1874
1891
1872
1846
1848
1849
1856
1864
1889
1861
1869
1889
1858
1869
1877
1914
1916
1979
1905
1951
1926
1967
1930
1932
1910
1933
1958
1925
1901
1934
1934
1921
1939
2002
1962
1974
1992
1993
2038
2059
2045
2053
2001
2016
2010
2027
2017
1998
2069
1978
2047
1973
2099
2050
2054
2062
2051
1996
1964
1973
1931
1938
1954
2030
2004
1954
1996
2012
2014
1978
1969
1974
1971
1976
1973
1970
1987
2006
2009
2035
1980
1982
2000
1961
1980
1984
1947
1944
1976
1992
2028
1976
1962
1974
1968
1947
1987
1995
1961
1989
1936
1972
1913
1965
1967
1993
2053
2052
2081
2043
2080
2095
2122
2118
2091
2084
2036
2007
1989
1973
2002
1978
1981
1954
1985
1993
1995
1956
2020
1956
2019
1987
2009
1991
1977
1963
1934
1948
1930
1924
1944
1932
1943
1902
1920
1866
1946
1921
1979
1944
1924
1925
1882
1941
1937
1938
1894
1872
1884
1895
1942
1946
1939
1906
1945
1948
1914
1932
1919
1952
1904
1909
1911
1905
1932
1934
1903
1907
1921
1949
1883
1895
1882
1852
1882
1845
1841
1837
1872
1805
1846
1830
1803
1811
1748
1780
1740
1728
1722
1702
1733
1745
1688
1690
1673
1679
1669
1678
1719
1677
1725
1678
1735
1718
1774
1729
1728
1676
1684
1654
1639
1640
1624
1639
1629
1666
1650
1679
1670
1719
1683
1739
1666
1706
1710
1673
1712
1700
1694
1671
1708
1676
1714
1708
1749
1768
1744
1714
1713
1712
1702
1687
1660
1678
1624
1666
1646
1708
1706
1675
1694
1729
1702
1688
1716
1679
1708
1674
1714
1689
1684
1690
1731
1665
1647
1642
1612
1650
1610
1624
1612
1631
1632
1635
1637
1635
1608
1646
1607
1645
1612
1636
1636
1622
1652
1678
1636
1678
1674
1660
1657
1647
1662
1637
1669
1657
1665
1703
1678
1682
1685
1708
1703
1694
1668
1643
1677
1684
1724
1695
1754
1742
1779
1711
1739
1721
1719
1692
1714
1710
1756
1725
1671
1680
1702
1685
1692
1682
1697
