11981
13686
11763
11442
10712
10276
9981
9540
9166
8862
8695
8553
8433
8219
7912
7724
7701
7539
7378
7203
6975
6828
6802
6604
6563
6563
6552
6502
6402
6302
6243
6046
6048
5911
5830
5878
5659
5846
5669
5568
5539
5409
5470
5334
5351
5245
5237
5055
5124
5042
4935
4833
4799
4772
4678
4697
4686
4573
4600
4529
4551
4431
4340
4429
4310
4414
4297
4319
4204
4240
4217
4218
4274
4251
4109
4122
4051
4061
3996
4057
4101
4055
4152
4134
4031
3997
3984
3880
3933
3907
3941
3868
3856
3827
3780
3756
3710
3647
3558
3587
3507
3509
3512
3490
3474
3467
3355
3387
3364
3438
3383
3442
3426
3404
3255
3235
3199
3145
3176
3100
3069
3162
3171
3169
3118
3193
3253
3114
3208
3238
3243
3191
3234
3270
3259
3285
3208
3258
3137
3162
3105
3066
3063
3061
3120
3128
3215
3188
3237
3224
3151
3100
3106
3171
3117
3067
3019
2998
2938
2951
2992
2975
3014
3032
2994
3021
3079
3009
2964
2952
3060
2951
3105
2950
3082
3035
3072
2997
3026
3060
3162
3122
3051
3017
2975
3002
3001
2966
2916
2910
2949
2959
2975
2990
2863
2961
2887
2912
2910
2926
2843
2801
2766
2728
2741
2696
2784
2708
2790
2713
2852
2849
2847
2862
2893
2824
2768
2744
2826
2745
2701
2696
2705
2691
2691
2758
2659
2655
2623
2615
2534
2489
2462
2523
2492
2455
2492
2419
2469
2490
2487
2491
2473
2432
2443
2412
2505
2396
2415
2372
2311
2369
2361
2408
2449
2477
2440
2387
2459
2478
2455
2461
2457
2469
2517
2514
2585
2528
2539
2594
2561
2569
2584
2554
2565
2563
2574
2559
2539
2559
2514
2504
2494
2497
2471
2525
2535
2465
2466
2425
2447
2420
2399
2380
2396
2365
2397
2365
2337
2333
2399
2367
2404
2369
2335
2323
2368
2383
2423
2438
2452
2427
2352
2370
2335
2282
2338
2320
2279
2345
2296
2310
2248
2245
2230
2217
2210
2253
2245
2229
2250
2198
2214
2189
2258
2256
2264
2225
2227
2217
2206
2175
2192
2131
2141
2144
2177
2138
2166
2105
2120
2069
2064
2015
2052
2026
2077
2065
2109
2042
2117
2041
2074
2050
2045
2026
2055
2040
2030
1989
1990
1967
2027
1974
2086
1989
2070
2016
2100
2121
2104
2063
2106
2065
2044
2069
2050
2033
2036
2043
2053
2034
2070
2047
2074
2087
2121
2078
2097
2146
2144
2159
2197
2212
2204
2174
2167
2074
2046
2015
2021
1968
1996
2025
1995
1964
1963
1912
1894
1887
1842
1855
1806
1805
1801
1846
1849
1885
1873
1900
1890
1831
1886
1838
1880
1801
1786
1772
1773
1779
1736
1765
1751
1799
1788
1788
1751
1781
1756
1764
1751
1756
1731
1736
1719
1763
1717
1729
1711
1707
1704
1702
1737
1714
1745
1692
1719
1739
1742
1726
1701
1667
1642
1673
1677
1696
1662
1699
1693
1684
1680
1641
1684
1686
1717
1708
1696
1671
1667
1660
1658
1611
1594
1611
1603
1590
1589
1579
1581
1575
1559
1577
1580
1593
1619
1638
1632
1646
1631
1621
1604
1611
1623
1613
1625
1620
1640
1622
1639
1653
1671
1711
1692
1743
1698
1774
1709
1751
1719
1700
1718
1737
1718
1727
1768
1737
1775
1713
1716
1720
1749
1729
1742
1750
1720
1755
1748
1703
1733
1776
1763
1801
1751
1743
1712
1701
1707
1711
1719
1718
1747
1709
1696
1681
1700
1671
1657
1645
1604
1640
1581
1583
1552
1558
1534
1513
1516
1518
1545
1555
1562
1597
1591
1631
1628
1631
1645
1630
1630
1636
1628
1582
1610
1617
1585
1581
1577
1576
1564
1556
1579
1598
1648
1621
1624
1645
1618
1620
1647
1614
1638
1605
1621
1604
1609
1615
1622
1648
1673
1633
1659
1674
1668
1623
1663
1655
1645
1663
1678
1735
1691
1736
1676
1686
1685
1723
1732
1709
1715
1707
1727
1722
1763
1721
1704
1724
1652
1679
1704
1684
1684
1710
1682
1682
1661
1630
1666
1657
1660
1670
1667
1683
1653
1706
1653
1636
1682
1662
1625
1641
1611
1650
1636
1630
1637
1660
1624
1642
1615
1593
1607
1616
1572
1570
1587
1546
1581
1585
1564
1610
1594
1556
1534
1564
1549
1589
1609
1599
1603
1626
1576
1597
1614
1636
1603
1642
1603
1632
1600
1620
1594
1642
1579
1590
1570
1561
1565
1572
1525
1522
1538
1503
1495
1540
1504
1554
1510
1506
1497
1542
1508
1509
1518
1503
1502
1526
1493
1494
1512
1493
1502
1523
1502
1475
1517
1458
1483
1502
1495
1499
1508
1442
1460
1485
1452
1440
1488
1464
1469
1469
1478
1476
1512
1502
1520
1514
1512
1504
1560
1515
1549
1560
1541
1550
1548
1515
1506
1562
1534
1551
1570
1571
1571
1579
1541
1591
1549
1562
1546
1576
1561
1592
1597
1625
1585
1658
1588
1638
1621
1616
1563
1603
1566
1602
1589
1599
1589
1625
1597
1635
1634
1624
1644
1623
1637
1632
1697
1673
1698
1691
1641
1624
1653
1609
1601
1627
1595
1582
1599
1586
1576
1598
1569
1629
1610
1614
1570
1573
1565
1601
1622
1614
1599
1645
1580
1567
1603
1588
1645
1645
1617
1616
1633
1614
1621
1657
1584
1630
1641
1613
1610
1605
1561
1582
1619
1605
1599
1626
1621
1589
1607
1554
1582
1560
1574
1582
1601
1574
1605
1616
1608
1606
1636
1618
1623
1671
1620
1613
1645
1609
1634
1639
1641
1612
1654
1623
1659
1661
1652
1626
1658
1641
1599
1612
1606
1589
1660
1624
1660
1716
1706
1721
1743
1689
1610
1678
1641
1658
1615
1634
1611
1639
1621
1618
1656
1616
1631
1674
1634
1696
1716
1671
1675
1690
1646
1639
1700
1669
1675
1686
1652
1656
1714
1662
1705
1697
1689
1702
1716
1665
1719
1728
1697
1683
1674
1652
1704
1665
1653
1695
1765
1755
1782
1798
1750
1828
1794
1783
1812
1844
1786
1801
1821
1766
1782
1774
1776
1793
1832
1812
1781
1837
1802
1822
1836
1817
1805
1832
1759
1778
1743
1713
1707
1754
1706
1696
1718
1649
1681
1672
