12022
13641
11576
11379
10897
10259
10063
9621
9179
8959
8610
8375
7953
7815
7703
7555
7300
7271
7054
6975
6772
6782
6586
6540
6354
6431
6399
6211
6050
5944
5915
5881
5676
5517
5436
5360
5180
5242
5000
5079
5011
5116
4921
4965
4810
4850
4785
4684
4638
4716
4600
4604
4666
4548
4508
4511
4508
4498
4515
4450
4433
4403
4444
4455
4445
4531
4528
4393
4486
4464
4397
4483
4365
4358
4332
4438
4387
4322
4325
4311
4280
4278
4265
4324
4335
4278
4257
4296
4264
4364
4159
4160
4079
4081
3996
4096
3897
3883
3911
3888
3924
3984
3971
3916
3878
3839
3884
3900
3942
3889
3807
3842
3818
3804
3744
3756
3595
3749
3561
3640
3559
3601
3461
3468
3296
3451
3328
3418
3372
3319
3245
3262
3188
3233
3245
3262
3200
3262
3171
3196
3119
3153
3136
3083
3139
3068
3135
3058
3041
2975
2941
2972
2973
3016
3112
3070
3022
3016
3003
3055
2982
3007
2996
2886
2891
2806
2823
2765
2742
2743
2782
2693
2786
2799
2739
2741
2795
2759
2831
2823
2844
2840
2767
2683
2645
2560
2654
2620
2730
2636
2690
2657
2651
2716
2688
2729
2660
2692
2664
2637
2617
2645
2555
2590
2507
2564
2528
2577
2586
2666
2670
2674
2766
2708
2688
2704
2754
2722
2758
2683
2619
2596
2650
2614
2592
2594
2583
2638
2657
2664
2754
2709
2792
2690
2665
2701
2694
2712
2675
2649
2621
2647
2625
2650
2615
2562
2518
2502
2456
2486
2398
2452
2384
2418
2419
2480
2453
2530
2504
2516
2509
2476
2461
2534
2499
2518
2464
2450
2427
2393
2400
2418
2398
2467
2432
2417
2384
2369
2376
2400
2407
2470
2420
2387
2440
2449
2473
2481
2567
2543
2469
2507
2463
2466
2469
2442
2432
2437
2450
2469
2426
2477
2362
2414
2454
2412
2351
2367
2359
2369
2320
2308
2323
2268
2275
2295
2232
2251
2185
2144
2142
2176
2160
2180
2142
2097
2086
2043
2056
2098
2063
2081
2023
2001
1953
2057
2026
2048
2042
2092
2100
2070
2051
2017
2111
2021
1976
2004
1928
1961
1964
1951
1962
1941
1953
1947
1934
1904
1884
1906
1923
1916
1907
1911
1917
1877
1867
1893
1837
1912
1908
1971
1984
2032
2029
2017
2025
2020
2028
2046
2110
2031
2077
2004
2033
2033
2114
2105
2150
2222
2200
2153
2092
2085
2091
2087
2128
2079
2118
2125
2055
2098
1995
2033
2013
2044
2068
2094
2095
2052
2031
2011
2000
1979
2002
2003
1994
1983
1974
1950
1982
1969
1941
1980
1893
1892
1916
1896
1867
1863
1850
1861
1848
1891
1886
1884
1926
1917
1974
1945
1957
1963
1965
1979
1941
1974
1955
1965
1969
1961
1966
1988
1983
1995
2013
2067
2048
2106
2125
2110
2105
2020
2012
1993
2020
2069
2104
2171
2055
2090
2121
2058
2061
2036
2067
2035
2024
2019
2073
2021
2009
1977
1992
1986
1974
1964
2020
1959
1967
1959
1969
1958
1947
1944
1939
1930
1984
1945
2007
1996
1938
1949
1938
1974
1888
1897
1852
1844
1847
1811
1783
1770
1796
1773
1774
1787
1827
1794
1803
1820
1797
1819
1788
1755
1746
1716
1705
1669
1697
1705
1639
1636
1673
1612
1643
1611
1646
1632
1617
1689
1660
1672
1644
1653
1669
1681
1670
1666
1643
1667
1683
1665
1686
1691
1705
1704
1698
1660
1659
1660
1648
1682
1659
1632
1679
1675
1771
1705
1713
1696
1701
1743
1730
1690
1667
1679
1678
1685
1659
1675
1672
1700
1632
1634
1611
1583
1568
1599
1605
1625
1640
1672
1678
1679
1725
1704
1766
1716
1796
1719
1731
1782
1779
1752
1784
1773
1733
1692
1745
1759
1743
1736
1749
1769
1794
1785
1804
1795
1753
1754
1763
1742
1688
1744
1714
1728
1706
1739
1707
1692
1679
1706
1673
1707
1683
1692
1660
1649
1621
1638
1651
1676
1702
1700
1716
1697
1670
1657
1614
1631
1596
1617
1631
1633
1577
1594
1585
1603
1605
1611
1648
1651
1609
1613
1602
1593
1590
1571
1549
1534
1569
1538
1547
1527
1556
1549
1552
1552
1527
1526
1549
1546
1569
1530
1550
1525
1521
1550
1551
1557
1511
1544
1520
1509
1521
1511
1535
1547
1536
1542
1533
1539
1557
1541
1539
1561
1567
1589
1592
1597
1618
1621
1591
1597
1600
1621
1566
1546
1567
1536
1550
1564
1587
1595
1570
1575
1560
1568
1540
1587
1608
1611
1633
1595
1640
1563
1593
1573
1571
1552
1550
1582
1563
1585
1540
1586
1607
1593
1615
1630
1598
1607
1581
1583
1567
1569
1544
1534
1551
1552
1543
1576
1552
1602
1522
1577
1519
1541
1511
1561
1538
1550
1549
1566
1572
1544
1548
1544
1517
1496
1535
1533
1556
1572
1598
1543
1546
1569
1600
1580
1563
1576
1570
1607
1586
1597
1580
1615
1600
1649
1598
1614
1629
1645
1641
1635
1604
1616
1644
1613
1614
1621
1608
1661
1626
1658
1665
1654
1638
1631
1649
1664
1671
1664
1653
1631
1640
1659
1616
1642
1634
1665
1646
1676
1646
1669
1663
1671
1645
1614
1620
1625
1631
1648
1637
1664
1627
1615
1656
1635
1648
1653
1583
1586
1587
1615
1605
1613
1620
1623
1670
1667
1703
1654
1660
1675
1665
1658
1662
1625
1610
1611
1612
1574
1619
1579
1591
1573
1598
1601
1625
1606
1660
1597
1639
1585
1608
1567
1585
1593
1633
1629
1605
1569
1621
1542
1511
1503
1474
1471
1450
1486
1467
1490
1460
1515
1488
1520
1528
1514
1509
1530
1454
1434
1486
1474
1513
1529
1569
1564
1567
1600
1631
1612
1619
1669
1652
1643
1644
1656
1669
1660
1624
1640
1636
1634
1671
1679
1692
1692
1714
1701
1712
1685
1672
1711
1695
1715
1676
1667
1675
1651
1654
1611
1629
1604
1568
1598
1591
1619
1614
1621
1619
1614
1627
1639
1618
1622
1631
1642
1633
1648
1661
1697
1660
1656
1653
1623
1638
1621
1600
1585
1589
1581
1511
1513
1525
1505
1519
1508
1497
1494
1524
1530
1536
1548
1566
1561
1571
1529
