11958
13807
11321
11360
10658
10366
9928
9561
9264
8877
8733
8406
8247
8017
7910
7766
7494
7352
7131
7076
6982
6693
6763
6525
6501
6508
6346
6374
6304
6211
6185
6130
6190
6114
6007
5963
5918
5930
5674
5736
5547
5602
5420
5477
5442
5401
5309
5340
5314
5287
5192
5158
5143
5196
5129
5071
4981
4955
4953
4963
4929
4786
4865
4823
4787
4723
4820
4705
4789
4717
4647
4670
4732
4733
4734
4674
4514
4622
4545
4517
4566
4372
4376
4383
4308
4197
4202
4136
4127
4078
4167
4141
4109
4086
4000
4026
4048
4016
3981
3993
3995
3944
3918
3819
3822
3847
3822
3801
3713
3707
3668
3572
3658
3563
3620
3523
3624
3582
3637
3529
3509
3501
3473
3409
3393
3356
3482
3400
3424
3418
3378
3376
3364
3356
3441
3356
3441
3398
3396
3410
3483
3484
3421
3491
3472
3539
3540
3507
3546
3514
3467
3474
3526
3486
3533
3476
3523
3488
3486
3420
3454
3465
3347
3421
3300
3348
3335
3295
3305
3363
3334
3426
3398
3529
3421
3428
3420
3345
3283
3334
3318
3230
3201
3163
3115
3158
3157
3150
3179
3306
3111
3189
3112
3213
3198
3172
3222
3131
3178
3240
3152
3159
3247
3212
3265
3263
3325
3142
3157
3077
3080
3068
3071
3096
3085
3142
3099
3161
3106
3101
3214
3131
3153
3088
3166
3112
3165
3177
3198
3080
3102
3035
3019
3011
3035
3013
3073
3029
3123
3106
3200
3147
3169
3172
3168
3153
3141
3098
3112
3077
3090
3044
3040
3069
2966
2916
2927
2890
2867
2790
2799
2733
2754
2722
2714
2786
2759
2797
2751
2825
2712
2792
2780
2782
2860
2927
2813
2868
2833
2811
2761
2799
2760
2787
2782
2833
2857
2838
2798
2850
2808
2787
2701
2802
2800
2804
2761
2839
2808
2797
2787
2753
2734
2788
2796
2781
2806
2816
2763
2807
2746
2798
2834
2803
2834
2768
2783
2796
2869
3018
3014
2917
2902
2805
2792
2866
2837
2734
2748
2772
2776
2834
2796
2795
2832
2810
2816
2806
2724
2732
2754
2793
2845
2863
2828
2867
2830
2800
2837
2789
2842
2858
2884
2861
2918
2877
2894
2917
2942
2903
2902
2939
2950
2934
2931
3036
2925
3011
2990
2916
2909
2803
2824
2816
2921
2871
2872
2808
2757
2730
2655
2662
2649
2648
2618
2648
2686
2645
2728
2765
2813
2747
2771
2721
2807
2785
2824
2848
2804
2787
2810
2767
2749
2740
2730
2706
2721
2718
2668
2689
2606
2658
2653
2619
2597
2688
2652
2677
2661
2721
2662
2704
2713
2746
2684
2812
2729
2710
2682
2673
2705
2694
2735
2730
2688
2586
2577
2591
2672
2561
2584
2624
2569
2504
2508
2505
2512
2551
2517
2531
2473
2488
2435
2426
2435
2430
2406
2404
2429
2477
2451
2435
2413
2381
2375
2419
2391
2365
2383
2332
2333
2383
2354
2404
2422
2408
2470
2433
2401
2484
2380
2432
2486
2479
2509
2445
2512
2418
2412
2395
2408
2352
2379
2292
2331
2268
2330
2348
2396
2388
2361
2359
2319
2226
2313
2284
2297
2275
2212
2274
2234
2261
2255
2212
2132
2151
2150
2118
2051
2068
2021
2054
2080
2095
2152
2144
2170
2169
2173
2105
2129
2138
2111
2111
2047
2027
2020
2041
2043
2094
2078
2033
2073
2071
2024
2101
2071
2058
2039
2034
2013
2050
2049
2018
2004
1989
1970
1968
1924
1933
1948
1949
1961
1943
1946
1933
1915
1936
1901
1919
1808
1831
1800
1777
1787
1794
1775
1788
1767
1786
1818
1861
1876
1883
1890
1858
1878
1859
1861
1835
1906
1811
1790
1744
1773
1742
1828
1779
1796
1824
1793
1779
1761
1746
1777
1765
1776
1753
1772
1764
1733
1677
1655
1628
1616
1613
1620
1645
1634
1632
1660
1661
1655
1676
1669
1708
1690
1747
1728
1722
1786
1769
1749
1759
1754
1769
1759
1790
1741
1752
1695
1703
1704
1664
1675
1696
1725
1715
1746
1740
1669
1697
1706
1686
1654
1654
1698
1725
1682
1694
1718
1734
1730
1793
1766
1798
1788
1801
1783
1791
1779
1766
1758
1791
1777
1768
1746
1777
1729
1723
1746
1740
1727
1739
1735
1734
1672
1682
1752
1719
1744
1766
1754
1760
1748
1708
1724
1707
1734
1731
1703
1668
1680
1677
1685
1672
1667
1662
1657
1675
1666
1687
1731
1735
1755
1786
1825
1767
1767
1791
1718
1721
1710
1718
1682
1635
1643
1648
1657
1652
1625
1596
1588
1568
1555
1575
1577
1560
1581
1569
1581
1577
1573
1592
1589
1579
1597
1590
1599
1577
1642
1578
1571
1587
1566
1569
1546
1518
1530
1538
1511
1522
1503
1544
1520
1562
1530
1538
1520
1521
1502
1523
1524
1530
1553
1557
1560
1596
1610
1610
1618
1624
1640
1583
1581
1649
1631
1665
1630
1665
1695
1760
1688
1715
1701
1692
1692
1683
1661
1604
1631
1615
1626
1585
1600
1601
1601
1557
1597
1588
1616
1603
1586
1567
1566
1526
1527
1557
1517
1561
1508
1494
1481
1465
1444
1439
1407
1420
1448
1455
1448
1464
1473
1476
1462
1467
1486
1499
1491
1520
1491
1494
1497
1504
1508
1476
1462
1445
1400
1404
1417
1435
1402
1427
1422
1420
1420
1425
1423
1403
1381
1400
1385
1403
1411
1445
1416
1430
1392
1408
1378
1407
1394
1408
1365
1379
1368
1386
1394
1378
1390
1389
1387
1369
1400
1362
1363
1378
1388
1389
1385
1395
1372
1387
1384
1402
1372
1394
1363
1369
1343
1362
1359
1355
1384
1348
1358
1343
1357
1360
1319
1307
1297
1302
1312
1295
1297
1292
1282
1313
1291
1300
1279
1310
1291
1298
1282
1297
1292
1308
1309
1295
1325
1341
1324
1312
1316
1356
1346
1359
1361
1391
1376
1374
1382
1412
1437
1424
1414
1433
1394
1428
1368
1388
1377
1394
1377
1357
1336
1354
1375
1381
1397
1371
1379
1398
1399
1418
1424
1437
1400
1422
1419
1396
1366
1392
1373
1397
1382
1368
1401
1388
1399
1396
1431
1412
1454
1453
1445
1448
1466
1446
1443
1426
1441
1452
1467
1438
1435
1437
