11958
13677
11556
11567
10848
10562
10007
9789
9395
9026
8689
8500
8266
7890
7813
7507
7323
7359
7090
7104
6966
7072
6806
6772
6512
6529
6356
6253
6173
6225
6123
6064
5982
5874
5722
5676
5610
5584
5444
5481
5321
5379
5325
5340
5247
5150
5024
4916
4827
4868
4876
4675
4731
4739
4728
4744
4759
4801
4797
4859
4838
4765
4764
4939
4763
4823
4645
4697
4661
4683
4662
4615
4492
4414
4372
4344
4319
4210
4180
4091
4123
4097
4116
4079
4142
4127
4161
4160
4208
4180
4177
4198
4160
4145
4160
4156
4081
4064
4063
4141
4097
4073
3997
4020
3871
3870
3814
3826
3796
3795
3764
3711
3775
3632
3595
3600
3656
3523
3545
3523
3675
3614
3706
3579
3619
3607
3586
3554
3460
3374
3335
3344
3264
3286
3294
3340
3378
3343
3267
3350
3287
3296
3269
3208
3161
3154
3150
3212
3217
3165
3224
3144
3082
3018
2962
3001
2955
2968
2892
2850
2853
2788
2791
2794
2824
2855
2872
2885
2983
2938
2989
2946
2961
2952
3004
2922
2959
2897
2915
2855
2937
2863
2850
2872
2912
2959
2925
3000
3041
2951
2984
2890
2964
2922
2954
2949
2998
3076
3089
3093
3022
3061
2961
2993
2925
2925
2857
2849
2804
2747
2710
2671
2704
2753
2783
2741
2728
2674
2657
2633
2713
2652
2719
2715
2731
2685
2749
2742
2757
2754
2812
2776
2797
2733
2792
2761
2892
2750
2815
2780
2778
2816
2841
2886
2849
2837
2773
2823
2771
2823
2790
2827
2812
2835
2838
2872
2815
2866
2785
2911
2833
2805
2839
2785
2745
2794
2771
2831
2799
2784
2770
2791
2773
2787
2835
2791
2750
2757
2665
2756
2731
2751
2739
2692
2710
2629
2652
2634
2700
2611
2602
2557
2585
2536
2612
2557
2589
2610
2606
2596
2536
2597
2520
2634
2609
2502
2512
2516
2537
2539
2545
2510
2533
2538
2561
2480
2532
2463
2458
2430
2465
2459
2445
2432
2369
2399
2345
2342
2345
2369
2354
2381
2371
2400
2442
2365
2401
2344
2407
2351
2362
2388
2421
2326
2420
2367
2407
2388
2429
2343
2390
2352
2321
2342
2296
2331
2301
2306
2294
2285
2339
2323
2398
2412
2449
2415
2427
2360
2325
2382
2370
2387
2392
2453
2451
2466
2456
2472
2436
2451
2388
2400
2364
2340
2368
2339
2438
2422
2443
2437
2347
2415
2366
2353
2321
2270
2293
2221
2216
2180
2128
2182
2129
2177
2133
2096
2138
2124
2065
2071
2053
2066
2066
2041
2079
2049
2037
2033
2075
2078
2129
2114
2132
2083
2138
2176
2172
2143
2093
2083
2083
2063
2140
2098
2094
2086
2124
2077
2126
2158
2101
2118
2179
2238
2215
2281
2277
2316
2305
2361
2302
2309
2362
2278
2292
2265
2291
2257
2291
2256
2214
2229
2191
2225
2265
2255
2223
2242
2232
2234
2230
2243
2234
2258
2216
2235
2200
2208
2243
2258
2250
2308
2273
2332
2277
2268
2229
2288
2272
2223
2242
2189
2197
2238
2177
2178
2191
2248
2170
2170
2164
2089
2067
2091
2008
2006
2017
2040
2079
2049
2043
2039
2077
2091
2105
2038
2029
2029
2037
2096
2159
2135
2099
2140
2133
2169
2100
2045
2044
1997
2024
1979
2014
1983
1979
2013
2014
2051
2032
2094
1998
2102
2007
1996
2027
2005
2054
2012
2010
2025
2042
2004
1993
1912
1947
1948
1951
1915
1932
1901
1930
1874
1889
1868
1937
1911
1958
1962
1974
1924
1902
1868
1879
1890
1884
1831
1845
1818
1790
1783
1786
1797
1785
1807
1819
1809
1861
1877
1863
1914
1866
1868
1914
1859
1867
1884
1872
1876
1852
1820
1805
1785
1822
1782
1764
1840
1814
1839
1818
1835
1854
1884
1811
1832
1800
1817
1829
1837
1782
1856
1853
1896
1884
1891
1900
1888
1872
1870
1879
1922
1911
1840
1842
1780
1813
1756
1813
1813
1847
1838
1825
1782
1815
1794
1836
1803
1838
1817
1879
1864
1905
1900
1891
1916
1881
1899
1799
1829
1824
1837
1850
1885
1910
1879
1889
1893
1907
1862
1853
1880
1856
1874
1875
1872
1849
1899
1895
1892
1886
1866
1847
1876
1817
1818
1828
1783
1806
1756
1791
1731
1802
1765
1802
1795
1773
1762
1783
1738
1804
1738
1788
1794
1826
1825
1834
1827
1824
1770
1807
1783
1828
1789
1800
1772
1775
1789
1801
1771
1810
1768
1789
1772
1769
1709
1739
1734
1741
1740
1741
1773
1792
1832
1895
1883
1944
1950
1899
1937
1908
1940
1898
1896
1891
1918
1937
1911
1938
1909
1903
1905
1862
1907
1895
1878
1912
1890
1866
1898
1833
1872
1855
1863
1841
1880
1841
1846
1841
1852
1815
1834
1817
1813
1847
1878
1859
1879
1865
1858
1862
1833
1861
1833
1830
1878
1870
1865
1833
1856
1901
1849
1843
1856
1907
1857
1851
1862
1860
1846
1845
1851
1876
1891
1882
1826
1893
1844
1880
1857
1870
1814
1842
1820
1769
1774
1778
1719
1749
1721
1738
1756
1742
1728
1737
1697
1696
1650
1668
1685
1693
1702
1745
1703
1636
1673
1627
1677
1672
1658
1651
1618
1672
1660
1661
1693
1654
1641
1620
1661
1642
1590
1586
1611
1624
1582
1599
1575
1629
1587
1620
1589
1607
1576
1539
1521
1524
1496
1536
1528
1564
1520
1563
1537
1564
1557
1564
1533
1536
1494
1509
1490
1512
1461
1493
1477
1491
1473
1479
1520
1490
1509
1513
1567
1539
1541
1528
1510
1509
1539
1516
1597
1566
1612
1569
1593
1600
1600
1588
1598
1593
1544
1527
1503
1539
1602
1558
1531
1547
1514
1562
1545
1554
1589
1588
1558
1584
1590
1571
1554
1580
1611
1599
1617
1602
1606
1612
1600
1645
1635
1659
1676
1680
1642
1670
1598
1630
1618
1606
1594
1621
1585
1621
1564
1563
1593
1566
1599
1593
1581
1594
1622
1647
1608
1631
1641
1645
1628
1639
1601
1646
1588
1578
1612
1588
1620
1581
1564
1538
1525
1503
1482
1513
1509
1546
1567
1552
1515
1513
1555
1524
1537
1547
1555
1561
1558
1568
1595
1573
1609
1593
1580
