11922
13472
11397
11162
10561
10210
9801
9586
9209
8973
8608
8288
7981
7733
7556
7419
7240
7107
7018
6983
6943
6907
6691
6629
6545
6486
6258
6199
6128
6084
6047
5942
5822
5710
5725
5544
5521
5614
5625
5595
5509
5448
5278
5439
5310
5292
5220
5188
5042
5055
4964
4928
4778
4892
4741
4755
4738
4735
4717
4763
4743
4714
4657
4657
4673
4657
4671
4593
4656
4560
4580
4546
4481
4313
4250
4223
4249
4238
4235
4203
4130
4159
4061
4043
4084
4023
4017
4076
4057
4041
4059
3892
4007
3912
3919
3908
3970
3976
3911
3930
3981
3986
3984
4000
4008
4011
3886
3946
3822
3904
3860
3786
3801
3840
3779
3735
3791
3691
3739
3720
3694
3679
3635
3725
3652
3592
3546
3602
3557
3575
3721
3647
3693
3647
3667
3641
3670
3619
3637
3649
3626
3624
3603
3563
3622
3629
3594
3565
3498
3578
3525
3582
3460
3459
3378
3431
3478
3537
3536
3461
3526
3485
3454
3410
3450
3426
3452
3421
3355
3382
3344
3323
3300
3283
3239
3215
3216
3145
3104
3151
3158
3057
3159
3070
3170
3136
3173
3218
3194
3129
3103
3085
3141
3050
3053
3113
3206
3185
3173
3240
3258
3359
3305
3285
3262
3273
3148
3223
3192
3202
3141
3191
3116
3124
3142
3069
3098
3096
3100
3069
3130
3085
3073
3087
3109
3091
3055
3069
3046
3001
3001
2957
2974
3000
2952
2958
2994
2931
2915
2892
2866
2867
2877
2787
2802
2732
2759
2728
2696
2718
2733
2657
2701
2690
2761
2755
2752
2791
2755
2723
2723
2727
2734
2781
2802
2751
2679
2703
2717
2665
2754
2724
2764
2794
2783
2737
2740
2734
2688
2697
2674
2642
2686
2736
2703
2642
2607
2615
2646
2705
2681
2684
2702
2721
2690
2623
2609
2601
2693
2597
2614
2625
2674
2573
2661
2623
2613
2558
2545
2571
2538
2611
2532
2552
2528
2514
2530
2506
2430
2461
2360
2471
2421
2458
2445
2439
2424
2471
2532
2457
2447
2409
2474
2468
2483
2490
2470
2413
2421
2379
2455
2426
2457
2443
2445
2427
2397
2398
2385
2431
2392
2479
2449
2417
2447
2397
2396
2431
2453
2527
2473
2560
2574
2556
2565
2533
2475
2512
2530
2526
2558
2555
2591
2576
2586
2566
2535
2507
2505
2534
2550
2593
2578
2562
2594
2538
2583
2543
2598
2608
2707
2644
2687
2729
2645
2687
2734
2664
2565
2602
2568
2517
2550
2502
2468
2482
2559
2445
2444
2462
2516
2549
2492
2518
2409
2470
2432
2387
2423
2415
2372
2388
2286
2285
2282
2303
2265
2303
2317
2364
2332
2395
2351
2402
2450
2443
2438
2426
2366
2380
2404
2375
2365
2304
2407
2378
2393
2325
2375
2341
2344
2306
2339
2315
2343
2294
2340
2258
2359
2286
2358
2330
2315
2303
2291
2275
2278
2247
2222
2223
2199
2240
2232
2190
2183
2205
2253
2235
2225
2204
2181
2189
2140
2140
2203
2155
2179
2151
2140
2111
2088
2095
2084
2153
2148
2214
2181
2262
2211
2229
2193
2250
2181
2165
2227
2214
2243
2237
2238
2299
2285
2318
2240
2234
2232
2173
2160
2153
2121
2128
2124
2090
2104
2053
2039
2035
2102
2077
2087
2055
2081
2020
1997
1962
1963
1925
1966
1981
2014
2009
1951
1991
1913
1938
1923
1893
1864
1839
1861
1840
1820
1823
1828
1814
1837
1844
1847
1905
1906
1922
1987
1960
2003
1974
1953
1960
1961
2018
1967
1987
2015
1990
1969
1965
1986
2007
2026
2020
2018
2015
2013
2020
1996
2016
1983
1993
2053
2051
2013
2032
2080
2045
2138
2119
2163
2145
2154
2143
2181
2107
2107
2054
2036
2011
1981
1998
2034
1979
1993
1981
2006
1933
1964
1937
2023
1998
2041
1968
2004
1986
2034
1978
1948
1973
1946
1940
1933
1989
1922
1953
1945
1924
1861
1846
1859
1832
1844
1841
1869
1870
1859
1832
1850
1808
1832
1803
1822
1820
1783
1763
1754
1764
1768
1770
1791
1816
1795
1768
1767
1810
1820
1834
1869
1887
1877
1901
1871
1869
1920
1956
1934
1890
1904
1878
1855
1833
1844
1829
1789
1757
1767
1738
1707
1704
1708
1751
1741
1754
1746
1793
1787
1807
1770
1705
1709
1732
1731
1743
1760
1717
1705
1745
1708
1777
1700
1741
1714
1766
1728
1722
1674
1701
1675
1719
1674
1721
1678
1709
1727
1705
1717
1702
1694
1692
1733
1676
1693
1708
1759
1742
1793
1783
1788
1723
1712
1707
1719
1744
1771
1778
1764
1812
1789
1828
1842
1842
1834
1831
1800
1814
1789
1757
1736
1762
1766
1812
1827
1808
1806
1848
1825
1807
1787
1836
1820
1815
1812
1784
1831
1806
1819
1785
1816
1775
1799
1817
1782
1775
1731
1746
1744
1757
1763
1818
1786
1778
1743
1796
1736
1774
1741
1725
1715
1704
1697
1705
1740
1698
1690
1704
1704
1713
1730
1766
1784
1748
1755
1710
1732
1723
1673
1733
1728
1762
1751
1782
1783
1780
1771
1819
1770
1823
1796
1832
1787
1811
1761
1718
1741
1702
1687
1680
1667
1709
1664
1700
1706
1730
1716
1710
1709
1691
1683
1676
1693
1642
1691
1683
1703
1693
1661
1658
1684
1697
1704
1662
1707
1673
1646
1667
1632
1642
1614
1625
1641
1668
1654
1665
1638
1640
1681
1641
1679
1663
1682
1701
1690
1723
1725
1720
1689
1728
1715
1723
1702
1723
1685
1760
1698
1752
1723
1804
1768
1797
1740
1744
1753
1754
1746
1725
1731
1714
1745
1754
1721
1718
1760
1711
1729
1699
1716
1683
1671
1660
1660
1654
1641
1687
1704
1696
1681
1718
1673
1611
1622
1566
1606
1584
1569
1561
1531
1544
1560
1526
1563
1552
1524
1495
1525
1520
1502
1563
1507
1539
1540
1559
1569
1573
1608
1629
1613
1647
1660
1645
1663
1699
1678
1722
1706
1729
1682
1680
1653
1676
1611
1668
1609
1640
1614
1650
1633
1679
1653
1686
1674
1700
1696
1651
1692
1694
1691
1694
1694
1664
1654
1651
1610
1644
1600
1609
1618
1620
1656
1609
1592
1602
1561
1567
1540
1536
