12000
13982
11614
11457
10709
10452
9762
9676
9148
8931
8672
8461
8299
8027
7766
7506
7388
7159
7026
6825
6707
6659
6355
6356
6302
6225
6250
6110
6017
5860
5804
5849
5676
5717
5627
5639
5581
5539
5493
5468
5433
5260
5212
5229
5289
5154
5125
5138
5173
5066
4966
4981
4884
4886
4825
4776
4814
4734
4674
4631
4490
4464
4399
4453
4377
4375
4361
4320
4254
4170
4184
4152
4160
4161
4077
4004
3957
3967
4003
4090
4074
4117
4005
4039
4066
4074
4057
4043
4084
4014
4018
4086
3975
4022
4090
4080
3975
4004
3997
3930
3960
3883
3862
3875
3893
3770
3767
3809
3882
3855
3901
3810
3856
3754
3767
3756
3697
3721
3732
3662
3759
3754
3750
3725
3824
3704
3740
3682
3683
3639
3606
3678
3660
3613
3568
3617
3583
3747
3732
3728
3766
3809
3706
3695
3647
3578
3549
3572
3540
3572
3533
3621
3566
3571
3608
3527
3490
3473
3442
3422
3475
3347
3398
3306
3282
3263
3238
3208
3276
3173
3257
3164
3266
3133
3213
3170
3215
3184
3197
3168
3228
3253
3196
3206
3273
3329
3249
3322
3251
3320
3222
3261
3237
3251
3128
3147
3088
3127
3126
3076
3109
3159
3191
3197
3222
3250
3373
3380
3429
3393
3385
3299
3353
3361
3373
3347
3345
3432
3460
3421
3459
3467
3308
3315
3264
3211
3176
3207
3138
3205
3201
3221
3152
3146
3139
3142
3072
3037
3028
3074
2994
3079
3050
3038
2988
3070
2977
2970
3053
3016
3063
3132
3016
3085
3073
3144
3066
3051
3015
3048
3086
2983
3017
3059
3026
3006
2957
2856
2855
2848
2907
2891
2888
2910
2900
2874
2927
2950
2950
3022
2988
2990
2961
2895
2851
2774
2785
2725
2762
2717
2699
2659
2616
2645
2555
2592
2584
2568
2554
2577
2546
2610
2558
2630
2658
2633
2709
2734
2703
2667
2670
2668
2659
2593
2576
2634
2628
2616
2630
2622
2623
2596
2611
2654
2616
2602
2588
2491
2512
2490
2510
2527
2552
2605
2541
2467
2508
2536
2519
2472
2462
2415
2447
2405
2392
2335
2355
2419
2388
2375
2420
2444
2512
2483
2511
2504
2482
2473
2487
2471
2545
2452
2511
2550
2517
2456
2479
2372
2416
2360
2428
2351
2353
2346
2317
2315
2387
2353
2389
2338
2382
2346
2407
2412
2451
2465
2523
2556
2574
2648
2565
2580
2517
2650
2650
2726
2717
2672
2625
2606
2658
2613
2700
2656
2588
2623
2583
2604
2581
2581
2644
2664
2606
2647
2603
2616
2628
2550
2533
2523
2534
2541
2588
2584
2592
2628
2611
2561
2528
2481
2469
2450
2483
2483
2457
2489
2543
2594
2517
2630
2572
2666
2570
2545
2464
2465
2417
2430
2475
2543
2531
2594
2567
2671
2637
2664
2751
2749
2711
2716
2695
2685
2653
2682
2674
2670
2683
2694
2589
2614
2566
2540
2451
2469
2486
2437
2443
2463
2433
2413
2360
2368
2330
2405
2288
2293
2277
2297
2191
2222
2203
2193
2197
2207
2166
2185
2112
2130
2132
2195
2143
2173
2163
2149
2190
2152
2241
2292
2310
2319
2335
2297
2301
2312
2306
2307
2374
2344
2405
2376
2336
2319
2352
2382
2357
2388
2378
2369
2308
2363
2309
2350
2383
2353
2411
2396
2414
2407
2368
2373
2319
2378
2317
2353
2343
2364
2306
2399
2374
2374
2351
2298
2272
2197
2196
2189
2182
2185
2203
2162
2184
2188
2197
2148
2159
2226
2169
2231
2175
2184
2158
2181
2126
2090
2049
2089
2074
2061
2010
2024
2012
2021
2038
2033
2076
2018
2054
2019
2027
2054
2042
2067
2084
2163
2194
2156
2169
2171
2194
2201
2206
2218
2311
2274
2297
2286
2266
2270
2252
2225
2277
2322
2251
2294
2255
2244
2273
2218
2215
2196
2137
2209
2129
2163
2120
2182
2142
2198
2145
2135
2146
2097
2132
2147
2213
2169
2195
2172
2218
2244
2260
2265
2291
2270
2267
2328
2282
2306
2214
2225
2221
2243
2213
2235
2216
2238
2273
2247
2225
2197
2235
2186
2223
2157
2177
2226
2303
2248
2277
2214
2274
2252
2273
2266
2267
2278
2273
2254
2225
2274
2227
2223
2179
2228
2188
2205
2169
2195
2162
2200
2163
2228
2221
2210
2222
2283
2243
2284
2273
2290
2264
2228
2189
2244
2237
2293
2259
2275
2261
2227
2223
2212
2235
2214
2231
2261
2219
2241
2191
2190
2200
2204
2233
2253
2193
2145
2121
2206
2163
2175
2174
2243
2189
2225
2132
2193
2097
2181
2139
2096
2095
2115
2053
2089
2107
2167
2069
2071
2012
2055
2050
2125
2062
2108
2070
2079
2168
2063
2147
2104
2123
2087
2096
2121
2118
2089
2120
2095
2074
2056
2055
2059
2057
2067
2113
2093
2181
2181
2213
2086
2087
2072
2066
2105
2124
2123
2179
2212
2180
2208
2193
2199
2227
2226
2282
2312
2318
2322
2313
2265
2308
2369
2327
2362
2361
2316
2300
2291
2260
2315
2256
2289
2239
2304
2241
2227
2206
2188
2193
2204
2173
2104
2121
2087
2152
2146
2167
2123
2164
2135
2148
2138
2110
2132
2167
2167
2132
2133
2115
2123
2109
2095
2088
2127
2096
2119
2089
2117
2107
2152
2062
2026
2070
2019
2076
2044
2059
1956
1969
1969
1986
1979
1982
2029
1993
2000
2047
2039
2002
2027
2015
2045
2026
2043
2032
1988
1944
1910
1939
1918
1947
1967
1891
1888
1908
1966
1990
1946
1953
1979
2050
2003
2067
2072
2098
2139
2155
2177
2170
2155
2184
2183
2288
2313
2285
2286
2246
2256
2292
2267
2317
2221
2278
2231
2198
2172
2143
2138
2187
2211
2223
2221
2245
2227
2237
2199
2253
2221
2245
2208
2172
2150
2160
2167
2181
2193
2161
2181
2192
2182
2122
2132
2122
2193
2177
2192
2130
2104
2068
2137
2128
2131
2229
2144
2196
2141
2144
2118
2140
2154
2137
2121
2148
2176
2156
2140
2139
2124
2120
2173
2136
2132
2153
2130
2190
2146
2164
2179
2134
2123
2137
2084
2169
2113
2093
2019
2083
2023
2083
2037
2045
2011
2035
2005
2002
2009
2013
2038
2005
1957
