11989
13640
11652
11421
10632
10277
9945
9654
9343
8962
8869
8417
8274
8125
8017
7775
7606
7494
7438
7261
7308
7084
7165
6870
6792
6708
6529
6441
6229
6193
6148
6185
6062
5899
5958
5781
5695
5668
5526
5515
5459
5440
5440
5355
5277
5389
5202
5239
5151
5062
5053
4998
4960
4927
4969
5034
4884
4872
4925
4744
4762
4635
4586
4567
4530
4407
4295
4385
4215
4199
4179
4168
4160
4124
4092
4085
4036
4003
4046
4049
4022
4008
3959
3879
3890
3891
3861
3778
3825
3813
3800
3794
3736
3703
3808
3722
3727
3806
3846
3828
3895
3862
3933
3914
3796
3768
3690
3743
3669
3676
3635
3633
3649
3577
3549
3537
3490
3497
3442
3429
3329
3374
3354
3480
3407
3471
3374
3407
3428
3409
3453
3404
3415
3389
3337
3331
3311
3297
3382
3270
3224
3259
3242
3233
3216
3238
3221
3261
3301
3300
3292
3306
3312
3271
3306
3231
3248
3296
3237
3232
3213
3308
3259
3314
3228
3204
3221
3131
3218
3245
3166
3195
3166
3168
3108
3114
3172
3184
3192
3213
3166
3176
3112
3152
3144
3087
3062
3092
3078
2977
2918
2900
2824
2805
2820
2827
2884
2859
2867
2798
2831
2824
2846
2798
2765
2712
2759
2697
2674
2636
2571
2553
2524
2610
2646
2623
2593
2514
2564
2601
2657
2662
2668
2698
2693
2687
2724
2632
2635
2637
2578
2595
2582
2591
2593
2629
2621
2656
2689
2637
2613
2729
2642
2640
2649
2642
2772
2737
2748
2734
2727
2726
2688
2761
2760
2744
2816
2845
2920
2881
2820
2922
2862
2837
2849
2837
2846
2927
2820
2799
2828
2871
2825
2937
2887
2922
2881
2829
2839
2853
2872
2853
2862
2776
2748
2726
2798
2696
2752
2680
2646
2664
2624
2645
2525
2590
2589
2646
2702
2654
2616
2583
2545
2538
2579
2633
2678
2691
2646
2656
2650
2742
2668
2701
2702
2698
2627
2673
2633
2699
2581
2571
2551
2617
2512
2548
2549
2460
2527
2447
2431
2454
2436
2434
2359
2425
2390
2375
2376
2292
2309
2304
2279
2311
2325
2268
2307
2179
2237
2176
2222
2200
2250
2247
2295
2282
2311
2287
2303
2270
2267
2242
2253
2218
2141
2158
2125
2148
2133
2188
2161
2209
2156
2178
2108
2114
2063
2090
2007
2048
1978
1988
2029
2065
2033
2071
2079
2143
2146
2141
2151
2082
2097
2016
2079
2012
2061
2058
2104
2102
2114
2154
2127
2085
2082
2008
2031
2023
2043
2022
2067
2084
2068
2077
2073
2047
2027
2071
2072
2010
1979
1944
1999
1955
2036
1978
2058
2008
1979
1962
1988
1978
1978
1965
1894
1917
1913
1962
1927
1994
1958
2020
1999
2040
1944
1978
1971
1966
1958
1936
1974
2019
1987
2007
2020
2060
1972
1972
1945
1981
2056
2007
2010
2016
1936
1972
1967
1936
1947
1936
1923
1934
1898
1959
1937
2001
1950
2019
1981
2005
2033
1976
2002
1928
1913
1840
1848
1830
1807
1816
1829
1810
1843
1812
1814
1833
1774
1846
1816
1849
1846
1831
1857
1897
1889
1863
1879
1850
1853
1833
1833
1824
1839
1825
1847
1840
1844
1815
1790
1770
1793
1778
1839
1771
1836
1828
1878
1897
1900
1925
1945
1983
1978
2026
1990
1990
1989
2008
2001
1978
2016
2042
2027
2066
1968
1959
1952
1981
1957
1933
1985
1984
1994
1970
1989
2002
1987
2000
1992
1967
1978
2001
2003
2006
2002
2026
1965
2012
1972
2032
1999
2023
1999
2024
1960
1992
1963
2009
1984
1975
1968
1998
1977
1977
1965
1975
1958
2036
1964
2020
1936
1971
1916
1882
1875
1923
1903
1919
1946
1961
1955
1998
1989
2014
2064
1967
2008
1935
1994
1936
1920
1975
1955
1966
2016
2037
1993
2033
2048
2103
2030
2057
2047
2058
2034
2049
2006
2045
2052
2162
2115
2087
2058
2108
2056
2072
2014
2011
2035
1994
1977
2038
1991
1992
2001
1999
2039
2018
2005
1958
2012
1958
1966
1939
1988
1986
1955
1986
1951
1933
1894
1912
1895
1908
1858
1877
1849
1820
1864
1828
1878
1854
1870
1880
1904
1868
1837
1866
1858
1855
1822
1889
1867
1879
1857
1887
1837
1840
1850
1840
1847
1882
1880
1879
1857
1882
1890
1931
1923
1983
1943
1957
2050
2028
2073
2048
2086
2065
2043
1995
1993
2014
2078
2085
2033
2044
2050
2058
2012
2010
2003
2037
1976
2012
1956
1930
1954
1957
1998
2053
2080
1987
1957
1966
1886
1885
1858
1898
1934
1981
1972
2006
2009
2009
2024
2054
2035
2127
2107
2072
2139
2117
2168
2057
2086
2072
2130
2088
2150
2076
2115
2043
2110
2033
2013
2012
2065
2003
2067
2041
2030
2052
2051
2047
2045
2045
2040
2048
2013
2044
2034
2054
2060
2086
2070
2155
2079
2121
2096
2136
2107
2182
2130
2138
2108
2063
2049
2054
2039
2053
2040
2098
2044
2074
2058
2054
2072
2024
2042
2090
1987
2062
2047
2085
2067
2120
2086
2086
2096
2029
2072
2054
2068
2075
2088
2044
2087
2118
2110
2112
2137
2106
2125
2145
2142
2179
2125
2143
2110
2149
2124
2116
2163
2116
2160
2127
2223
2124
2234
2159
2218
2175
2141
2147
2095
2085
2126
2073
2111
2143
2195
2130
2144
2195
2168
2210
2211
2235
2217
2212
2227
2263
2239
2281
2281
2264
2229
2227
2256
2306
2292
2274
2272
2296
2302
2229
2285
2239
2305
2245
2227
2177
2168
2175
2198
2198
2208
2242
2242
2222
2198
2251
2200
2138
2106
2113
2101
2224
2179
2259
2190
2265
2243
2290
2274
2382
2235
2234
2292
2295
2319
2316
2323
2338
2356
2444
2290
2329
2324
2327
2260
2372
2297
2347
2249
2260
2237
2266
2196
2198
2164
2199
2194
2212
2196
2184
2167
2205
2156
2190
2169
2162
2153
2183
2184
2154
2143
2168
2159
2176
2172
2179
2120
2175
2146
2203
2134
2173
2135
2164
2096
2042
2027
2036
2012
1993
2028
1969
1926
1932
1937
1949
1904
1916
1914
1916
1959
1959
1974
1944
1950
1937
1918
1947
1927
1897
1877
1879
1942
1832
