12010
13706
11396
11189
10397
10049
9626
9328
9061
8662
8500
8204
7945
7631
7435
7367
7219
7020
6957
6817
6724
6676
6647
6332
6240
6140
5968
6067
5813
5680
5662
5539
5524
5433
5296
5232
5149
5191
5081
4870
4767
4743
4697
4745
4750
4634
4584
4518
4540
4515
4571
4517
4493
4536
4417
4434
4456
4450
4344
4338
4347
4407
4387
4352
4418
4351
4422
4364
4442
4350
4387
4305
4304
4265
4179
4216
4138
4083
4091
4071
4089
4087
3922
4047
4065
4120
3930
4013
3900
3875
3777
3787
3732
3722
3653
3717
3654
3729
3711
3756
3745
3779
3786
3654
3712
3729
3745
3635
3667
3634
3642
3597
3659
3591
3612
3625
3597
3653
3672
3683
3754
3710
3635
3601
3603
3594
3542
3583
3637
3691
3613
3514
3542
3524
3490
3696
3609
3655
3546
3606
3531
3574
3543
3637
3495
3545
3389
3432
3442
3487
3466
3436
3491
3441
3382
3470
3405
3434
3332
3308
3247
3184
3097
3128
3016
3101
3054
3057
3073
3072
3105
3107
3102
3090
3096
3079
3014
3049
3024
3094
3114
3124
3123
3122
3173
3068
3070
3065
3057
2991
3017
3003
3052
3044
3101
3055
3086
3057
3059
3140
3062
3112
3107
3075
3096
3040
3029
2929
3037
2978
3029
2927
2948
3010
2964
2972
3005
3039
3015
3111
3005
3088
3007
3002
2963
2996
2926
3001
2865
2941
2789
2875
2825
2855
2859
2859
2808
2795
2777
2681
2706
2718
2686
2723
2711
2721
2682
2742
2652
2641
2625
2549
2605
2578
2561
2587
2572
2610
2682
2600
2658
2657
2623
2573
2593
2567
2507
2472
2431
2474
2495
2477
2518
2552
2558
2565
2520
2574
2560
2603
2567
2649
2601
2607
2635
2562
2583
2563
2564
2566
2631
2674
2721
2740
2671
2612
2659
2650
2656
2654
2634
2672
2727
2657
2700
2657
2714
2653
2665
2697
2676
2716
2677
2746
2711
2650
2675
2619
2629
2617
2564
2593
2568
2562
2604
2560
2535
2476
2503
2479
2507
2538
2570
2619
2542
2566
2438
2512
2486
2532
2585
2575
2561
2613
2569
2533
2590
2525
2621
2558
2593
2566
2560
2567
2672
2630
2614
2556
2529
2557
2536
2545
2539
2566
2595
2645
2698
2616
2625
2637
2580
2605
2587
2602
2619
2566
2606
2544
2558
2551
2632
2546
2588
2635
2632
2671
2621
2627
2683
2655
2680
2724
2726
2814
2773
2699
2710
2713
2674
2706
2741
2740
2744
2724
2721
2779
2806
2861
2806
2751
2769
2756
2697
2705
2761
2747
2786
2709
2694
2653
2640
2661
2584
2606
2619
2664
2586
2665
2557
2622
2628
2580
2701
2633
2701
2626
2611
2615
2694
2699
2723
2653
2647
2651
2700
2741
2608
2605
2634
2707
2705
2690
2656
2673
2609
2669
2650
2643
2606
2591
2637
2634
2634
2616
2604
2620
2631
2662
2629
2680
2645
2673
2680
2620
2607
2631
2565
2518
2471
2469
2438
2481
2454
2559
2543
2606
2529
2572
2554
2576
2539
2609
2660
2546
2526
2527
2528
2562
2587
2576
2564
2556
2562
2541
2569
2535
2536
2543
2499
2545
2533
2472
2448
2456
2422
2384
2400
2371
2404
2353
2334
2345
2305
2340
2300
2284
2265
2239
2250
2218
2218
2248
2249
2275
2350
2377
2360
2405
2414
2430
2467
2407
2380
2378
2351
2371
2360
2419
2427
2366
2435
2426
2434
2404
2425
2336
2330
2330
2309
2321
2366
2299
2347
2287
2310
2304
2270
2317
2299
2297
2316
2321
2275
2324
2313
2303
2278
2215
2237
2206
2210
2199
2175
2215
2211
2238
2183
2240
2237
2294
2238
2260
2258
2290
2229
2269
2255
2314
2311
2232
2216
2159
2170
2195
2235
2212
2191
2154
2249
2204
2218
2195
2235
2213
2235
2203
2262
2186
2254
2163
2159
2124
2128
2081
2065
2119
2122
2168
2154
2133
2142
2121
2109
2149
2177
2118
2165
2120
2144
2148
2249
2230
2215
2238
2179
2152
2205
2148
2182
2110
2092
2152
2092
2119
2061
2142
2090
2116
2133
2109
2100
2102
2088
2073
2089
2055
2113
2039
2079
2054
2066
2007
2004
1993
1947
1967
1955
1958
1938
1970
1970
1962
1965
1970
1964
1967
1970
1980
2007
1994
2025
1999
1969
1928
1984
1938
1940
1965
1986
1993
2004
1986
2026
2001
2050
2074
2094
2108
2137
2126
2124
2141
2213
2116
2160
2164
2167
2139
2116
2151
2140
2160
2182
2194
2155
2203
2178
2143
2112
2102
2085
2146
2136
2175
2177
2142
2163
2120
2201
2133
2113
2075
2043
2076
2086
2042
2110
2105
2112
2098
2101
2105
2097
2205
2129
2158
2129
2105
2104
2091
2087
2073
2082
2062
2044
2071
2061
2087
2116
2125
2138
2140
2182
2124
2146
2190
2218
2247
2226
2194
2169
2200
2165
2149
2090
2059
2094
2069
2110
2130
2118
2151
2149
2168
2138
2138
2100
2095
2044
2089
2062
2101
2129
2133
2148
2186
2174
2204
2196
2215
2241
2204
2208
2209
2241
2178
2189
2144
2205
2179
2152
2157
2149
2223
2210
2259
2233
2304
2293
2344
2255
2313
2275
2332
2278
2272
2261
2227
2233
2213
2221
2223
2254
2235
2186
2184
2134
2133
2146
2207
2176
2218
2155
2149
2182
2182
2261
2203
2246
2195
2280
2220
2247
2228
2222
2214
2245
2224
2238
2265
2293
2269
2292
2259
2284
2310
2293
2263
2291
2258
2320
2263
2293
2286
2282
2269
2257
2219
2217
2212
2264
2229
2247
2288
2248
2240
2210
2248
2261
2226
2190
2223
2152
2116
2178
2126
2083
2092
2061
2127
2074
2105
2043
2067
2080
2103
2082
2087
2099
2150
2121
2169
2124
2205
2146
2162
2135
2155
2065
2104
2057
2038
2052
2018
2014
2065
2124
2136
2172
2206
2184
2194
2225
2186
2144
2149
2151
2150
2176
2191
2209
2146
2167
2153
2181
2202
2132
2123
2162
2083
2106
2120
2137
2120
2070
1976
1983
1942
1909
1903
1957
1947
1941
1930
1916
1868
1895
1902
1857
1885
1881
1916
1852
1899
1833
1911
1911
1942
1920
1917
1933
1922
1855
1806
1805
1851
1804
1776
1748
1794
