11994
13762
11696
11536
10799
10329
10035
9436
9386
9088
8818
8378
8277
8018
7764
7696
7468
7528
7512
7285
7210
7046
7110
6865
6808
6674
6668
6585
6390
6261
6074
6185
5991
6012
5864
5813
5840
5706
5727
5630
5606
5712
5637
5554
5634
5541
5508
5400
5190
5099
5134
5066
5061
5099
5045
4943
4888
4786
4769
4651
4643
4572
4647
4534
4498
4531
4504
4397
4392
4196
4209
4300
4260
4117
4214
4164
4212
4105
4165
4171
4086
4128
4100
4064
4083
4089
4085
4036
3931
4007
3891
3871
3839
3808
3801
3825
3721
3711
3723
3747
3765
3684
3740
3656
3603
3591
3595
3552
3610
3629
3671
3641
3689
3641
3621
3586
3587
3595
3590
3654
3581
3521
3493
3406
3487
3468
3387
3400
3345
3288
3244
3249
3222
3242
3231
3222
3174
3103
3073
3120
3041
3123
3103
3223
3206
3209
3209
3154
3118
3115
3181
3169
3146
3115
3105
3144
3095
3081
3118
3073
3093
3014
3066
3010
3075
3035
2985
2928
2836
2850
2858
2817
2791
2763
2750
2808
2687
2699
2604
2720
2666
2738
2711
2755
2731
2722
2657
2628
2619
2656
2590
2602
2648
2638
2670
2608
2630
2605
2669
2579
2624
2570
2585
2548
2528
2556
2522
2594
2591
2536
2514
2631
2566
2617
2601
2650
2585
2608
2642
2618
2625
2590
2644
2577
2697
2634
2689
2673
2633
2664
2650
2746
2693
2643
2671
2634
2688
2708
2790
2841
2847
2869
2815
2784
2826
2842
2778
2746
2734
2754
2756
2765
2744
2790
2715
2641
2640
2622
2640
2680
2648
2609
2595
2612
2566
2570
2556
2573
2624
2589
2590
2591
2602
2569
2700
2641
2770
2726
2737
2799
2785
2738
2782
2725
2672
2686
2754
2696
2671
2706
2614
2630
2586
2562
2596
2617
2588
2601
2604
2628
2652
2643
2687
2700
2747
2785
2809
2776
2801
2765
2781
2762
2752
2695
2781
2690
2744
2695
2696
2704
2657
2558
2575
2566
2524
2529
2513
2548
2487
2519
2503
2447
2478
2415
2425
2411
2416
2438
2448
2462
2530
2449
2479
2478
2459
2509
2407
2340
2317
2314
2284
2335
2389
2395
2374
2331
2342
2328
2358
2419
2490
2476
2442
2498
2435
2515
2433
2441
2447
2437
2321
2328
2328
2347
2337
2352
2330
2306
2275
2246
2217
2229
2229
2192
2242
2208
2249
2225
2253
2264
2261
2252
2280
2271
2282
2303
2323
2282
2320
2304
2282
2302
2266
2303
2335
2336
2279
2320
2315
2300
2274
2284
2262
2218
2188
2149
2144
2170
2148
2156
2102
2085
2068
2076
2136
2162
2093
2182
2076
2116
2104
2118
2138
2143
2129
2082
2090
2109
2099
2159
2099
2099
2068
2118
2126
2138
2188
2179
2222
2215
2201
2139
2155
2135
2141
2174
2152
2183
2139
2140
2159
2170
2176
2070
2125
2069
2167
2123
2090
2091
2120
2136
2144
2156
2192
2145
2170
2152
2158
2102
2138
2171
2142
2180
2203
2217
2214
2230
2283
2326
2297
2337
2332
2290
2285
2305
2249
2282
2235
2254
2251
2227
2249
2221
2246
2277
2215
2272
2179
2240
2214
2223
2205
2171
2195
2174
2187
2080
2135
2098
2128
2064
2066
2055
1990
1999
1973
1936
1950
1962
1953
2007
1993
2006
1966
2014
2007
2020
1982
2013
2006
2040
2038
2049
2028
2045
2091
2094
2135
2097
2081
2025
2076
2028
2064
2065
2115
2113
2149
2048
2103
2072
2132
2097
2162
2152
2190
2139
2190
2109
2158
2097
2113
2069
2065
2060
2024
2002
1995
2011
2054
2015
1890
1924
1911
1932
1903
1955
1934
1994
1960
2016
2019
1997
2017
1996
2015
1968
1961
1929
1924
1908
1899
1891
1897
1854
1853
1859
1850
1872
1826
1865
1873
1814
1789
1783
1777
1817
1866
1875
1876
1894
1857
1886
1903
1904
1906
1902
1910
1919
1950
1974
1900
1908
1865
1936
1932
1919
1900
1898
1931
1934
1914
1855
1876
1854
1891
1939
1997
1983
2036
1983
1972
1986
1962
1997
1942
1936
1928
1951
1913
1925
1900
1936
1888
1922
1954
1920
1946
1969
1934
1938
1967
1940
1922
1954
1917
1939
1885
1914
1921
1894
1931
1932
1960
1999
1970
1964
1958
1985
1947
1951
1955
1942
1956
1986
1987
1943
1946
1919
1944
1924
1929
1937
1945
1921
1935
1924
1933
1899
1909
1876
1907
1849
1817
1792
1797
1801
1785
1738
1729
1693
1684
1700
1704
1717
1685
1748
1734
1770
1736
1734
1749
1741
1767
1780
1768
1795
1772
1779
1799
1799
1857
1842
1843
1845
1825
1800
1793
1782
1736
1729
1727
1780
1772
1811
1805
1823
1803
1802
1831
1781
1822
1816
1831
1837
1805
1837
1833
1856
1840
1849
1867
1879
1836
1801
1843
1823
1838
1810
1852
1839
1812
1804
1823
1799
1838
1795
1810
1820
1829
1809
1793
1801
1799
1806
1792
1807
1799
1816
1849
1792
1799
1736
1724
1721
1703
1716
1674
1694
1715
1722
1705
1698
1700
1662
1657
1664
1655
1621
1617
1604
1613
1607
1590
1616
1577
1590
1600
1592
1616
1608
1643
1613
1636
1637
1634
1644
1657
1641
1625
1621
1619
1612
1637
1608
1617
1612
1623
1611
1624
1622
1621
1633
1648
1636
1639
1652
1667
1690
1660
1692
1700
1718
1723
1712
1727
1740
1769
1721
1785
1779
1778
1727
1735
1744
1724
1686
1682
1670
1661
1646
1679
1649
1628
1604
1642
1619
1611
1601
1600
1599
1608
1611
1621
1624
1609
1599
1606
1553
1565
1531
1528
1491
1511
1492
1520
1518
1526
1505
1507
1517
1515
1526
1533
1566
1552
1564
1567
1552
1585
1582
1607
1591
1537
1568
1570
1592
1572
1585
1555
1567
1557
1570
1561
1586
1571
1570
1542
1579
1546
1563
1563
1548
1559
1539
1541
1550
1518
1520
1528
1527
1572
1559
1572
1565
1589
1577
1592
1601
1579
1590
1627
1592
1589
1631
1596
1634
1628
1641
1620
1651
1634
1670
1643
1664
1684
1602
1615
1601
1622
1631
1644
1651
1678
1694
1686
1706
1663
1694
1686
1735
1690
1712
1713
1704
1652
1671
1636
1672
