11964
13679
11613
11575
10697
10594
10056
9663
9332
8990
8694
8425
8225
8198
7773
7753
7567
7417
7468
7305
7048
7006
6878
6714
6628
6730
6523
6447
6330
6223
6142
5962
5896
5859
5772
5700
5671
5478
5534
5454
5412
5266
5129
5200
5169
5268
5242
5184
5128
5076
4928
4965
4904
4938
4883
4840
4836
4715
4646
4597
4570
4532
4337
4416
4302
4326
4306
4214
4221
4086
4133
4148
4012
4002
4034
3830
3825
3732
3664
3722
3775
3641
3704
3700
3748
3765
3787
3731
3774
3813
3808
3775
3773
3737
3758
3765
3775
3723
3766
3706
3825
3794
3822
3771
3938
3930
3930
3910
3805
3809
3794
3809
3737
3818
3719
3718
3798
3741
3730
3738
3751
3716
3770
3666
3676
3563
3594
3534
3503
3588
3518
3481
3421
3516
3337
3299
3275
3261
3230
3144
3230
3276
3356
3301
3283
3274
3287
3256
3301
3287
3324
3293
3379
3370
3293
3344
3314
3376
3363
3282
3292
3180
3260
3197
3230
3141
3201
3186
3273
3185
3162
3177
3143
3216
3178
3203
3160
3103
3102
3051
3048
3040
3077
3069
3003
2976
2931
2962
2926
2994
2986
2945
2883
2900
2839
2892
2929
2910
2952
2970
3042
3023
2966
3008
2963
3001
2875
2955
2929
2882
2963
2896
3032
2943
2984
3045
3078
3090
3102
3108
3126
3118
3022
3004
2876
2905
2869
2863
2872
2959
2912
3000
2991
2965
2929
2913
2904
2806
2827
2854
2868
2868
2866
2875
2861
2856
2832
2758
2838
2762
2743
2717
2779
2709
2628
2673
2611
2578
2650
2631
2711
2693
2747
2723
2762
2751
2813
2764
2816
2763
2760
2777
2726
2720
2670
2668
2798
2803
2816
2865
2815
2817
2794
2753
2789
2741
2758
2770
2728
2757
2730
2757
2771
2735
2840
2759
2750
2718
2681
2731
2707
2723
2715
2766
2729
2660
2690
2709
2700
2743
2690
2738
2650
2695
2660
2649
2628
2633
2695
2654
2673
2608
2686
2617
2608
2664
2558
2550
2497
2412
2470
2403
2371
2380
2383
2436
2415
2376
2382
2370
2398
2368
2388
2361
2380
2427
2347
2401
2372
2410
2472
2424
2486
2400
2422
2406
2369
2350
2451
2407
2425
2408
2402
2421
2406
2372
2389
2415
2353
2367
2423
2444
2431
2449
2406
2382
2379
2376
2375
2348
2368
2341
2350
2343
2425
2455
2473
2395
2405
2414
2340
2301
2278
2270
2200
2283
2260
2221
2241
2264
2349
2338
2367
2412
2423
2392
2437
2379
2408
2400
2416
2419
2433
2406
2407
2479
2393
2419
2420
2384
2389
2394
2391
2362
2409
2372
2458
2452
2509
2472
2481
2488
2431
2355
2350
2325
2278
2250
2312
2242
2279
2255
2297
2259
2243
2243
2259
2242
2219
2209
2181
2203
2196
2181
2201
2178
2285
2226
2263
2249
2188
2166
2135
2138
2082
2117
2087
2123
2115
2047
2007
2109
2047
2097
2103
2095
2043
2077
2024
2027
2063
2028
2005
2009
2080
2012
2056
2060
2072
2052
2068
2018
1993
2009
2009
1980
1997
1958
1929
1913
1953
1902
1966
1876
1908
1789
1842
1803
1789
1815
1822
1835
1869
1841
1849
1874
1861
1920
1886
1929
1862
1905
1878
1855
1814
1809
1818
1815
1842
1790
1828
1786
1780
1806
1773
1775
1829
1787
1807
1820
1818
1789
1801
1789
1844
1805
1802
1764
1755
1742
1705
1733
1671
1702
1689
1706
1682
1726
1700
1731
1687
1756
1748
1762
1764
1843
1815
1797
1796
1798
1831
1827
1854
1871
1827
1873
1865
1823
1806
1784
1781
1774
1783
1839
1794
1768
1758
1758
1817
1783
1827
1816
1811
1858
1863
1875
1847
1851
1818
1877
1878
1838
1867
1849
1860
1868
1936
1891
1950
1995
1984
1962
1956
1969
1922
1936
1900
1887
1897
1852
1889
1874
1832
1902
1925
1931
1946
1950
1955
1942
1941
1887
1902
1918
1888
1900
1927
1907
1885
1927
1864
1893
1824
1781
1775
1814
1756
1763
1777
1752
1724
1743
1731
1730
1747
1714
1770
1771
1772
1696
1710
1671
1718
1650
1631
1645
1645
1647
1650
1665
1600
1647
1637
1617
1666
1696
1627
1651
1646
1649
1635
1685
1605
1668
1644
1632
1604
1637
1586
1606
1598
1622
1610
1624
1611
1606
1628
1607
1606
1646
1592
1604
1615
1585
1634
1621
1611
1609
1620
1603
1629
1678
1640
1692
1661
1669
1681
1682
1665
1656
1690
1638
1626
1647
1635
1653
1686
1650
1679
1636
1637
1670
1652
1672
1641
1655
1615
1628
1624
1568
1577
1586
1554
1563
1595
1559
1583
1578
1582
1621
1633
1596
1642
1632
1573
1547
1601
1582
1625
1636
1659
1649
1683
1655
1685
1720
1710
1751
1728
1772
1735
1818
1739
1782
1818
1784
1766
1795
1722
1717
1740
1722
1725
1737
1715
1723
1731
1668
1666
1698
1682
1719
1732
1780
1760
1806
1756
1786
1847
1749
1731
1785
1741
1771
1783
1741
1778
1776
1747
1757
1754
1710
1755
1755
1749
1731
1748
1703
1722
1718
1719
1729
1712
1717
1744
1767
1811
1827
1816
1789
1826
1864
1899
1848
1863
1815
1823
1836
1800
1805
1833
1819
1902
1914
1953
1907
1961
1908
1969
1940
1954
1937
1951
1904
1965
1945
1902
1974
1921
1923
1906
1945
1914
1939
2004
2019
2044
1985
1979
1984
2031
2052
2009
2000
1993
1964
1990
1925
1948
1939
1880
1903
1878
1856
1859
1888
1911
1903
1892
1912
1902
1963
1894
1906
1929
1913
1883
1890
1925
1923
1981
1831
1841
1810
1771
1776
1774
1741
1781
1815
1717
1725
1729
1762
1754
1769
1716
1747
1788
1760
1754
1778
1757
1765
1791
1780
1784
1752
1726
1732
1786
1736
1728
1719
1676
1672
1696
1693
1671
1727
1708
1726
1719
1703
1669
1725
1684
1700
1677
1633
1646
1713
1698
1688
1656
1623
1647
1665
1609
1624
1659
1626
1619
1676
1622
1654
1637
1647
1617
1633
1604
1634
1677
1682
1650
1705
1649
1710
1686
1680
1685
1709
1695
1703
1709
1678
1676
1732
1656
1697
1705
1677
1615
1608
1593
1545
1560
1529
1530
1541
