11894
13679
11378
11399
10476
10227
9799
9498
9289
8966
8774
8393
8429
8003
7866
7614
7461
7269
7078
7046
7030
6818
6734
6732
6475
6531
6525
6273
6311
6199
6156
5961
5633
5620
5475
5397
5350
5272
5169
5127
5245
5065
5069
5024
4944
4895
4792
4640
4582
4600
4473
4452
4347
4358
4235
4320
4216
4204
4140
4186
4107
4220
4066
4135
4054
4149
4188
4085
4087
4094
4012
4110
4094
4224
4222
4259
4166
4225
4223
4146
4155
4095
3965
3990
3987
3922
3883
3952
3825
3904
3840
3865
3823
3800
3818
3833
3913
3887
3948
3832
3907
3777
3815
3764
3821
3777
3840
3777
3821
3765
3746
3676
3636
3575
3529
3553
3573
3536
3502
3496
3498
3570
3591
3648
3565
3616
3545
3477
3471
3511
3397
3450
3342
3414
3338
3412
3358
3417
3260
3314
3301
3205
3226
3191
3212
3097
3059
3075
3136
3154
3166
3122
3220
3120
3191
3111
3205
3096
3147
3130
3154
3197
3057
3086
3104
3137
3038
3154
3035
3120
3068
3013
3027
2990
3033
2984
2936
2953
2908
2967
2900
2915
2936
2931
2955
2879
2951
2990
3016
2972
3018
2919
2850
2847
2858
2926
2839
2829
2795
2813
2808
2883
2841
2884
2897
2876
2840
2858
2911
2803
2802
2796
2833
2794
2812
2775
2803
2760
2749
2662
2679
2710
2692
2712
2732
2656
2720
2672
2685
2634
2682
2709
2726
2733
2688
2655
2659
2664
2654
2609
2650
2699
2680
2642
2649
2761
2648
2699
2684
2674
2636
2656
2674
2654
2686
2607
2611
2581
2611
2554
2522
2527
2532
2499
2445
2462
2477
2472
2442
2462
2477
2496
2471
2433
2426
2488
2460
2483
2464
2491
2466
2424
2440
2395
2429
2388
2383
2363
2490
2401
2396
2341
2299
2265
2270
2263
2303
2270
2326
2285
2263
2300
2290
2275
2272
2273
2267
2289
2287
2294
2353
2311
2317
2270
2240
2235
2213
2302
2264
2219
2273
2283
2257
2267
2234
2306
2239
2284
2259
2247
2256
2221
2229
2188
2217
2246
2284
2255
2269
2273
2352
2275
2283
2295
2343
2319
2339
2349
2415
2304
2319
2357
2386
2286
2290
2317
2240
2269
2214
2193
2169
2170
2126
2090
2080
2062
2052
2064
2011
1990
1976
1989
1969
2031
1983
1982
1961
1968
2008
2010
2059
2032
2081
1998
1950
1934
1932
1941
1998
1927
1955
1952
1991
1961
1939
1976
1964
1935
1960
1973
1941
1969
1943
1939
1974
1917
1917
1890
1861
1875
1799
1839
1837
1898
1921
1926
1924
1884
1900
1923
1931
1883
1924
1945
1899
1876
1856
1854
1850
1794
1804
1797
1842
1853
1864
1852
1836
1856
1827
1850
1808
1833
1828
1851
1814
1847
1838
1862
1819
1873
1867
1898
1889
1918
1909
1894
1876
1893
1888
1910
1922
1921
1922
1911
1902
1915
1873
1902
1910
1897
1926
1930
1943
1957
1995
1977
1996
1978
1961
1990
1971
1954
1968
1924
1980
1928
1986
1945
1964
1931
2015
1959
1988
1933
1967
1920
1940
1938
1902
1886
1917
1930
1936
1920
1959
1958
1945
1986
1971
2031
2029
2024
1995
1988
1954
2003
1979
1978
2005
1999
1983
1971
1972
1945
1970
1931
1920
1856
1889
1874
1886
1890
1899
1882
1884
1879
1910
1882
1886
1895
1901
1905
1867
1921
1907
1923
1949
1903
1909
1889
1949
1931
1899
1917
1914
1880
1905
1883
1896
1884
1897
1883
1893
1853
1861
1883
1819
1849
1830
1866
1828
1805
1869
1804
1833
1841
1846
1826
1806
1834
1866
1840
1816
1830
1814
1841
1847
1827
1851
1863
1860
1842
1850
1845
1844
1853
1824
1812
1810
1782
1770
1750
1777
1791
1758
1775
1776
1741
1739
1707
1766
1753
1809
1749
1749
1769
1782
1773
1832
1821
1810
1804
1821
1791
1812
1796
1854
1825
1850
1872
1894
1826
1786
1801
1802
1796
1801
1803
1828
1847
1868
1798
1905
1850
1877
1829
1785
1775
1802
1783
1827
1800
1824
1804
1782
1827
1784
1813
1830
1854
1856
1851
1845
1869
1889
1857
1880
1891
1914
1923
1909
1903
1978
1959
1928
1952
1958
1979
1968
1937
1955
1946
1979
1962
1926
1924
1937
1851
1867
1837
1818
1819
1820
1816
1802
1858
1832
1784
1717
1755
1712
1720
1670
1661
1657
1638
1661
1643
1664
1685
1670
1669
1664
1694
1678
1669
1691
1668
1696
1682
1692
1701
1667
1681
1616
1634
1600
1634
1596
1603
1640
1647
1646
1678
1667
1705
1676
1692
1709
1746
1733
1721
1684
1673
1652
1643
1665
1627
1637
1622
1655
1645
1671
1666
1683
1682
1706
1698
1719
1741
1700
1714
1714
1735
1713
1722
1709
1748
1733
1782
1780
1728
1753
1745
1795
1764
1742
1764
1728
1762
1738
1722
1705
1687
1730
1694
1759
1740
1801
1769
1763
1790
1764
1794
1777
1763
1755
1788
1771
1818
1794
1776
1777
1733
1702
1724
1689
1708
1655
1655
1647
1671
1627
1620
1607
1632
1612
1626
1596
1600
1586
1571
1576
1572
1588
1607
1639
1660
1687
1672
1719
1745
1772
1778
1757
1773
1742
1674
1591
1603
1593
1598
1605
1606
1667
1647
1681
1652
1659
1717
1679
1718
1669
1677
1610
1665
1643
1660
1623
1641
1645
1678
1664
1686
1721
1696
1706
1726
1700
1737
1730
1771
1737
1753
1757
1719
1715
1742
1720
1713
1738
1715
1711
1714
1665
1657
1623
1648
1654
1660
1694
1650
1700
1690
1709
1709
1728
1716
1721
1723
1720
1690
1700
1697
1712
1721
1730
1693
1742
1667
1691
1692
1692
1718
1687
1726
1678
1702
1688
1667
1691
1651
1665
1647
1686
1672
1690
1656
1673
1683
1668
1645
1663
1614
1644
1642
1701
1666
1721
1707
1730
1707
1719
1706
1737
1738
1731
1744
1739
1770
1772
1779
1748
1745
1707
1730
1738
1777
1775
1799
1768
1740
1758
1789
1802
1785
1839
1886
1797
1841
1829
1852
1834
1833
1839
1873
1871
1860
1854
1887
1843
1871
1900
1878
1865
1839
1888
1885
1893
1893
1905
1922
1944
1924
1955
1943
1971
1979
2004
1989
