11932
13682
11265
11361
10370
10378
9675
9412
9112
8848
8479
8345
8243
8062
7976
7760
7517
7446
7136
6929
7021
6688
6560
6454
6390
6231
6204
6197
6125
5984
5881
5761
5709
5556
5464
5283
5384
5309
5340
5268
5177
5182
5050
4962
5034
4940
4927
5022
4936
4974
4935
4928
4785
4816
4814
4886
4789
4760
4687
4742
4616
4684
4612
4587
4674
4529
4406
4373
4382
4258
4298
4238
4253
4253
4314
4292
4365
4334
4241
4290
4224
4289
4174
4117
4127
4046
4146
4036
4094
4020
3987
3961
3927
3999
3925
4018
3898
3953
3994
3888
3804
3727
3652
3666
3646
3685
3694
3675
3690
3632
3520
3554
3566
3587
3599
3653
3547
3487
3530
3543
3474
3430
3462
3422
3446
3421
3478
3543
3507
3557
3546
3594
3600
3456
3499
3424
3414
3365
3346
3278
3331
3385
3354
3345
3273
3206
3162
3225
3311
3212
3242
3190
3211
3226
3166
3203
3247
3140
3166
3132
3104
3174
3179
3183
3184
3180
3132
3141
3054
3042
3041
3032
3094
3040
3038
2959
2959
3035
2999
3094
3041
3085
3106
3090
3063
3165
3067
3071
3035
3058
3047
3116
3057
3006
2935
3001
2861
2839
2840
2826
2814
2772
2870
2849
2820
2839
2905
2869
2866
2867
2835
2779
2774
2704
2703
2672
2733
2678
2703
2611
2579
2532
2563
2549
2516
2528
2589
2543
2533
2555
2599
2608
2657
2657
2735
2617
2671
2634
2725
2731
2685
2668
2670
2672
2658
2704
2673
2684
2707
2704
2613
2629
2563
2558
2567
2589
2664
2671
2710
2790
2804
2775
2794
2799
2767
2715
2670
2612
2597
2568
2591
2608
2578
2556
2521
2567
2528
2575
2552
2563
2524
2487
2457
2518
2456
2352
2402
2428
2440
2492
2460
2415
2421
2452
2421
2434
2420
2446
2425
2412
2406
2465
2454
2430
2465
2511
2564
2535
2498
2528
2505
2565
2555
2574
2549
2531
2612
2549
2588
2605
2601
2539
2572
2573
2607
2580
2552
2515
2561
2524
2530
2551
2509
2578
2608
2579
2599
2554
2490
2503
2501
2497
2512
2552
2572
2571
2519
2540
2579
2593
2656
2523
2542
2473
2462
2418
2463
2450
2431
2454
2433
2444
2519
2407
2411
2384
2368
2409
2381
2349
2378
2393
2355
2399
2366
2362
2395
2336
2340
2346
2363
2343
2324
2310
2309
2378
2362
2336
2453
2410
2501
2532
2510
2496
2509
2535
2450
2545
2445
2575
2528
2567
2568
2591
2621
2640
2668
2659
2639
2618
2601
2593
2587
2529
2566
2599
2523
2601
2578
2634
2534
2664
2617
2645
2619
2690
2617
2656
2607
2750
2682
2769
2707
2741
2749
2762
2841
2855
2799
2847
2888
2857
2872
2900
2886
2832
2827
2776
2797
2706
2738
2697
2743
2745
2858
2806
2874
2804
2787
2762
2745
2744
2755
2789
2773
2783
2786
2789
2850
2866
2765
2799
2853
2873
2840
2883
2873
2893
2970
2950
2949
2971
2992
2936
2897
2842
2844
2800
2792
2752
2767
2832
2782
2882
2747
2770
2779
2826
2787
2825
2798
2720
2705
2730
2779
2788
2843
2771
2790
2842
2722
2722
2649
2650
2648
2729
2692
2745
2730
2758
2736
2699
2676
2604
2703
2649
2701
2639
2599
2593
2612
2570
2575
2604
2566
2612
2530
2529
2469
2523
2472
2483
2481
2532
2556
2635
2550
2618
2534
2559
2531
2630
2514
2546
2530
2533
2573
2526
2487
2558
2471
2511
2514
2558
2548
2574
2563
2460
2482
2477
2448
2432
2405
2428
2431
2470
2386
2450
2324
2429
2360
2436
2402
2438
2446
2390
2326
2285
2230
2195
2153
2168
2138
2115
2110
2121
2110
2145
2128
2117
2075
2056
2061
2099
2121
2082
2080
2082
2001
2030
2038
2059
2066
2081
2025
2090
1994
2021
1994
2009
1980
2072
2013
2017
2045
2011
2026
2022
2002
1997
1998
2040
2020
2031
2051
2025
2041
2017
2049
2039
2035
2014
2090
2093
2133
2152
2095
2153
2136
2154
2130
2146
2147
2183
2175
2182
2136
2181
2174
2215
2175
2183
2171
2203
2148
2177
2141
2157
2120
2173
2108
2130
2099
2099
2077
2076
2081
2068
2028
2095
2074
2090
2039
2076
2063
2086
2038
2030
1987
2055
2006
2088
2048
2086
2048
2036
1995
2048
2079
2081
2149
2061
2046
2023
2052
2003
1994
2025
2026
2043
2051
2035
2031
2035
2038
2006
2046
2052
2037
2010
2009
2046
2007
1996
2017
2032
2041
2030
2033
1992
2003
1963
1977
1974
2000
2011
2020
2000
2012
2010
2053
2008
2055
1991
2006
2030
2020
2037
2099
2096
2110
2088
2110
2153
2132
2150
2128
2142
2127
2192
2142
2138
2118
2135
2137
2143
2145
2197
2204
2180
2216
2184
2174
2180
2146
2189
2160
2197
2200
2204
2180
2190
2251
2201
2273
2216
2171
2246
2135
2148
2139
2152
2185
2197
2224
2212
2236
2236
2291
2216
2256
2232
2203
2175
2194
2149
2161
2123
2149
2162
2159
2092
2056
2070
2053
2068
2054
2088
2101
2102
2100
2095
2096
2106
2148
2150
2201
2153
2177
2168
2186
2170
2158
2149
2132
2132
2188
2173
2162
2199
2131
2167
2156
2104
2078
2094
2087
2071
2016
2043
2036
2031
2070
2069
2077
2080
2084
2048
2051
2066
2031
2042
2019
1979
2005
1963
1969
1912
1962
1924
1966
1974
1922
1898
1946
1905
1892
1915
1900
1899
1794
1848
1839
1893
1840
1853
1858
1839
1891
1875
1882
1883
1844
1815
1826
1878
1905
1860
1881
1871
1876
1870
1893
1843
1870
1858
1842
1884
1903
1917
1807
1907
1843
1824
1777
1772
1767
1760
1710
1711
1668
1669
1680
1676
1708
1751
1750
1765
1707
1710
1690
1703
1739
1696
1710
1653
1686
1676
1709
1672
1666
1633
1666
1690
1688
1687
1655
1695
1677
1665
1651
1637
1643
1653
1642
1647
1655
1636
1644
1622
1617
1646
1655
1617
1623
1573
1572
1530
1553
1521
1508
1481
1490
1457
1448
1430
1428
1424
1454
1444
1458
1444
1458
1451
1448
1478
1469
1482
1498
1501
1503
1490
1481
1477
1460
1452
1466
1429
1429
1443
