12040
13973
11479
11297
10612
10348
9923
9489
9102
8885
8690
8535
8240
8080
7806
7530
7410
7277
7034
6946
6678
6727
6547
6640
6431
6338
6207
6250
6238
6070
6047
5945
5941
5844
5755
5677
5759
5738
5748
5594
5575
5428
5407
5458
5361
5278
5343
5197
5206
4971
5010
4845
4902
4916
4878
4838
4913
4863
4824
4836
4739
4803
4716
4663
4598
4525
4618
4533
4491
4405
4383
4392
4297
4275
4228
4158
4145
4144
4182
4038
4088
3972
4004
3933
3973
3908
3998
3886
3933
3917
3959
3945
3987
3925
3939
3946
3927
3998
3997
4009
4112
4152
4102
4110
4097
4151
4080
4106
4050
4149
3991
4018
3860
3905
3814
3841
3886
3756
3675
3674
3703
3712
3687
3659
3693
3699
3660
3692
3676
3637
3704
3734
3657
3688
3599
3534
3482
3520
3480
3500
3514
3493
3557
3444
3504
3427
3424
3362
3453
3387
3421
3446
3510
3488
3477
3375
3366
3299
3259
3263
3168
3131
3183
3112
3027
3016
3007
2902
2873
2857
2895
2888
2927
3000
2897
2980
2985
2988
2958
3056
3027
3006
2966
2912
2939
2868
2827
2845
2873
2865
2841
2888
2820
2832
2746
2754
2772
2739
2781
2719
2708
2718
2733
2703
2678
2753
2740
2784
2691
2690
2680
2629
2632
2539
2657
2594
2610
2574
2661
2646
2687
2717
2667
2668
2696
2735
2733
2716
2728
2732
2733
2762
2742
2738
2744
2784
2730
2759
2822
2881
2805
2796
2727
2819
2742
2751
2695
2716
2657
2656
2633
2643
2574
2593
2546
2604
2596
2651
2603
2563
2608
2554
2543
2581
2509
2548
2487
2516
2466
2526
2473
2529
2436
2425
2413
2353
2263
2307
2288
2251
2233
2220
2156
2214
2194
2183
2242
2244
2236
2215
2194
2226
2230
2134
2171
2171
2188
2131
2128
2092
2121
2069
2103
2100
2123
2071
2155
2140
2139
2168
2160
2195
2174
2218
2157
2235
2229
2301
2290
2283
2269
2262
2210
2245
2229
2254
2230
2216
2285
2235
2272
2232
2212
2256
2287
2281
2287
2336
2278
2299
2332
2299
2316
2296
2254
2224
2237
2270
2190
2284
2242
2244
2200
2252
2228
2284
2255
2259
2248
2265
2230
2319
2268
2338
2270
2341
2320
2294
2326
2365
2348
2358
2420
2421
2428
2377
2404
2394
2351
2401
2413
2379
2349
2296
2298
2209
2272
2151
2098
2109
2082
2146
2148
2132
2157
2167
2226
2179
2188
2216
2218
2208
2241
2197
2246
2212
2263
2225
2274
2235
2309
2314
2350
2352
2375
2297
2321
2390
2330
2396
2343
2353
2284
2282
2369
2325
2272
2266
2260
2272
2265
2308
2263
2211
2224
2237
2261
2223
2210
2226
2173
2204
2191
2166
2190
2197
2202
2183
2189
2165
2208
2182
2122
2160
2132
2118
2199
2236
2278
2343
2344
2277
2322
2318
2319
2296
2260
2287
2260
2265
2226
2237
2252
2208
2304
2270
2296
2286
2310
2317
2252
2270
2265
2289
2288
2350
2267
2255
2250
2273
2256
2257
2212
2282
2191
2232
2175
2193
2192
2182
2164
2164
2200
2212
2271
2214
2244
2211
2285
2273
2280
2262
2267
2181
2165
2199
2168
2187
2214
2175
2188
2147
2160
2140
2144
2156
2103
2109
2059
2011
2034
2041
2053
2012
2084
2046
2132
2154
2175
2169
2161
2105
2155
2124
2121
2113
2130
2130
2095
2052
2058
2065
2046
1997
2006
2048
2030
2074
2005
2025
1974
1993
1944
1920
1940
1880
1915
1875
1851
1877
1882
1879
1885
1906
1928
1943
1950
1938
1904
1880
1908
1951
1943
1961
1988
1987
1989
1982
1996
1956
2006
1943
1983
2024
1992
2050
2004
1934
1926
1965
1984
1979
1981
1961
1974
1934
1963
1974
1968
1960
2024
2042
2041
2104
2149
2120
2150
2128
2166
2109
2147
2161
2230
2201
2150
2092
2045
2014
1975
2009
1961
2051
2047
2015
2082
2027
2004
2034
2043
2083
2104
2130
2093
2145
2118
2104
2117
2113
2065
2070
2096
2096
2115
2100
2095
2134
2112
2126
2096
2052
2069
2089
2100
2093
2074
2053
2021
1945
1964
1935
1900
1904
1901
1878
1883
1858
1866
1847
1879
1838
1916
1916
1966
1928
2026
1965
1975
1987
2007
1994
2031
1984
2025
2010
1990
1972
1943
1887
1840
1788
1797
1796
1824
1869
1859
1850
1853
1830
1842
1822
1830
1825
1784
1779
1742
1743
1747
1789
1755
1785
1776
1787
1806
1836
1786
1829
1810
1806
1809
1841
1836
1791
1832
1857
1875
1932
1925
1997
1927
1980
1966
1980
1996
2020
2049
2061
2046
2018
2065
2041
2036
2056
1973
2056
2068
2026
2061
2053
2055
2032
2053
2001
2069
2061
2100
2095
2076
2006
2005
1989
2005
1974
2057
1975
2021
1952
2040
1975
1948
1950
1957
1984
1966
1969
1951
1932
1895
1975
1943
1970
2000
1997
1937
1958
1942
1896
1915
1949
1880
1926
1891
1956
1871
1918
1903
1898
1914
1953
1955
1972
2004
2028
1987
2051
2005
2024
2046
2053
2099
2089
2076
2039
2009
2023
2045
2026
2024
2043
2026
2026
2032
2062
2055
2015
1976
1977
1933
1983
1972
2010
1969
1982
1978
1978
1998
1973
2012
2025
2045
2009
2027
1996
2014
2018
1975
2022
1967
2029
1950
2009
1967
1993
1964
2060
1951
1953
1935
1905
1915
1936
1938
1917
2001
1892
1909
1839
1861
1823
1831
1823
1802
1855
1817
1836
1788
1822
1780
1772
1751
1775
1746
1739
1741
1702
1722
1698
1663
1686
1696
1689
1684
1708
1731
1689
1686
1684
1706
1687
1744
1717
1763
1720
1718
1712
1692
1710
1731
1735
1704
1747
1700
1692
1690
1698
1706
1701
1664
1662
1677
1676
1681
1703
1703
1723
1683
1633
1664
1627
1658
1613
1599
1601
1612
1583
1577
1598
1607
1652
1632
1657
1632
1664
1656
1652
1696
1682
1705
1709
1671
1684
1655
1659
1675
1615
1654
1625
1659
1668
1638
1659
1670
1712
1625
1682
1649
1648
1646
1720
1685
1666
1665
1658
1637
1685
1672
1672
1675
1716
1691
1746
1753
1763
1769
1771
1779
1745
1739
1681
1706
1712
