11777
13559
11545
11481
10785
10324
9963
9654
9314
9065
8868
8496
8237
7885
7688
7612
7573
7192
7304
7015
6931
6912
6674
6749
6621
6475
6394
6349
6175
6124
6031
6102
6104
5932
5947
6058
5884
5836
5802
5709
5593
5436
5441
5402
5245
5286
5129
5085
5035
5025
4916
5045
5046
5032
5019
4933
5005
4941
4960
4858
4834
4789
4795
4641
4561
4546
4546
4481
4463
4377
4386
4428
4341
4229
4224
4187
4154
4067
4042
4001
3887
3773
3713
3703
3662
3706
3661
3727
3707
3696
3662
3593
3693
3586
3647
3534
3521
3551
3485
3494
3447
3413
3408
3428
3404
3455
3326
3360
3331
3430
3366
3554
3468
3461
3456
3444
3442
3432
3502
3381
3429
3353
3371
3357
3373
3413
3334
3392
3387
3396
3333
3425
3400
3433
3451
3517
3437
3408
3393
3356
3295
3175
3189
3158
3142
3107
3096
3038
3023
3093
3096
3120
3140
3183
3150
3128
3087
3065
3071
3026
3013
3030
2961
2994
2950
2956
2948
2893
2929
2966
2903
2901
2893
2932
2890
2883
2934
2890
3059
2904
2984
2905
2953
2963
2994
3063
3137
3124
3096
3084
3087
3153
3095
3180
3181
3122
3075
3129
3148
3060
3068
3022
3078
3015
3021
2913
2904
2847
2851
2874
2827
2855
2771
2800
2756
2719
2670
2674
2650
2653
2581
2552
2469
2498
2480
2525
2564
2631
2550
2647
2556
2551
2531
2507
2523
2590
2523
2664
2521
2613
2569
2627
2681
2702
2717
2684
2792
2715
2771
2808
2875
2904
2897
2844
2885
2919
2814
2893
2792
2852
2809
2745
2664
2683
2696
2656
2576
2668
2597
2691
2642
2665
2643
2691
2675
2684
2731
2667
2756
2683
2698
2778
2685
2676
2678
2732
2750
2684
2683
2751
2615
2482
2460
2458
2459
2498
2470
2465
2480
2488
2430
2441
2408
2408
2385
2383
2380
2374
2346
2304
2286
2321
2329
2328
2326
2331
2344
2426
2366
2381
2351
2428
2373
2400
2380
2446
2372
2447
2377
2317
2325
2309
2320
2302
2293
2311
2390
2315
2325
2342
2375
2350
2406
2415
2445
2469
2516
2448
2460
2426
2422
2389
2459
2432
2428
2469
2420
2459
2421
2408
2373
2401
2391
2452
2391
2411
2426
2445
2488
2559
2582
2586
2557
2584
2633
2589
2593
2580
2548
2471
2443
2496
2437
2461
2465
2505
2541
2512
2507
2516
2519
2530
2488
2524
2472
2414
2365
2334
2359
2282
2304
2211
2275
2221
2223
2238
2198
2225
2165
2177
2210
2244
2271
2237
2224
2249
2250
2335
2316
2354
2306
2315
2280
2273
2253
2340
2315
2339
2308
2287
2239
2262
2179
2224
2154
2183
2167
2123
2148
2140
2159
2169
2178
2164
2171
2150
2083
2073
2030
2025
2025
2032
2064
2114
2132
2165
2174
2196
2122
2133
2141
2122
2110
2040
2069
2040
2068
1997
2024
1993
2007
1971
1982
1998
1987
1952
1969
2004
1920
2003
1959
2025
1986
2058
2018
2079
1979
2075
2009
2034
1998
2003
2006
1971
1974
1925
1936
1912
1901
1939
1969
1894
1911
1892
1932
1990
1983
1963
1995
1971
1983
1987
1987
2008
1934
1947
1923
1987
1972
2014
1981
1989
1987
2006
2008
2011
2016
2049
2044
2064
2076
2065
2081
2042
2122
2065
2097
2000
2017
1950
2015
1966
1972
2025
2005
2107
2014
2026
2024
2045
2036
2068
2052
2032
2019
2036
2061
2034
2064
2010
2064
2037
2017
1996
2019
1988
2000
2029
2054
2010
1949
1963
1950
1956
1903
1972
1957
2008
2024
1971
2003
1982
2005
1981
2004
2043
2049
2052
2036
2063
2013
1962
1959
1961
1978
1966
1968
1933
1923
1929
1958
1906
1905
1888
1885
1855
1889
1919
1903
1907
1899
1905
1928
1875
1897
1934
1886
1858
1887
1886
1909
1892
1875
1940
1924
1935
1981
1955
2017
2007
2043
2023
1985
2077
1997
2030
2054
2065
2090
2103
2130
2089
2057
2063
2073
2055
2070
2052
2107
2081
2091
2086
2078
2072
2004
1973
1951
1919
1926
1919
1933
1933
1919
1907
1947
1923
1957
1960
1951
1939
1938
1895
1903
1919
1932
1902
1860
1880
1849
1905
1882
1893
1930
1928
1930
1951
1921
1954
1929
1990
1974
2035
1991
2020
1969
1983
1963
1982
1987
1950
1949
1983
1985
1937
1974
1954
1982
2017
2016
1980
1923
1918
1938
1927
1951
1945
1999
1928
1949
1955
1898
1940
1926
1930
1940
1918
1912
1910
1918
1896
1868
1873
1907
1949
1947
1956
1947
1939
1940
1946
1992
1955
1974
2004
1995
2026
1992
1966
2005
1992
2030
1971
1979
2021
1982
2053
2046
2064
2005
2060
2047
2036
2035
1965
2006
1978
2025
2041
2047
2026
2072
2032
2028
2033
2056
2067
2064
2134
2058
2015
2050
2056
2111
2089
2055
2070
1988
2008
1952
1995
2026
2048
2048
2061
2137
2122
2127
2133
2158
2171
2173
2217
2193
2218
2172
2229
2185
2209
2225
2193
2211
2173
2142
2122
2137
2143
2215
2193
2241
2262
2252
2286
2305
2203
2251
2238
2258
2215
2249
2257
2241
2249
2223
2229
2248
2263
2298
2298
2337
2316
2339
2374
2351
2354
2308
2393
2342
2382
2321
2384
2329
2373
2349
2360
2337
2330
2371
2362
2358
2293
2365
2308
2337
2277
2286
2307
2282
2279
2322
2266
2323
2251
2344
2292
2286
2303
2320
2264
2346
2284
2274
2249
2301
2239
2288
2211
2256
2219
2178
2204
2192
2235
2209
2180
2189
2135
2080
2088
2067
2090
2080
2124
2064
2083
2106
2070
2035
2115
2064
2101
2114
2098
2120
2124
2099
2163
2129
2094
2122
2068
2127
2049
2065
2096
2160
2109
2150
2113
2114
2117
2138
2162
2190
2173
2125
2120
2111
2107
2092
2056
2034
2047
2064
2067
2115
2122
2171
2129
2184
2203
2246
2251
2220
2160
2172
2188
2183
2193
2223
2120
2137
2143
2156
2168
2153
2245
2222
2225
2220
2206
2179
2218
2254
2276
2212
2238
2147
2161
2124
2119
2150
2182
2219
2222
2234
2180
2175
2173
2154
2166
2145
2190
2172
2138
2212
2221
2291
2238
2254
2233
