12014
13750
11610
11376
10575
10416
9817
9622
9294
8971
8482
8499
8066
8003
7817
7705
7522
7345
7283
7224
7037
6927
6790
6675
6445
6440
6375
6267
6137
6084
6023
5926
5741
5742
5731
5609
5569
5430
5495
5530
5508
5364
5391
5316
5260
5227
5297
5183
5119
5007
5012
5041
4929
4857
4964
4904
4908
4834
4828
4743
4779
4770
4674
4669
4813
4712
4816
4630
4653
4621
4644
4593
4549
4552
4533
4356
4380
4343
4377
4286
4218
4271
4114
4200
4075
4133
4065
4040
3963
3980
3908
3975
3905
4006
3934
3894
3816
3876
3794
3822
3767
3755
3791
3865
3839
3717
3802
3790
3739
3766
3682
3720
3625
3571
3710
3624
3663
3636
3605
3558
3596
3531
3524
3551
3491
3497
3397
3451
3498
3574
3489
3482
3413
3324
3421
3366
3347
3263
3241
3137
3228
3236
3267
3215
3173
3170
3155
3143
3105
3196
3211
3210
3235
3277
3265
3387
3239
3222
3139
3205
3135
3147
3046
3130
3010
3007
3049
3071
3026
3051
3061
2987
2978
2938
2956
2953
2990
2971
3021
3068
3001
3047
2935
2953
2879
2929
2935
2950
2901
2858
2831
2817
2752
2811
2691
2729
2705
2759
2759
2784
2812
2762
2810
2781
2744
2758
2831
2750
2731
2784
2737
2708
2707
2632
2710
2677
2747
2729
2749
2722
2803
2833
2850
2843
2871
2828
2782
2828
2907
2839
2851
2774
2737
2719
2716
2678
2680
2670
2658
2633
2545
2583
2540
2577
2656
2697
2622
2561
2563
2536
2627
2600
2594
2590
2641
2675
2640
2634
2569
2611
2565
2590
2641
2690
2654
2689
2678
2708
2673
2686
2687
2712
2703
2738
2686
2716
2677
2713
2717
2685
2747
2658
2682
2588
2595
2542
2509
2515
2492
2501
2462
2459
2545
2516
2534
2459
2471
2491
2476
2503
2473
2511
2463
2432
2444
2456
2411
2426
2377
2381
2340
2317
2312
2334
2357
2373
2414
2400
2399
2380
2430
2418
2465
2449
2509
2558
2531
2587
2550
2676
2674
2728
2735
2731
2799
2809
2760
2736
2754
2688
2643
2631
2557
2584
2624
2629
2637
2678
2624
2636
2583
2572
2508
2569
2587
2624
2592
2623
2547
2626
2518
2578
2583
2497
2558
2584
2582
2583
2631
2590
2635
2665
2680
2703
2642
2611
2615
2594
2656
2674
2637
2679
2630
2696
2606
2594
2563
2578
2562
2556
2605
2583
2557
2511
2521
2544
2502
2502
2495
2467
2501
2368
2391
2333
2366
2367
2351
2396
2423
2346
2345
2356
2402
2437
2476
2492
2429
2435
2433
2476
2476
2553
2529
2538
2509
2525
2505
2537
2537
2532
2518
2529
2555
2478
2501
2485
2502
2556
2535
2539
2501
2607
2532
2545
2531
2485
2454
2426
2382
2449
2458
2424
2436
2446
2480
2453
2468
2410
2421
2494
2492
2517
2364
2412
2362
2396
2397
2306
2338
2322
2333
2330
2331
2364
2388
2434
2448
2462
2483
2483
2490
2334
2326
2293
2322
2315
2379
2401
2470
2514
2463
2577
2499
2491
2482
2467
2425
2451
2461
2435
2403
2472
2401
2480
2352
2433
2369
2425
2389
2414
2393
2429
2401
2469
2412
2474
2384
2475
2510
2454
2429
2486
2460
2503
2537
2530
2543
2564
2552
2572
2545
2523
2549
2586
2518
2489
2470
2475
2438
2493
2476
2550
2563
2571
2520
2538
2597
2639
2632
2704
2679
2657
2634
2584
2618
2616
2653
2660
2571
2584
2574
2573
2581
2558
2560
2501
2545
2534
2528
2548
2542
2524
2482
2454
2374
2472
2318
2307
2291
2195
2220
2204
2174
2225
2205
2213
2232
2221
2240
2177
2196
2143
2211
2186
2184
2208
2223
2111
2195
2193
2201
2242
2220
2304
2301
2296
2228
2306
2250
2283
2227
2261
2249
2263
2201
2237
2153
2187
2139
2115
2130
2149
2197
2169
2209
2168
2191
2213
2253
2211
2282
2271
2304
2262
2275
2185
2215
2230
2260
2269
2257
2251
2211
2211
2229
2209
2234
2153
2221
2223
2227
2231
2190
2203
2176
2231
2193
2228
2205
2226
2198
2212
2182
2211
2201
2239
2270
2318
2320
2283
2320
2338
2416
2331
2338
2318
2302
2360
2320
2281
2260
2293
2236
2209
2187
2179
2196
2142
2147
2179
2195
2196
2189
2229
2230
2269
2284
2240
2225
2224
2175
2217
2179
2211
2169
2170
2128
2142
2101
2062
2097
2072
2183
2066
2145
2124
2152
2151
2171
2200
2184
2182
2170
2160
2170
2134
2189
2139
2152
2171
2173
2190
2234
2159
2229
2210
2265
2228
2241
2220
2258
2312
2354
2349
2266
2334
2282
2292
2230
2297
2237
2276
2222
2206
2189
2217
2233
2179
2196
2153
2236
2203
2280
2268
2246
2296
2303
2274
2226
2198
2218
2231
2241
2197
2219
2242
2199
2246
2202
2302
2232
2325
2285
2249
2265
2267
2241
2249
2276
2279
2294
2305
2311
2361
2288
2356
2303
2346
2384
2384
2335
2330
2363
2287
2303
2297
2321
2385
2324
2414
2427
2392
2380
2387
2356
2376
2391
2375
2379
2400
2407
2472
2480
2542
2548
2551
2541
2587
2481
2448
2463
2414
2418
2391
2427
2408
2402
2419
2361
2397
2391
2349
2328
2356
2352
2379
2370
2381
2406
2364
2374
2345
2325
2306
2319
2370
2366
2344
2312
2297
2317
2282
2326
2335
2302
2298
2324
2343
2331
2328
2309
2245
2234
2288
2262
2239
2269
2273
2235
2175
2247
2191
2257
2263
2316
2272
2234
2227
2287
2226
2264
2239
2239
2240
2296
2230
2223
2219
2170
2235
2238
2280
2274
2339
2375
2425
2411
2394
2368
2401
2366
2410
2344
2372
2366
2364
2387
2380
2411
2372
2391
2339
2419
2355
2367
2326
2393
2320
2360
2379
2329
2316
2304
2364
2351
2386
2365
2347
2323
2339
2294
2282
2226
2233
2251
2297
2336
2317
2354
2264
2256
2241
2243
2292
2244
2256
2228
2250
2279
2268
2211
2224
2188
2259
2216
2208
2242
2238
2260
2201
2244
2202
2173
2197
2180
2201
2151
2149
2146
2120
2134
2159
2192
2138
2104
2137
2150
2153
2127
2119
2140
2106
2144
2116
2171
2091
2106
2108
2121
2141
