11973
13649
11447
11353
10603
10299
9587
9330
9095
8709
8443
8428
8047
7886
7448
7324
7046
6866
6675
6506
6461
6365
6204
6099
6040
5834
5977
5792
5796
5837
5727
5669
5661
5599
5635
5545
5498
5517
5431
5444
5453
5322
5395
5267
5274
5069
5081
5058
4991
4919
4947
4896
4818
4816
4844
4728
4677
4732
4664
4819
4684
4784
4711
4698
4790
4886
4847
4903
4800
4752
4685
4736
4800
4733
4671
4627
4697
4554
4634
4572
4493
4420
4424
4376
4405
4317
4370
4347
4325
4401
4518
4424
4412
4442
4419
4371
4375
4435
4320
4466
4347
4371
4294
4363
4338
4292
4319
4255
4221
4180
4126
4150
4156
4172
4109
4052
4123
4041
4075
4097
4166
4107
4082
3977
4072
4036
4072
4029
3982
4066
3996
4046
3964
3929
3823
3733
3740
3677
3671
3569
3594
3684
3640
3752
3695
3760
3761
3821
3806
3838
3870
3805
3840
3897
3876
3808
3780
3756
3735
3735
3869
3800
3858
3763
3880
3850
3905
3851
3872
3780
3849
3744
3688
3631
3624
3653
3642
3617
3634
3591
3599
3617
3560
3567
3558
3527
3497
3433
3394
3354
3335
3324
3392
3228
3218
3194
3228
3242
3241
3174
3229
3144
3200
3171
3281
3227
3283
3209
3266
3159
3286
3229
3284
3123
3101
3089
3053
3075
3110
3142
3098
3165
3103
3063
2959
3048
2965
2955
3034
3056
3039
3021
3053
2999
2979
2981
3004
3062
2999
2997
2958
2925
2900
2853
2934
2875
2927
2944
2996
3024
3037
3073
3058
3041
3015
2969
2980
3043
3031
3158
3124
3215
3183
3240
3256
3301
3210
3258
3239
3305
3263
3277
3290
3224
3232
3155
3203
3191
3234
3222
3268
3309
3214
3257
3280
3317
3319
3311
3321
3331
3172
3281
3247
3209
3257
3247
3280
3201
3281
3257
3347
3295
3278
3279
3175
3149
3171
3220
3215
3286
3226
3255
3337
3295
3190
3209
3218
3185
3165
3061
2997
3053
3029
2954
3020
2990
3127
3016
3072
3033
3143
3003
3079
2900
3000
2948
2997
2981
3066
2978
2944
2940
2917
2879
2938
2924
2995
2904
2966
2824
2900
2831
2861
2846
2827
2805
2798
2726
2648
2702
2667
2751
2739
2771
2732
2743
2647
2724
2604
2684
2710
2760
2733
2847
2782
2781
2702
2682
2633
2668
2702
2678
2668
2665
2656
2620
2614
2639
2704
2652
2708
2659
2676
2633
2629
2596
2600
2584
2556
2591
2640
2681
2615
2605
2598
2656
2651
2604
2582
2580
2511
2472
2496
2494
2601
2528
2563
2572
2525
2554
2508
2477
2464
2397
2418
2405
2465
2509
2524
2461
2502
2511
2524
2534
2490
2452
2438
2404
2474
2404
2476
2448
2453
2437
2417
2483
2440
2428
2474
2492
2504
2469
2499
2531
2563
2565
2580
2526
2580
2577
2596
2651
2625
2596
2584
2548
2535
2546
2552
2511
2507
2490
2462
2517
2503
2478
2528
2483
2542
2440
2443
2426
2410
2449
2454
2433
2340
2381
2427
2448
2372
2377
2351
2352
2388
2391
2423
2370
2377
2435
2422
2435
2416
2393
2404
2393
2373
2319
2278
2283
2276
2321
2281
2279
2252
2188
2271
2253
2274
2346
2338
2286
2295
2184
2274
2160
2172
2189
2166
2229
2156
2139
2143
2171
2158
2139
2059
2024
2057
2005
2001
2009
2026
2013
2034
2083
2078
2021
2011
2053
2098
2116
2113
2107
2089
2041
2032
2026
2077
2085
2059
2083
2008
1986
1979
2015
1930
1983
1891
1952
1954
1968
2022
1951
1964
1898
1920
1896
1913
1898
1942
1949
1976
1977
2042
2002
2036
2034
2041
2056
1997
2030
2023
2088
2091
2070
2096
2081
2087
2068
2038
2086
2022
2016
2045
2023
2033
1998
2001
2039
2052
2042
2028
2076
2106
2052
2061
2043
2040
2055
2096
2073
2121
2109
2060
2074
2070
2008
1984
1952
1951
1860
1894
1907
1911
1919
1887
1900
1919
1929
1954
1949
2036
1995
1996
1998
2033
2035
2033
1942
1973
1987
2019
1980
1981
2041
2053
2002
2090
2055
2079
2060
2117
2025
2054
2011
2007
1972
1942
1905
1875
1880
1856
1871
1831
1843
1795
1877
1826
1892
1853
1882
1846
1863
1854
1876
1855
1843
1831
1878
1867
1857
1860
1860
1837
1835
1874
1865
1864
1849
1868
1883
1866
1880
1868
1896
1897
1863
1936
1926
1992
1977
1999
1997
2036
1954
1944
1958
1930
1868
1865
1823
1857
1842
1875
1841
1842
1804
1815
1849
1821
1835
1829
1883
1881
1826
1841
1858
1826
1857
1825
1864
1844
1819
1794
1815
1771
1739
1751
1747
1758
1769
1787
1799
1792
1786
1785
1818
1828
1851
1817
1769
1755
1770
1730
1699
1707
1705
1661
1690
1687
1682
1698
1739
1754
1763
1779
1785
1797
1789
1758
1742
1720
1734
1718
1758
1806
1790
1770
1786
1811
1791
1772
1793
1787
1818
1809
1798
1777
1784
1722
1728
1716
1748
1725
1768
1759
1759
1759
1753
1784
1781
1781
1731
1709
1682
1690
1739
1709
1720
1746
1762
1706
1746
1747
1696
1672
1643
1666
1704
1696
1723
1648
1695
1656
1686
1672
1668
1660
1723
1684
1714
1700
1706
1711
1727
1702
1732
1707
1687
1716
1700
1711
1702
1683
1700
1670
1664
1682
1688
1677
1738
1702
1763
1786
1756
1759
1740
1743
1746
1714
1751
1758
1797
1769
1796
1759
1770
1762
1796
1789
1788
1754
1790
1751
1776
1723
1769
1758
1789
1740
1807
1772
1814
1759
1774
1759
1737
1720
1731
1729
1722
1728
1727
1719
1748
1774
1776
1771
1772
1765
1763
1726
1738
1771
1744
1730
1749
1798
1792
1760
1745
1766
1778
1766
1756
1765
1779
1807
1732
1768
1767
1771
1762
1793
1804
1823
1795
1827
1855
1823
1799
1745
1721
1735
1676
1741
1712
1769
1735
1766
1778
1746
1770
1804
1796
1825
1781
1760
1777
1759
1723
1719
1716
1737
1715
1726
1693
1759
1715
1714
1729
1731
1724
1775
1762
1803
1774
1764
1837
1833
1858
1817
1877
1874
1912
1870
1906
1937
1918
1902
1913
1946
1948
1924
1886
1921
1900
1876
1875
