12052
13688
11524
11413
10637
10285
9857
9579
9212
8974
8628
8426
8257
7964
7918
7610
7592
7462
7310
7256
7062
6960
6894
6700
6725
6474
6615
6376
6398
6420
6208
6313
6182
6127
5907
5956
5943
5913
5863
5677
5784
5736
5599
5495
5414
5370
5388
5347
5438
5408
5312
5309
5156
5194
5121
5143
5001
5115
4986
5002
4929
5005
5060
4990
4904
4938
4929
4894
4795
4798
4776
4846
4840
4821
4865
4842
4979
4851
4794
4881
4790
4783
4755
4783
4777
4697
4598
4514
4454
4502
4561
4573
4528
4622
4717
4656
4652
4670
4707
4797
4700
4835
4700
4758
4684
4567
4524
4498
4587
4416
4386
4368
4393
4314
4376
4403
4436
4445
4381
4303
4295
4241
4261
4279
4300
4321
4381
4243
4261
4181
4132
4157
4116
4168
4091
4095
4059
4041
3965
3969
3899
3914
3851
3946
3803
3773
3815
3750
3675
3674
3655
3689
3745
3565
3577
3550
3528
3469
3485
3473
3504
3493
3516
3550
3565
3575
3589
3642
3561
3482
3383
3412
3419
3474
3423
3389
3447
3452
3457
3384
3399
3424
3497
3510
3472
3478
3460
3428
3336
3426
3431
3407
3398
3415
3412
3419
3369
3448
3393
3392
3299
3321
3239
3298
3231
3222
3236
3214
3288
3311
3268
3215
3201
3167
3196
3255
3238
3162
3256
3180
3147
3126
3131
3122
3122
3154
3034
3114
3118
3023
2998
2994
2943
2926
2921
2949
2929
2884
2926
2884
2952
2888
2959
2989
3014
3032
2985
2995
2946
3057
3002
3023
2971
3021
3063
3004
3014
2985
2935
2945
2951
2965
3056
2964
3025
2984
3016
2987
3002
3006
2986
2961
2999
3003
3015
2972
2981
2916
2962
2958
2892
2885
2918
2885
2903
2853
2803
2936
2875
2901
2855
2896
2854
2871
2888
2931
2959
2947
2957
2953
2866
2861
2829
2837
2835
2842
2857
2801
2793
2860
2846
2847
2836
2839
2815
2808
2778
2798
2872
2775
2882
2834
2945
2933
2951
2847
2941
2856
2836
2898
2864
2910
2915
2908
2858
2982
2929
2997
2924
2918
2937
2935
2901
2959
2920
2995
2847
2843
2857
2869
2940
3022
2976
2896
2842
2795
2817
2798
2819
2812
2844
2839
2791
2864
2856
2813
2758
2755
2892
2784
2754
2751
2678
2640
2640
2579
2527
2553
2591
2611
2642
2618
2591
2569
2525
2511
2418
2413
2456
2389
2369
2383
2397
2350
2386
2355
2369
2352
2345
2308
2306
2352
2388
2390
2328
2400
2418
2492
2442
2391
2452
2396
2491
2419
2408
2297
2352
2306
2318
2277
2328
2284
2354
2292
2303
2290
2286
2287
2292
2265
2283
2251
2246
2220
2232
2234
2274
2231
2247
2276
2188
2267
2256
2261
2262
2239
2267
2241
2239
2231
2206
2263
2280
2262
2237
2219
2194
2181
2184
2159
2163
2175
2171
2133
2167
2141
2181
2152
2115
2181
2138
2192
2210
2206
2204
2224
2174
2157
2178
2191
2217
2158
2180
2188
2216
2220
2187
2260
2228
2247
2216
2189
2172
2188
2177
2200
2140
2097
2069
2098
2119
2091
2075
2010
2030
2045
2054
2043
2078
2085
2084
2133
2172
2131
2131
2148
2260
2191
2245
2219
2219
2122
2084
2131
2063
2118
2108
2138
2138
2100
2086
2120
2085
2102
2137
2164
2156
2216
2152
2203
2149
2173
2159
2173
2183
2146
2138
2141
2122
2141
2123
2151
2101
2108
2131
2154
2176
2176
2171
2155
2144
2210
2144
2170
2155
2174
2205
2199
2194
2138
2140
2123
2122
2120
2062
2116
2047
2031
2040
1994
1941
1981
1955
1975
1995
2057
2020
2074
2064
2075
2041
2054
2064
2030
2080
2049
2069
2027
2019
2032
2023
2020
1999
1959
1957
1920
1942
1935
1913
1893
1904
1896
1900
1862
1899
1855
1901
1824
1904
1837
1856
1887
1851
1867
1883
1846
1840
1877
1845
1886
1818
1885
1874
1908
1898
1911
1920
1889
1914
1912
1920
1938
1894
1933
1876
1901
1877
1878
1866
1812
1862
1820
1812
1802
1799
1809
1816
1851
1825
1865
1855
1859
1901
1944
1955
1989
1971
2042
2000
2018
2017
1960
1918
1951
1894
1908
1885
1905
1893
1870
1910
1892
1874
1859
1849
1869
1839
1820
1876
1873
1868
1827
1811
1805
1799
1823
1831
1803
1831
1832
1853
1863
1842
1862
1845
1888
1865
1886
1874
1885
1832
1903
1875
1863
1834
1838
1853
1880
1909
1936
1925
1922
1895
1881
1863
1872
1863
1837
1856
1838
1868
1831
1804
1824
1800
1805
1743
1774
1746
1795
1781
1740
1745
1741
1769
1763
1749
1761
1726
1723
1676
1632
1659
1628
1673
1646
1677
1638
1671
1678
1707
1722
1722
1772
1755
1736
1699
1729
1736
1731
1788
1767
1784
1758
1801
1713
1714
1738
1719
1710
1716
1691
1712
1699
1719
1738
1795
1713
1722
1754
1724
1743
1713
1707
1715
1740
1734
1710
1706
1712
1773
1761
1812
1808
1817
1790
1824
1832
1846
1907
1875
1860
1852
1889
1845
1865
1826
1907
1877
1911
1890
1868
1885
1841
1871
1856
1911
1892
1902
1829
1831
1837
1837
1879
1841
1832
1861
1840
1830
1843
1827
1843
1828
1862
1823
1822
1819
1894
1835
1877
1836
1896
1854
1877
1909
1871
1916
1872
1903
1879
1885
1875
1890
1839
1890
1839
1841
1817
1864
1813
1812
1836
1862
1840
1818
1801
1782
1839
1810
1864
1852
1895
1870
1874
1813
1907
1840
1876
1801
1787
1798
1840
1809
1820
1812
1855
1850
1869
1857
1848
1827
1874
1858
1869
1897
1867
1857
1860
1808
1845
1794
1825
1839
1846
1864
1837
1875
1825
1899
1884
1918
1876
1937
1897
1916
1877
1887
1866
1894
1903
1849
1898
1876
1889
1854
1885
1896
1973
1918
1961
1946
1978
2042
1971
1979
1953
1958
1962
1984
1983
1993
1952
1989
1972
1927
1981
1999
2045
2028
2080
2123
2093
2111
2095
2099
2117
2171
2182
2203
2254
2205
2258
2165
2211
2185
2209
2180
2203
2163
2172
2186
2154
2210
2196
2214
2267
2239
2286
2286
2244
2219
2215
2200
2197
2183
2188
2194
2177
2224
2181
