11970
13853
11571
11370
10728
10444
9850
9698
9288
8917
8607
8391
8183
7919
7648
7412
7241
7172
6914
6857
6684
6538
6456
6263
6355
6286
6317
6243
6150
6146
6116
5953
5870
5738
5869
5793
5501
5529
5393
5565
5319
5428
5362
5408
5273
5261
5117
5172
5155
5057
5181
5027
5038
4959
5014
4899
4877
4859
4823
4741
4713
4681
4585
4606
4651
4633
4606
4573
4559
4493
4392
4365
4321
4338
4306
4171
4105
4154
4209
4272
4265
4219
4180
4193
4287
4190
4177
3986
4046
4079
4083
4114
4039
4101
4005
3999
3982
3992
4065
3941
3950
3905
3963
3983
4008
4011
4035
3947
3930
3842
3885
3870
3807
3791
3874
3817
3810
3707
3724
3706
3634
3606
3649
3653
3675
3633
3503
3552
3474
3564
3403
3360
3413
3367
3261
3234
3197
3201
3191
3176
3217
3172
3227
3124
3129
3110
3152
3047
3087
3073
3153
3119
3142
3143
3130
3112
3115
3215
3188
3194
3169
3197
3197
3209
3247
3189
3175
3223
3238
3202
3084
3098
3068
3144
2944
3059
2947
3033
3000
3076
3013
3102
3152
3151
3182
3101
3037
3089
3037
3013
3021
2981
3066
2992
2995
3013
2995
3017
3105
3045
3072
2973
3006
2989
2919
2906
2898
2837
2831
2864
2835
2907
2878
2937
2838
2894
2838
2903
2922
3008
2986
3049
2973
2930
2993
2856
2913
2932
2925
2914
2948
2933
2962
2923
2919
2906
2968
2855
2827
2876
2763
2879
2831
2881
2890
2942
2863
2916
2855
2804
2750
2741
2598
2655
2570
2573
2545
2569
2637
2603
2626
2603
2659
2593
2646
2588
2649
2600
2608
2643
2594
2698
2639
2755
2699
2796
2847
2931
2936
2944
2976
3027
3032
3012
3001
3032
2946
2899
2899
2822
2895
2772
2831
2681
2707
2729
2788
2766
2724
2735
2746
2717
2718
2619
2638
2626
2660
2678
2640
2657
2716
2692
2726
2743
2750
2839
2789
2802
2837
2759
2802
2737
2647
2663
2634
2648
2591
2543
2575
2630
2580
2549
2584
2603
2560
2509
2480
2518
2520
2537
2494
2501
2558
2596
2531
2548
2539
2503
2516
2515
2522
2472
2500
2537
2531
2520
2552
2511
2464
2428
2464
2495
2458
2468
2464
2460
2490
2491
2557
2507
2499
2491
2396
2454
2406
2391
2377
2392
2350
2409
2354
2438
2408
2459
2449
2540
2509
2548
2503
2501
2539
2477
2516
2492
2433
2531
2447
2524
2491
2588
2521
2565
2544
2577
2546
2568
2624
2626
2690
2653
2676
2647
2661
2639
2648
2621
2607
2675
2638
2639
2613
2569
2574
2525
2566
2549
2535
2544
2509
2569
2543
2624
2533
2548
2526
2524
2515
2601
2581
2631
2592
2568
2568
2588
2656
2493
2514
2524
2573
2495
2513
2466
2473
2504
2455
2523
2469
2511
2502
2559
2529
2553
2611
2526
2585
2473
2450
2455
2462
2458
2420
2476
2396
2381
2408
2370
2351
2365
2326
2315
2338
2363
2362
2408
2355
2373
2372
2370
2359
2378
2389
2396
2318
2379
2314
2298
2317
2330
2312
2325
2355
2314
2313
2319
2337
2302
2296
2274
2255
2263
2244
2202
2247
2220
2171
2209
2154
2150
2119
2018
2098
2042
2093
2098
2129
2151
2119
2196
2137
2185
2199
2210
2198
2268
2206
2193
2126
2126
2082
2089
2109
2175
2135
2188
2111
2135
2171
2154
2219
2183
2213
2204
2236
2294
2297
2311
2301
2350
2376
2384
2379
2355
2383
2302
2375
2315
2363
2368
2375
2339
2324
2382
2379
2332
2397
2297
2382
2311
2318
2298
2364
2311
2330
2340
2347
2330
2335
2331
2331
2325
2305
2293
2263
2210
2152
2172
2165
2134
2193
2242
2212
2256
2221
2267
2230
2215
2255
2181
2225
2215
2181
2125
2180
2240
2245
2250
2237
2184
2241
2248
2261
2216
2244
2246
2331
2281
2240
2240
2333
2279
2325
2306
2326
2403
2341
2348
2317
2279
2328
2297
2301
2331
2374
2393
2372
2365
2378
2358
2334
2378
2282
2341
2293
2258
2233
2255
2251
2292
2280
2315
2347
2412
2380
2378
2377
2360
2373
2396
2388
2377
2296
2301
2263
2336
2262
2284
2234
2326
2264
2225
2256
2237
2296
2282
2251
2210
2246
2191
2238
2182
2265
2254
2229
2240
2196
2182
2176
2151
2188
2110
2217
2126
2158
2146
2152
2117
2153
2189
2200
2152
2203
2159
2230
2212
2208
2222
2195
2205
2238
2198
2194
2183
2169
2200
2207
2195
2206
2181
2228
2193
2174
2168
2196
2124
2129
2131
2144
2146
2095
2071
2046
2064
2040
2079
2081
2100
2082
2124
2117
2115
2132
2179
2134
2169
2160
2198
2192
2208
2191
2211
2268
2251
2331
2351
2343
2343
2343
2386
2324
2330
2297
2252
2257
2317
2318
2304
2320
2276
2302
2327
2333
2358
2339
2325
2271
2301
2265
2303
2290
2274
2237
2285
2282
2284
2290
2265
2256
2259
2261
2225
2223
2210
2214
2192
2138
2099
2100
2123
2145
2234
2177
2192
2152
2174
2205
2174
2195
2167
2218
2178
2195
2182
2117
2139
2177
2175
2163
2184
2171
2276
2266
2334
2391
2385
2392
2409
2353
2371
2331
2380
2379
2395
2366
2410
2303
2257
2237
2257
2304
2266
2328
2334
2287
2263
2345
2330
2380
2346
2374
2382
2423
2367
2354
2315
2323
2269
2255
2270
2166
2154
2154
2119
2165
2100
2137
2108
2133
2076
2090
2096
2136
2073
2119
2040
2065
2110
2094
2069
2090
2103
2099
2090
2052
2080
2015
2043
2025
2053
2008
2020
2008
2071
2044
2091
2070
2056
2101
2083
2119
2112
2059
2117
2074
2121
2129
2145
2143
2159
2130
2201
2150
2227
2181
2202
2176
2190
2208
2245
2275
2243
2262
2301
2273
2340
2317
2370
2396
2362
2389
2358
2325
2300
2309
2323
2375
2298
2379
2344
2318
2283
2240
2258
2226
2244
2301
2330
2411
2416
2432
2433
2480
2431
2403
2412
2425
2489
2487
2444
2412
2332
2399
2373
2435
2417
2469
2470
2447
2440
2467
2493
2498
2441
2477
2437
2403
2460
2385
2502
2423
2471
2361
2382
2360
2327
2324
2287
2260
2192
2217
2180
