12128
13931
11636
11355
10682
10560
9913
9615
9399
9176
8946
8649
8639
8446
8350
7938
7821
7544
7451
7042
6938
6665
6705
6626
6471
6302
6304
6168
6158
6059
5917
5907
5832
5716
5757
5634
5644
5603
5659
5456
5515
5423
5369
5289
5195
5080
5122
4957
5000
4846
4880
4752
4851
4883
4901
4965
4882
4922
4721
4789
4718
4760
4767
4604
4573
4530
4520
4420
4346
4282
4220
4170
4184
4120
4016
4069
3950
3893
3848
3898
3913
3942
3897
3849
3917
3847
3789
3783
3755
3777
3702
3837
3725
3729
3714
3677
3697
3784
3728
3739
3821
3812
3832
3741
3703
3723
3767
3740
3712
3732
3679
3810
3755
3873
3840
3801
3689
3795
3868
3807
3738
3765
3847
3838
3981
3864
3922
3867
3818
3694
3673
3677
3661
3609
3620
3635
3560
3517
3505
3529
3522
3461
3400
3430
3379
3475
3474
3516
3532
3586
3458
3596
3544
3519
3391
3449
3385
3410
3391
3335
3340
3273
3302
3190
3227
3277
3152
3135
3163
3148
3244
3204
3199
3338
3232
3346
3316
3168
3162
3196
3152
3079
3111
3143
3199
3144
3221
3169
3126
3106
3145
3121
3154
3006
3063
3034
3075
3042
3050
3029
3023
2946
2975
2938
2987
2937
3027
2963
3013
2979
2978
2945
3032
3007
3070
3078
3049
3091
3085
3161
3104
3147
3067
3130
3090
3110
3055
3030
3068
3105
3074
3139
3032
3159
3136
3252
3206
3188
3199
3226
3236
3197
3090
3100
3190
3199
3153
3061
3081
3044
2995
3031
2943
2968
2855
2868
2929
2946
2987
2985
3021
3004
2932
2970
2943
2930
3058
3018
3046
2869
3025
2885
2981
2897
2974
2892
2964
2952
2966
3042
2961
3040
2998
3023
2934
2941
2937
2929
2890
2896
2887
2906
2921
2947
2949
2944
2995
2971
3040
3037
3037
3052
3018
3020
3012
2945
2993
2939
3003
2889
2889
2963
2963
2881
2889
2932
2891
3066
3002
3088
3101
3143
3264
3211
3205
3264
3183
3161
3254
3308
3327
3334
3359
3330
3314
3170
3268
3198
3314
3126
3222
3163
3168
3147
3121
3121
3151
3201
3201
3246
3197
3260
3229
3227
3236
3249
3170
3250
3230
3245
3276
3156
3170
3193
3208
3172
3144
3131
3179
3193
3147
3195
3166
3243
3176
3231
3187
3177
3122
3134
3060
3076
3009
3056
3046
2981
3118
3084
2996
3085
3007
3019
3032
3077
2986
2908
2896
2870
2879
2903
2906
2855
2909
2875
2966
2993
2939
2951
2963
3013
2973
2980
2957
2984
2987
3002
2937
3042
2916
2930
3009
2858
2936
2906
2935
2941
2926
2903
2817
2771
2776
2692
2733
2754
2693
2692
2682
2694
2716
2741
2767
2783
2772
2757
2769
2805
2814
2910
2845
2890
2883
2771
2863
2754
2821
2765
2697
2777
2737
2765
2738
2746
2662
2696
2699
2682
2708
2750
2674
2582
2582
2560
2604
2543
2590
2570
2465
2519
2449
2508
2448
2487
2485
2476
2502
2434
2476
2482
2401
2426
2468
2480
2472
2386
2401
2313
2260
2269
2259
2251
2295
2305
2230
2226
2223
2123
2106
2133
2077
2122
2102
2134
2127
2111
2111
2113
2125
2138
2156
2178
2205
2171
2206
2160
2179
2196
2183
2196
2205
2167
2251
2203
2257
2243
2340
2271
2254
2256
2240
2247
2256
2216
2238
2227
2197
2208
2122
2147
2156
2174
2160
2231
2179
2277
2267
2294
2365
2361
2392
2366
2356
2362
2357
2342
2341
2331
2390
2405
2413
2443
2442
2481
2421
2407
2352
2362
2290
2296
2236
2259
2254
2228
2209
2278
2245
2265
2259
2293
2304
2303
2319
2343
2357
2297
2292
2356
2301
2336
2339
2258
2293
2213
2202
2189
2157
2186
2141
2142
2141
2064
2064
2027
2096
2058
2053
2033
1972
1938
1978
1938
1896
1912
1978
1879
1884
1884
1878
1887
1854
1876
1857
1916
1882
1955
1936
2014
1970
1947
1973
1960
1968
1955
1971
1990
2049
2020
1987
2034
2039
2031
2025
1998
2001
1999
2000
1931
1910
1839
1881
1855
1861
1879
1916
1885
1888
1905
1897
1902
1915
1916
1918
1903
1947
1904
1831
1815
1808
1785
1808
1735
1783
1786
1775
1782
1776
1805
1784
1828
1819
1806
1782
1803
1805
1834
1812
1826
1845
1764
1840
1763
1812
1746
1787
1818
1843
1787
1771
1745
1790
1764
1787
1739
1741
1723
1711
1694
1727
1749
1736
1756
1732
1763
1730
1777
1746
1781
1798
1759
1815
1832
1824
1839
1829
1827
1828
1818
1854
1827
1845
1817
1842
1792
1818
1783
1826
1784
1783
1764
1775
1781
1801
1815
1813
1775
1823
1813
1863
1843
1889
1890
1847
1914
1828
1792
1756
1775
1769
1763
1785
1769
1784
1766
1766
1756
1754
1765
1764
1786
1757
1799
1769
1765
1741
1740
1682
1712
1740
1728
1717
1731
1755
1736
1744
1770
1821
1837
1783
1766
1750
1772
1727
1725
1723
1734
1747
1751
1755
1745
1744
1744
1728
1752
1724
1713
1707
1709
1674
1666
1666
1715
1686
1684
1671
1627
1622
1641
1663
1636
1613
1626
1616
1630
1618
1593
1557
1570
1584
1549
1610
1573
1550
1505
1508
1508
1493
1517
1530
1515
1506
1540
1501
1536
1497
1522
1515
1520
1518
1537
1544
1559
1532
1561
1568
1565
1562
1578
1565
1593
1589
1585
1576
1576
1574
1584
1561
1566
1555
1564
1602
1564
1652
1592
1609
1590
1632
1610
1620
1627
1620
1610
1632
1629
1633
1617
1615
1587
1606
1558
1600
1578
1591
1577
1595
1549
1543
1498
1526
1523
1520
1571
1574
1534
1569
1581
1573
1593
1603
1605
1617
1594
1583
1586
1570
1605
1622
1593
1607
1596
1602
1596
1568
1560
1601
1592
1603
1611
1605
1622
1616
1625
1613
1633
1626
1600
1592
1580
1574
1589
1559
1580
1541
1586
1572
1562
1569
1575
1575
1580
1547
1576
1535
1547
1533
1547
1556
1545
1556
1519
1530
1496
1513
1507
1519
1493
1487
1484
1503
1495
1468
1468
1454
1442
1432
1457
1457
1440
1461
1472
1456
1468
1468
1493
1507
1495
1504
1509
1506
1485
1446
1443
