12033
13538
11663
11310
10482
10345
9956
9704
9475
9266
9082
8554
8324
8048
7681
7515
7439
7335
6994
7040
6843
6675
6591
6547
6439
6305
6334
6380
6325
6163
6016
5994
6054
5902
5766
5809
5777
5667
5603
5586
5467
5502
5500
5604
5496
5413
5371
5363
5340
5370
5289
5337
5120
5086
4997
5031
5126
5043
4984
4853
4864
4941
4884
4803
4810
4768
4764
4795
4662
4661
4562
4491
4523
4555
4427
4430
4379
4371
4277
4292
4423
4405
4353
4240
4217
4213
4078
4078
4059
4055
4129
4031
4070
3990
3953
4033
3959
3948
3953
3904
3905
3922
3977
3967
3901
3950
3854
3861
3861
3776
3715
3658
3627
3621
3648
3550
3599
3545
3543
3503
3456
3469
3472
3526
3479
3539
3463
3522
3486
3571
3481
3495
3469
3535
3505
3627
3566
3579
3514
3527
3537
3479
3417
3399
3402
3381
3468
3346
3349
3334
3302
3219
3229
3250
3213
3281
3315
3277
3326
3284
3243
3239
3210
3186
3172
3062
3159
3175
3206
3255
3275
3226
3326
3220
3278
3251
3363
3299
3355
3236
3339
3305
3259
3307
3276
3259
3234
3255
3187
3244
3271
3291
3197
3248
3266
3222
3213
3208
3209
3128
3146
3151
3168
3187
3225
3187
3160
3137
3116
3095
3069
2999
2974
2888
2918
2903
2920
2918
2993
3001
3038
2993
3014
3006
3009
2943
2933
2888
2954
2866
2961
2985
2999
3042
3091
3090
3097
3108
3045
3098
3091
3118
3140
3132
3091
3114
3022
3009
3026
2988
3025
3115
3043
3076
3017
2998
3024
2995
3019
2963
3021
3073
3068
3072
3074
2994
3003
2998
3036
3056
2962
2955
2961
2854
2873
2873
2835
2920
2872
2907
2912
2933
2893
2877
2756
2870
2859
2865
2877
2974
2889
2904
2832
2845
2909
2830
2912
2848
2839
2723
2790
2722
2748
2723
2734
2659
2738
2622
2572
2603
2580
2574
2597
2621
2595
2580
2507
2619
2590
2663
2613
2657
2623
2738
2632
2738
2710
2636
2736
2710
2751
2707
2645
2674
2609
2595
2588
2552
2591
2557
2543
2460
2509
2477
2514
2517
2554
2533
2483
2548
2480
2545
2528
2581
2538
2574
2573
2522
2441
2458
2470
2438
2440
2534
2435
2400
2336
2377
2374
2418
2413
2454
2403
2463
2483
2426
2417
2420
2363
2401
2397
2391
2409
2382
2340
2343
2317
2239
2247
2210
2318
2224
2274
2186
2216
2261
2262
2271
2280
2269
2251
2297
2300
2305
2363
2318
2372
2382
2329
2363
2409
2473
2415
2413
2415
2421
2363
2398
2376
2440
2433
2447
2421
2416
2412
2417
2392
2452
2490
2460
2532
2464
2480
2479
2494
2391
2404
2412
2379
2403
2400
2403
2363
2389
2359
2402
2340
2327
2305
2329
2356
2411
2341
2356
2365
2377
2324
2284
2198
2281
2308
2328
2293
2376
2340
2458
2364
2375
2375
2452
2470
2458
2487
2467
2464
2441
2439
2404
2408
2444
2447
2423
2439
2456
2467
2571
2549
2563
2567
2581
2583
2514
2514
2474
2511
2547
2543
2600
2508
2577
2526
2544
2543
2589
2575
2570
2587
2592
2547
2529
2429
2454
2413
2441
2478
2417
2455
2445
2444
2417
2480
2471
2472
2440
2437
2347
2336
2353
2354
2407
2387
2416
2392
2375
2423
2467
2473
2458
2479
2484
2531
2545
2506
2476
2471
2443
2387
2414
2406
2481
2489
2478
2461
2379
2389
2382
2384
2384
2363
2324
2393
2354
2365
2362
2355
2396
2383
2392
2378
2417
2433
2466
2495
2533
2504
2511
2511
2506
2534
2530
2420
2418
2385
2371
2354
2354
2321
2277
2323
2328
2355
2347
2333
2332
2342
2293
2255
2297
2279
2256
2247
2294
2337
2364
2349
2269
2372
2259
2295
2262
2269
2264
2242
2245
2192
2190
2124
2188
2139
2175
2128
2156
2130
2197
2192
2157
2175
2190
2193
2152
2213
2141
2165
2156
2140
2111
2135
2153
2086
2108
2024
2043
2028
1983
1999
1977
1976
1967
1963
1969
1972
1972
1920
1892
1921
1926
1948
1968
1955
1919
1935
1935
1933
1925
1924
1901
1929
1851
1887
1802
1832
1791
1832
1826
1813
1814
1855
1840
1843
1788
1766
1774
1787
1773
1746
1720
1747
1726
1722
1691
1705
1677
1687
1706
1694
1707
1717
1700
1760
1722
1753
1690
1680
1664
1657
1666
1665
1668
1661
1656
1685
1678
1673
1678
1727
1710
1760
1749
1753
1755
1753
1773
1753
1812
1823
1817
1835
1796
1789
1783
1766
1785
1764
1762
1771
1780
1784
1775
1752
1719
1705
1698
1711
1705
1719
1729
1720
1720
1748
1744
1697
1722
1696
1663
1695
1671
1706
1684
1703
1660
1704
1680
1645
1638
1688
1663
1657
1659
1672
1650
1684
1690
1695
1704
1712
1747
1677
1679
1655
1663
1693
1670
1673
1688
1708
1706
1770
1713
1702
1701
1670
1699
1641
1665
1669
1672
1675
1680
1689
1668
1722
1653
1696
1664
1712
1681
1704
1680
1683
1675
1652
1666
1676
1687
1639
1649
1637
1686
1702
1742
1755
1774
1803
1799
1799
1771
1808
1848
1810
1842
1841
1797
1805
1790
1800
1808
1819
1821
1809
1783
1824
1835
1807
1824
1823
1799
1835
1839
1787
1774
1820
1807
1837
1814
1813
1846
1839
1825
1843
1824
1816
1810
1761
1739
1780
1764
1826
1789
1786
1815
1807
1762
1797
1791
1835
1794
1806
1831
1816
1868
1811
1794
1783
1829
1817
1842
1817
1835
1859
1822
1869
1832
1897
1868
1920
1893
1930
1894
1938
1932
1930
1955
1949
1900
1910
1902
1884
1887
1892
1884
1898
1922
1978
1987
1973
1976
1960
1966
1968
1925
1911
1887
1894
1922
1869
1933
1885
1933
1900
1878
1901
1869
1922
1910
1925
1929
1966
1980
1973
1985
2005
1935
1978
1970
1990
1979
2003
1976
1982
1949
1917
1896
1906
1926
1901
1905
1871
1886
1863
1846
1825
1828
1811
1838
1802
1850
1819
1820
1814
1840
1872
1831
1876
1847
1912
1892
1943
1905
1896
1874
1909
1919
1926
1960
1965
1971
1971
2037
2019
1971
1990
1998
1925
1946
1943
1939
1976
1927
1969
1954
