12055
13771
11742
11488
11027
10596
10200
9828
9568
9219
9046
8851
8697
8457
8221
8013
7736
7413
7219
7047
6966
6720
6700
6530
6546
6302
6234
6085
6175
6202
6159
5987
5963
5893
5698
5583
5682
5667
5614
5480
5484
5481
5483
5457
5365
5312
5223
5117
4886
4999
4928
4923
4846
4861
4865
4829
4867
4816
4832
4839
4813
4829
4786
4828
4796
4889
4903
4828
4800
4731
4769
4783
4781
4737
4714
4637
4536
4564
4625
4514
4462
4495
4385
4466
4503
4456
4407
4421
4429
4452
4322
4362
4410
4387
4513
4329
4421
4307
4211
4211
4197
4266
4208
4272
4105
4062
4157
4176
4081
4111
4087
4065
3998
3872
3932
3894
3848
3900
3933
3905
3872
3854
3894
3856
3815
3887
3857
3785
3837
3791
3748
3649
3591
3676
3601
3700
3545
3533
3501
3464
3466
3481
3477
3522
3450
3446
3324
3367
3371
3410
3419
3434
3478
3478
3407
3494
3478
3492
3476
3405
3413
3424
3403
3350
3411
3447
3421
3540
3452
3486
3456
3470
3388
3419
3400
3345
3284
3255
3303
3285
3192
3278
3260
3272
3262
3227
3218
3303
3386
3339
3420
3349
3378
3326
3342
3301
3395
3297
3310
3220
3303
3274
3270
3238
3185
3171
3279
3182
3162
3118
3080
3056
3098
3040
3023
2968
2956
2905
2862
2921
2888
2857
2827
2851
2834
2916
2829
2824
2793
2856
2884
2913
2964
2947
2893
2975
2982
2969
2884
2899
2938
2903
2916
2803
2863
2811
2814
2828
2848
2798
2836
2829
2855
2790
2779
2768
2819
2786
2739
2754
2728
2677
2695
2692
2690
2635
2650
2612
2632
2591
2617
2618
2521
2513
2453
2516
2481
2543
2552
2518
2531
2593
2594
2645
2600
2598
2554
2597
2522
2527
2503
2490
2449
2499
2519
2575
2530
2587
2509
2484
2521
2504
2538
2522
2578
2585
2629
2565
2540
2551
2539
2463
2529
2503
2466
2510
2561
2568
2609
2543
2550
2570
2567
2536
2539
2490
2464
2489
2493
2519
2514
2522
2529
2501
2552
2501
2499
2474
2442
2462
2446
2429
2446
2385
2440
2389
2496
2402
2539
2419
2426
2446
2438
2484
2456
2506
2502
2479
2502
2491
2430
2486
2539
2491
2500
2453
2451
2444
2417
2461
2508
2538
2578
2515
2496
2466
2518
2507
2602
2565
2596
2585
2634
2612
2623
2554
2662
2658
2666
2721
2686
2667
2697
2710
2751
2763
2742
2773
2806
2813
2796
2783
2806
2818
2795
2765
2769
2747
2822
2817
2811
2786
2795
2704
2763
2729
2771
2704
2697
2757
2745
2806
2777
2770
2731
2690
2764
2719
2740
2698
2666
2687
2605
2620
2607
2602
2563
2597
2623
2570
2575
2530
2542
2511
2555
2491
2506
2485
2494
2455
2470
2452
2493
2496
2496
2464
2497
2446
2519
2520
2498
2503
2459
2504
2484
2540
2494
2517
2508
2545
2471
2490
2399
2441
2400
2411
2394
2390
2381
2372
2432
2420
2376
2412
2465
2478
2523
2505
2523
2476
2584
2514
2546
2570
2607
2547
2593
2586
2547
2483
2477
2410
2474
2486
2408
2400
2285
2306
2282
2346
2363
2331
2380
2350
2413
2260
2276
2249
2317
2330
2325
2375
2355
2315
2313
2355
2269
2284
2312
2338
2325
2285
2249
2154
2188
2192
2190
2223
2263
2189
2248
2265
2243
2218
2178
2145
2235
2170
2204
2172
2196
2193
2243
2222
2244
2228
2225
2275
2299
2226
2224
2213
2199
2229
2250
2237
2255
2239
2248
2202
2207
2264
2221
2250
2249
2307
2265
2241
2229
2181
2144
2203
2173
2152
2164
2159
2089
2095
2062
2069
2079
2111
2116
2160
2124
2128
2128
2143
2152
2130
2099
2099
2126
2128
2111
2110
2076
2045
2065
2107
2152
2124
2118
2101
2135
2114
2143
2131
2127
2170
2151
2164
2155
2175
2134
2129
2170
2182
2153
2212
2148
2163
2143
2175
2198
2197
2174
2170
2120
2107
2038
2069
2026
2015
2024
1985
1975
1980
2030
2058
2022
2083
1980
2012
1970
2000
2023
2022
2066
2038
2074
2037
2079
2040
2067
2011
1963
2036
1992
2042
2007
2041
2037
2046
2062
1998
2013
1986
2003
1972
1979
1918
1936
1919
1959
1919
1930
1983
1968
1928
1960
1970
1937
1958
1889
1913
1885
1890
1888
1945
1922
2000
1982
1956
1970
1948
2011
1930
1928
1919
1944
1955
1955
1896
1930
1919
1937
1941
1952
1957
1977
2001
1995
2006
2045
2042
2013
1980
1964
1949
1936
1899
1874
1866
1894
1897
1909
1912
1945
1949
1970
1945
1988
1940
1949
1922
1949
1913
1987
1951
1988
1976
1989
2001
1968
1981
1961
1986
1974
1919
1903
1916
1889
1876
1838
1870
1881
1890
1902
1904
1898
1897
1902
1833
1844
1807
1819
1875
1891
1857
1908
1872
1916
1928
1893
1898
1881
1907
1945
1933
1868
1896
1893
1898
1949
1854
1878
1842
1880
1875
1864
1858
1885
1874
1942
1924
1941
1929
1867
1894
1882
1923
1887
1897
1916
1938
1885
1960
1873
1838
1762
1752
1763
1796
1780
1851
1838
1809
1778
1766
1761
1760
1737
1746
1752
1767
1714
1712
1690
1689
1708
1676
1714
1717
1767
1728
1750
1711
1713
1707
1695
1708
1751
1752
1727
1729
1732
1721
1735
1676
1719
1688
1718
1699
1720
1695
1720
1705
1768
1783
1760
1768
1740
1759
1762
1813
1764
1788
1755
1752
1747
1785
1746
1782
1729
1785
1759
1809
1728
1769
1693
1690
1674
1659
1687
1670
1646
1621
1565
1619
1581
1557
1537
1512
1523
1472
1501
1424
1447
1452
1442
1441
1429
1456
1481
1479
1484
1491
1495
1500
1519
1520
1583
1561
1597
1544
1572
1497
1514
1505
1502
1480
1488
1490
1448
1492
1478
1469
1489
1482
1473
1459
1455
1450
1460
1504
1478
1488
1493
1558
1493
1529
1460
1455
1479
1453
1492
1499
1525
1492
1468
1504
1485
1483
1507
1486
1493
1486
1509
1520
1503
1501
1469
1405
1426
1400
1397
1375
1378
1383
1359
1401
1389
1386
1391
1388
1381
1415
1424
1415
1437
1421
1451
1408
1425
1416
1415
1433
1440
1429
