12003
13590
11531
11508
10829
10439
9817
9455
9145
9025
8591
8344
8229
7943
7961
7718
7644
7265
7180
6999
6983
6860
6847
6605
6471
6228
6242
6140
6132
6072
6037
5827
5846
5701
5725
5525
5456
5394
5386
5321
5188
5290
5240
5122
5089
5091
5071
4962
5059
4880
4859
4747
4801
4821
4815
4751
4815
4577
4644
4483
4532
4431
4559
4585
4548
4447
4410
4408
4344
4355
4357
4362
4295
4279
4286
4295
4186
4186
4067
4078
3966
3983
4040
3961
3904
3838
3759
3680
3734
3789
3768
3722
3704
3698
3657
3729
3630
3678
3538
3661
3592
3574
3574
3512
3572
3536
3580
3591
3584
3655
3571
3627
3488
3521
3443
3494
3456
3492
3434
3417
3493
3440
3390
3274
3262
3253
3228
3128
3189
3188
3146
3086
3141
3119
3107
3069
3081
3092
3150
3122
3098
3105
3184
3204
3234
3291
3278
3248
3262
3283
3126
3155
3185
3195
3100
3110
3079
3091
3077
3025
3018
3053
3068
2971
3067
2992
3026
3104
3084
3140
3169
3099
3090
3177
3118
3202
3140
3272
3244
3262
3195
3231
3144
3097
3121
3071
3113
3119
3129
3127
3119
3187
3154
3113
3195
3177
3212
3190
3239
3181
3191
3292
3215
3250
3244
3179
3223
3164
3207
3186
3180
3065
3093
3105
3151
3114
3072
3054
3092
3134
3103
3191
3100
3107
3128
3158
3166
3171
3089
3163
3148
3199
3173
3133
3133
3070
3119
3028
3087
3014
2943
2930
2861
2909
2926
2933
3008
2964
2955
2846
2923
2878
2870
2871
2902
2887
2903
2918
2951
2983
2920
2917
2920
2865
2896
2879
2952
2824
2847
2843
2790
2840
2751
2815
2743
2760
2788
2712
2719
2743
2665
2705
2740
2769
2762
2719
2706
2699
2688
2738
2644
2661
2679
2676
2628
2690
2662
2631
2710
2659
2696
2576
2712
2615
2700
2620
2691
2641
2701
2568
2650
2531
2610
2527
2551
2537
2545
2535
2576
2548
2607
2608
2594
2601
2675
2591
2613
2575
2584
2560
2600
2541
2539
2560
2643
2539
2613
2606
2577
2499
2529
2515
2475
2497
2488
2499
2533
2493
2515
2475
2495
2534
2461
2494
2466
2505
2412
2430
2460
2334
2436
2391
2462
2375
2424
2338
2342
2236
2247
2246
2205
2203
2237
2199
2211
2182
2165
2214
2227
2305
2306
2344
2324
2277
2271
2276
2177
2162
2221
2184
2201
2211
2140
2141
2164
2200
2181
2280
2211
2267
2269
2269
2337
2318
2293
2276
2272
2243
2254
2193
2225
2185
2183
2153
2206
2201
2224
2200
2148
2197
2198
2224
2240
2204
2275
2254
2287
2246
2238
2192
2194
2238
2165
2135
2103
2024
2073
2093
2083
2091
2067
2027
1993
1971
1983
1997
1973
1979
2014
2081
1984
2049
1972
2037
2001
2034
2030
2028
2067
1984
2024
2017
2001
1999
1972
1970
1983
1995
2021
1974
1973
1951
1908
1968
1926
1976
1981
1972
1990
1948
1929
1879
1866
1819
1895
1789
1860
1837
1908
1818
1856
1822
1824
1796
1807
1814
1845
1761
1822
1778
1790
1780
1795
1816
1795
1866
1839
1815
1802
1806
1817
1807
1838
1807
1746
1732
1719
1719
1718
1768
1751
1753
1767
1791
1776
1822
1789
1804
1766
1828
1727
1733
1694
1663
1691
1696
1696
1684
1673
1700
1647
1691
1646
1694
1692
1715
1725
1714
1712
1691
1664
1677
1660
1676
1657
1681
1671
1675
1670
1682
1681
1678
1668
1697
1668
1665
1678
1680
1646
1656
1641
1630
1638
1612
1652
1655
1616
1646
1639
1648
1632
1682
1652
1742
1711
1749
1706
1741
1705
1769
1684
1656
1643
1673
1662
1690
1688
1686
1651
1660
1676
1679
1688
1736
1756
1799
1761
1830
1759
1797
1747
1805
1767
1815
1804
1827
1862
1829
1902
1873
1890
1879
1792
1825
1820
1893
1880
1871
1886
1916
1907
1925
1944
1939
1961
1937
1977
1935
1940
1924
1925
1909
1937
2001
1995
2056
2049
2070
1974
2049
1977
1982
1950
1911
1955
1928
1912
1940
1946
1953
2006
2013
2035
2040
2024
2005
2028
2045
2019
1972
1923
2002
1918
1980
1948
1992
2009
2003
2038
1944
2110
2060
2101
2065
2062
2135
2081
2093
2122
2119
2026
2045
2038
2017
1998
2001
2011
1978
1973
1977
1993
2043
2036
2053
2116
2076
2091
2091
2100
2060
2108
2142
2131
2148
2152
2184
2115
2109
2084
2041
2010
2005
1980
2015
2015
2044
2044
2042
2072
2098
2146
2054
2054
2102
2101
2106
2146
2118
2105
2117
2071
2020
2003
1990
1988
2020
1998
2053
1957
1997
1939
2030
1936
1978
1984
1925
1944
1960
1876
1877
1851
1791
1783
1763
1771
1790
1776
1758
1738
1719
1746
1739
1739
1730
1730
1731
1699
1797
1775
1735
1742
1739
1768
1718
1777
1773
1826
1832
1804
1811
1817
1813
1833
1856
1875
1842
1866
1871
1841
1816
1799
1801
1756
1773
1741
1760
1764
1744
1698
1698
1668
1681
1697
1667
1667
1646
1655
1679
1642
1618
1590
1627
1618
1644
1606
1624
1606
1611
1612
1605
1594
1643
1654
1650
1668
1670
1683
1659
1656
1673
1636
1653
1655
1664
1715
1763
1721
1740
1686
1694
1697
1674
1656
1679
1705
1667
1666
1681
1689
1713
1629
1659
1639
1606
1604
1631
1621
1665
1682
1683
1688
1699
1691
1731
1707
1704
1680
1711
1615
1621
1612
1615
1616
1629
1603
1594
1571
1576
1591
1559
1589
1620
1600
1578
1539
1565
1533
1564
1550
1588
1595
1596
1588
1600
1561
1574
1524
1528
1575
1586
1586
1589
1584
1565
1559
1549
1589
1577
1580
1588
1558
1611
1578
1658
1625
1634
1639
1623
1625
1613
1611
1625
1616
1673
1604
1664
1627
1666
1647
1688
1706
1704
1678
1676
1673
1619
1640
1650
1613
1629
1632
1634
1646
1654
1681
1672
1734
1752
1762
1732
1727
1715
1722
1716
1727
1729
1744
1726
1725
1706
1704
1692
1687
1669
1688
1638
1662
1642
1595
1626
1573
1579
1588
1562
1584
1607
1600
1633
1638
1673
1629
1622
1628
1649
1600
1636
1609
1598
1637
1618
