12034
13985
11359
11296
10669
10343
9934
9310
9012
8648
8378
8213
7976
7702
7377
7226
7075
7006
6869
6731
6578
6462
6274
6249
6157
6142
6035
5929
5870
5696
5664
5718
5679
5602
5612
5525
5398
5346
5240
5174
5111
5131
4986
4922
4907
4858
4868
4860
4777
4799
4628
4592
4549
4462
4458
4394
4367
4279
4349
4322
4444
4333
4520
4482
4463
4359
4360
4308
4201
4165
4199
4269
4254
4255
4150
4146
4068
4142
4204
4019
4029
4014
3955
4029
3943
4058
3960
4039
4080
4077
4035
4061
4019
4110
4062
4070
4107
3987
4011
3901
3926
3868
3869
3760
3812
3722
3817
3793
3893
3931
3862
3857
3807
3844
3818
3847
3788
3843
3840
3760
3846
3812
3824
3727
3773
3756
3805
3695
3708
3641
3607
3511
3574
3504
3526
3489
3620
3560
3597
3618
3552
3582
3582
3566
3541
3466
3449
3443
3316
3358
3327
3316
3303
3364
3419
3324
3329
3249
3269
3219
3327
3325
3383
3231
3349
3289
3282
3313
3201
3204
3228
3220
3179
3222
3203
3174
3233
3156
3152
3180
3176
3242
3199
3281
3283
3327
3277
3175
3230
3164
3232
3201
3232
3138
3160
3109
3077
3063
3013
3124
3076
3106
3108
3109
3193
3137
3195
3120
3223
3116
3131
3161
3243
3207
3196
3191
3286
3239
3259
3195
3186
3216
3104
3093
3059
3095
3058
3028
3057
3076
3115
3086
3093
3065
3107
3025
3038
3026
3047
3080
3033
3068
3036
3050
2993
2929
3028
2981
2949
2928
3044
2967
3052
2995
2937
2967
3006
2977
3021
2989
3007
2968
2832
2884
2767
2800
2723
2738
2728
2761
2716
2762
2743
2712
2750
2795
2805
2685
2757
2705
2674
2691
2669
2702
2710
2671
2636
2631
2620
2671
2652
2661
2706
2670
2720
2762
2720
2786
2731
2677
2725
2713
2695
2725
2742
2742
2630
2663
2642
2692
2677
2681
2711
2685
2730
2680
2757
2701
2693
2662
2679
2686
2674
2657
2696
2738
2752
2704
2741
2706
2723
2691
2762
2727
2772
2679
2748
2717
2798
2780
2779
2796
2813
2755
2762
2797
2794
2787
2725
2683
2743
2622
2675
2653
2772
2596
2640
2596
2572
2598
2532
2567
2581
2624
2589
2634
2571
2638
2609
2712
2626
2726
2661
2711
2674
2727
2626
2708
2631
2668
2665
2736
2729
2667
2745
2703
2684
2683
2684
2735
2682
2719
2730
2738
2708
2727
2689
2663
2712
2647
2615
2565
2603
2595
2619
2657
2638
2659
2665
2723
2719
2737
2788
2813
2695
2721
2606
2647
2630
2638
2633
2693
2634
2666
2634
2727
2666
2695
2644
2688
2665
2691
2632
2699
2602
2656
2611
2623
2636
2619
2584
2611
2579
2513
2524
2566
2548
2589
2573
2534
2532
2571
2568
2583
2580
2542
2547
2579
2583
2648
2596
2573
2603
2649
2678
2661
2688
2643
2621
2545
2534
2592
2587
2579
2505
2496
2488
2495
2539
2514
2604
2590
2565
2594
2619
2700
2625
2587
2594
2603
2566
2561
2522
2563
2555
2612
2521
2551
2520
2570
2600
2560
2600
2553
2670
2615
2721
2722
2717
2788
2756
2834
2806
2823
2812
2825
2781
2796
2783
2772
2709
2711
2704
2580
2628
2692
2682
2700
2664
2664
2650
2518
2505
2427
2479
2462
2451
2458
2515
2500
2573
2462
2472
2412
2440
2472
2504
2544
2497
2499
2479
2456
2436
2546
2473
2434
2357
2415
2377
2396
2367
2464
2356
2333
2423
2376
2338
2319
2333
2313
2322
2354
2373
2411
2394
2467
2437
2473
2518
2571
2571
2557
2546
2569
2592
2566
2647
2610
2561
2559
2632
2610
2626
2572
2578
2566
2619
2545
2583
2552
2585
2508
2576
2600
2555
2550
2552
2593
2539
2613
2697
2661
2652
2595
2707
2691
2726
2696
2671
2689
2633
2638
2601
2615
2619
2661
2674
2688
2734
2645
2661
2615
2593
2544
2548
2504
2460
2475
2558
2560
2462
2452
2471
2459
2459
2546
2426
2421
2395
2438
2403
2467
2392
2408
2382
2294
2335
2275
2192
2179
2189
2198
2240
2206
2248
2260
2278
2242
2230
2219
2205
2246
2267
2253
2242
2231
2186
2227
2177
2238
2171
2230
2127
2156
2139
2123
2109
2137
2033
2018
1966
1992
1972
1904
1917
1875
1897
1881
1911
1897
1884
1905
1928
1886
1903
1895
1877
1829
1843
1798
1804
1799
1812
1838
1872
1853
1863
1829
1873
1826
1841
1804
1846
1813
1809
1820
1809
1791
1786
1805
1809
1803
1828
1836
1939
1913
1906
1921
1965
1930
1943
1933
1950
1903
1897
1901
1882
1876
1922
1880
1892
1875
1871
1869
1914
1882
1868
1822
1839
1853
1842
1880
1884
1876
1867
1885
1863
1874
1845
1926
1906
1972
1947
1980
1923
1953
1918
1935
1960
1911
1926
1951
1940
1985
1933
1958
1885
1887
1878
1888
1828
1825
1790
1812
1834
1846
1887
1879
1899
1907
1951
1901
1888
1872
1889
1917
1850
1887
1844
1881
1853
1822
1886
1817
1863
1861
1876
1870
1875
1859
1865
1878
1863
1892
1879
1944
1870
1851
1840
1844
1804
1835
1828
1844
1903
1914
1885
1921
1916
1898
1905
1898
1872
1853
1868
1822
1786
1806
1779
1769
1754
1775
1802
1806
1861
1862
1839
1910
1929
1928
1895
1885
1907
1942
1904
1917
1891
1923
1903
1870
1874
1860
1819
1838
1840
1865
1815
1836
1853
1886
1864
1885
1853
1872
1851
1887
1932
1954
1968
1976
2007
2000
2074
2001
1997
1975
2009
1949
1918
1879
1900
1871
1866
1846
1819
1809
1752
1794
1794
1779
1799
1820
1814
1838
1795
1814
1787
1811
1824
1839
1817
1817
1861
1817
1821
1870
1855
1861
1885
1902
1867
1856
1841
1862
1865
1880
1913
1882
1951
1911
1889
1896
1879
1900
1886
1898
1914
1939
1949
1952
1926
1877
1877
1890
1888
1862
1849
1850
1860
1880
1839
1874
1838
1866
1803
1824
1814
1810
1848
1770
1790
1755
1811
1790
1860
1809
1790
1797
1792
1841
1847
1880
1834
1868
1857
1879
1835
1844
1831
1854
1842
1807
1837
1748
1767
1779
1769
1776
1780
1753
