12023
13760
11591
11318
10655
10267
9930
9498
9202
8911
8654
8369
8054
8019
7944
7647
7480
7276
7204
7016
7005
6763
6552
6376
6246
6239
6129
5993
5838
5717
5685
5778
5591
5710
5548
5494
5385
5457
5509
5537
5472
5418
5339
5356
5270
5269
5119
5130
5184
5131
5101
5058
5051
4961
4969
4837
4883
4940
4897
4877
4815
4742
4785
4799
4837
4790
4804
4611
4659
4665
4616
4639
4725
4660
4786
4784
4730
4715
4662
4654
4612
4595
4567
4545
4529
4453
4337
4310
4218
4105
4052
4174
4108
4095
4203
4135
4131
4155
4093
4040
3931
3946
3904
3904
3871
3903
3837
3760
3793
3816
3896
3906
3947
3974
3941
3917
3898
3902
3822
3843
3798
3835
3740
3700
3728
3659
3683
3704
3672
3705
3654
3645
3671
3532
3598
3564
3510
3445
3543
3486
3498
3494
3416
3447
3475
3514
3551
3496
3539
3502
3445
3442
3441
3465
3645
3525
3546
3450
3548
3406
3407
3230
3277
3212
3298
3237
3213
3143
3150
3202
3247
3296
3216
3326
3226
3231
3171
3153
3069
3092
3081
3037
3117
3134
3117
3216
3187
3215
3165
3133
3094
3145
3152
3156
3088
3118
3129
3059
3058
3008
3075
3048
2978
2959
2899
2941
2947
3007
2972
3001
3041
3147
3072
3080
3020
3060
2965
2958
3004
3108
3085
3099
3032
3079
3022
3069
3116
3132
3141
3088
3109
3157
3189
3122
3102
3047
3079
2983
2942
2883
2905
2928
2958
2937
3017
3023
3063
3027
3058
2992
3143
3040
3099
3033
3052
3043
3006
2975
2979
2955
2951
2929
2931
2884
2841
2840
2905
2863
2933
2903
2896
2896
2862
2823
2852
2789
2813
2819
2878
2836
2889
2876
2865
2838
2825
2821
2849
2778
2848
2787
2830
2809
2823
2825
2930
2779
2775
2703
2759
2742
2698
2625
2653
2593
2639
2623
2650
2622
2658
2645
2637
2608
2676
2730
2725
2753
2747
2768
2722
2762
2762
2812
2844
2785
2768
2723
2770
2675
2744
2645
2644
2683
2659
2600
2606
2557
2629
2598
2610
2613
2631
2582
2608
2590
2650
2611
2581
2634
2640
2709
2639
2650
2661
2631
2691
2688
2668
2635
2674
2720
2784
2771
2771
2804
2813
2828
2733
2753
2739
2754
2714
2754
2741
2704
2706
2713
2647
2650
2623
2626
2624
2642
2619
2601
2568
2563
2532
2534
2452
2512
2547
2583
2678
2651
2711
2644
2626
2652
2645
2583
2596
2639
2629
2607
2606
2618
2653
2648
2604
2620
2647
2592
2635
2682
2619
2652
2618
2559
2551
2520
2549
2541
2606
2601
2606
2615
2600
2653
2587
2618
2563
2575
2578
2559
2600
2605
2589
2630
2624
2645
2647
2626
2659
2630
2625
2589
2669
2605
2621
2604
2536
2598
2497
2589
2523
2536
2590
2544
2571
2655
2688
2696
2670
2646
2667
2624
2608
2658
2611
2605
2548
2514
2549
2555
2582
2536
2578
2595
2554
2492
2447
2483
2472
2466
2483
2560
2531
2572
2536
2556
2500
2502
2471
2507
2540
2557
2518
2532
2497
2615
2603
2643
2631
2627
2649
2659
2624
2623
2679
2621
2615
2639
2545
2528
2511
2553
2594
2599
2518
2496
2517
2536
2524
2455
2494
2438
2450
2461
2471
2418
2470
2445
2447
2415
2368
2287
2272
2266
2272
2243
2230
2264
2250
2293
2332
2333
2316
2274
2280
2275
2281
2267
2292
2261
2244
2249
2210
2286
2195
2219
2255
2233
2209
2182
2234
2223
2232
2237
2150
2171
2207
2226
2168
2146
2145
2142
2130
2092
2121
2115
2175
2139
2163
2185
2185
2174
2111
2115
2183
2195
2144
2189
2195
2153
2219
2209
2190
2143
2176
2196
2154
2186
2219
2230
2244
2217
2286
2228
2235
2239
2209
2196
2154
2202
2189
2142
2177
2209
2216
2164
2209
2187
2246
2246
2275
2183
2169
2164
2112
2085
2055
2105
2061
2063
2055
2019
2091
2058
2120
2070
2111
2086
2099
2124
2047
2128
2016
2045
2007
1985
2022
2014
2006
2054
2071
2041
2094
1996
2040
2006
2024
2005
2021
1994
2001
2009
2024
2077
2053
2057
2110
2108
2211
2142
2175
2192
2195
2201
2180
2116
2078
2093
2062
2121
2143
2163
2162
2191
2224
2211
2270
2263
2238
2273
2252
2312
2194
2270
2225
2198
2241
2250
2247
2233
2239
2262
2302
2306
2321
2280
2304
2287
2290
2247
2265
2211
2282
2284
2306
2291
2344
2292
2230
2222
2211
2211
2137
2118
2058
2085
2097
2099
2104
2045
2031
1983
1997
2026
2005
1993
1937
1939
1946
1900
1881
1866
1901
1859
1959
1901
1968
1943
1897
1944
1910
1953
1978
1960
1990
1962
1980
1998
2021
2012
2076
1988
2014
1965
1981
1936
1984
1977
2032
2048
2144
2086
2097
2063
2065
2085
1995
2009
2026
2043
2073
2059
2082
2090
2033
2061
2038
2080
2068
2042
2068
2053
2001
2010
1973
1976
2015
2022
2035
2077
2040
2070
2080
2084
2075
2070
2047
2106
2088
2075
2041
2043
2101
2112
2090
2100
2048
2051
2011
1998
1998
2054
2021
2042
2004
2045
2068
2125
2153
2155
2193
2155
2196
2250
2246
2203
2155
2136
2165
2154
2162
2151
2131
2201
2187
2250
2237
2242
2308
2353
2382
2357
2438
2406
2398
2398
2372
2373
2353
2346
2362
2369
2332
2295
2325
2343
2344
2356
2422
2405
2393
2363
2319
2282
2283
2285
2280
2293
2269
2247
2250
2283
2287
2352
2292
2215
2261
2252
2283
2285
2268
2197
2193
2207
2226
2237
2206
2223
2252
2208
2234
2227
2213
2239
2227
2202
2169
2156
2146
2099
2117
1993
2060
1995
2025
2055
2052
2069
2057
2069
2127
2103
2160
2104
2075
2036
2055
2069
2075
2036
2082
2065
2117
2101
2112
2105
2124
2086
2116
2084
2113
2103
2201
2188
2157
2137
2167
2119
2154
2161
2226
2226
2267
2210
2236
2232
2246
2194
2240
2165
2157
2147
2180
2148
2170
2196
2228
2224
2213
2216
2156
2134
2092
2108
2067
2112
2046
2096
2062
2101
2078
2123
2068
2178
2133
2149
2150
2195
2241
2171
2208
2159
2157
2148
2092
2076
