11874
13798
11301
11188
10420
10112
9743
9419
9093
8888
8607
8489
8255
8023
7879
7770
7779
7532
7399
7290
7131
6984
6798
6577
6424
6381
6333
6325
6192
6245
6145
6130
6003
6007
5882
5792
5614
5573
5526
5325
5194
5105
5123
5061
5039
5028
5017
5008
4968
4881
5006
4933
4943
4822
4669
4648
4558
4643
4598
4503
4494
4491
4549
4440
4510
4475
4469
4465
4434
4475
4502
4561
4508
4598
4528
4489
4558
4485
4464
4587
4515
4544
4496
4439
4463
4436
4413
4423
4376
4387
4327
4268
4266
4266
4225
4110
4091
4140
3993
4134
3999
4042
4018
3999
4013
3921
3990
3910
3993
3948
3877
3839
3850
3738
3773
3772
3708
3656
3664
3638
3689
3679
3745
3640
3688
3600
3727
3524
3655
3472
3601
3507
3536
3520
3579
3586
3647
3607
3562
3464
3456
3363
3449
3346
3441
3367
3349
3380
3326
3334
3368
3327
3306
3359
3254
3214
3237
3200
3195
3219
3199
3181
3144
3209
3217
3181
3164
3277
3144
3232
3169
3232
3128
3215
3075
3027
3064
3032
3059
3003
3056
3013
2996
3014
3015
2994
2994
2927
2954
2934
2968
3005
2948
2840
2889
2908
2947
2895
2908
2940
2947
2932
2904
2954
2949
2945
2930
2940
2890
2910
2864
2819
2924
2862
2865
2889
2861
2815
2830
2807
2815
2797
2838
2773
2793
2765
2786
2834
2788
2779
2711
2680
2664
2664
2589
2596
2602
2631
2636
2642
2656
2694
2766
2726
2676
2777
2736
2763
2723
2761
2708
2725
2644
2698
2685
2728
2698
2707
2745
2828
2779
2791
2810
2842
2817
2785
2784
2816
2888
2792
2886
2890
2969
2955
2960
2914
2886
2852
2906
2859
2904
2875
2840
2960
2858
2864
2842
2812
2868
2905
2886
2851
2845
2811
2790
2746
2782
2753
2789
2740
2739
2769
2766
2782
2834
2851
2870
2812
2894
2833
2792
2837
2732
2798
2798
2858
2797
2815
2815
2852
2846
2863
2846
2840
2825
2832
2860
2939
2804
2848
2837
2895
2876
2852
2800
2753
2720
2754
2791
2827
2787
2819
2887
2786
2856
2876
2818
2808
2841
2820
2828
2820
2767
2779
2817
2778
2852
2809
2900
2857
2867
2734
2751
2670
2596
2568
2550
2489
2507
2420
2434
2398
2360
2354
2355
2374
2314
2323
2305
2357
2307
2398
2376
2458
2437
2442
2425
2480
2394
2450
2416
2428
2464
2443
2432
2431
2413
2442
2466
2525
2492
2460
2487
2450
2444
2453
2513
2464
2492
2502
2546
2533
2565
2644
2606
2705
2646
2622
2619
2657
2729
2717
2801
2828
2787
2761
2774
2757
2736
2766
2722
2702
2650
2672
2623
2612
2591
2537
2530
2562
2541
2470
2532
2445
2448
2385
2379
2350
2389
2384
2420
2422
2398
2492
2558
2519
2532
2446
2428
2327
2311
2319
2317
2360
2402
2369
2386
2374
2324
2291
2332
2345
2384
2384
2383
2355
2423
2322
2315
2294
2304
2333
2284
2274
2292
2253
2168
2205
2153
2198
2115
2201
2137
2143
2099
2152
2115
2134
2057
2083
2047
2071
2015
1994
2008
2023
1980
1949
1950
1987
2050
2063
2079
2111
2089
2100
2093
2144
2083
2050
2051
2056
2011
2040
2003
1992
1947
1957
1963
1991
2011
2008
2027
1975
2005
1960
1997
1951
1995
2008
2008
2020
2021
2033
2042
2006
2016
1979
1955
1943
1938
1915
1912
1919
1932
1958
1970
1963
1932
1949
1933
1980
2013
2020
2004
2010
2010
2021
2001
1961
1965
1947
1922
1949
1961
1962
1956
1973
1918
1920
1899
1879
1852
1873
1858
1912
1884
1904
1881
1872
1866
1909
1822
1838
1835
1841
1853
1874
1860
1914
1884
1912
1947
1950
1913
1927
1904
1916
1873
1917
1904
1902
1904
1891
1885
1891
1911
1895
1895
1934
1961
2002
1979
1973
1977
2009
1953
1961
1966
1931
1962
1966
1919
1921
1939
1924
1929
1915
1907
1902
1838
1830
1814
1795
1767
1813
1794
1785
1812
1785
1795
1802
1799
1760
1760
1773
1794
1756
1762
1707
1718
1732
1726
1708
1724
1718
1691
1684
1690
1669
1644
1667
1670
1669
1713
1689
1751
1698
1782
1733
1762
1720
1720
1716
1688
1722
1647
1651
1644
1693
1659
1761
1743
1775
1726
1757
1734
1738
1705
1707
1762
1715
1768
1774
1796
1794
1805
1794
1793
1798
1824
1804
1769
1782
1747
1780
1763
1773
1747
1731
1726
1737
1730
1748
1732
1725
1679
1707
1675
1677
1662
1658
1645
1687
1653
1684
1680
1646
1665
1630
1642
1631
1668
1618
1611
1592
1594
1606
1622
1601
1617
1587
1595
1578
1590
1583
1588
1565
1581
1569
1571
1538
1521
1510
1499
1493
1510
1500
1506
1507
1511
1546
1547
1599
1594
1633
1640
1658
1611
1628
1622
1615
1561
1537
1575
1598
1599
1606
1578
1615
1583
1603
1556
1568
1556
1567
1575
1555
1564
1572
1576
1605
1588
1609
1580
1610
1587
1590
1618
1594
1602
1578
1611
1567
1555
1556
1539
1538
1548
1521
1529
1514
1544
1529
1487
1490
1477
1491
1477
1470
1492
1466
1500
1482
1504
1533
1536
1557
1576
1608
1586
1620
1617
1591
1536
1536
1543
1520
1520
1489
1479
1460
1462
1465
1505
1501
1515
1503
1541
1508
1571
1539
1586
1607
1609
1625
1639
1664
1638
1651
1642
1643
1624
1653
1661
1636
1647
1614
1582
1596
1594
1577
1616
1574
1596
1603
1611
1656
1665
1647
1657
1638
1661
1632
1621
1628
1622
1593
1632
1627
1631
1623
1634
1651
1648
1668
1605
1652
1607
1633
1597
1595
1606
1541
1546
1535
1514
1521
1525
1528
1486
1527
1490
1495
1456
1484
1496
1513
1504
1483
1517
1494
1476
1482
1461
1468
1432
1461
1443
1451
1457
1443
1447
1454
1442
1430
1446
1419
1435
1436
1435
1464
1445
1437
1429
1432
1430
1445
1464
1464
1498
1445
1466
1438
1458
1451
1453
1464
1494
1481
1482
1483
1530
1509
1518
1489
1466
1485
1478
1406
1451
1418
1450
1443
1428
1455
1482
1438
1466
1440
1438
1432
1439
1416
1447
1420
1377
1381
1378
1355
