12068
13702
11595
11455
10860
10442
9790
9468
9464
8993
8654
8457
8102
7948
7656
7421
7309
7301
7229
7081
6832
6726
6674
6479
6287
6334
6380
6201
6123
6176
5975
5946
5797
5849
5740
5684
5729
5590
5653
5607
5502
5534
5444
5330
5328
5238
5286
5145
5100
5045
4949
4974
5014
4961
4950
4942
4900
4922
4877
4941
4759
4845
4736
4730
4742
4758
4678
4605
4550
4570
4533
4557
4507
4572
4468
4549
4396
4381
4239
4261
4285
4263
4192
4231
4168
4152
4063
4094
4067
4028
4054
3913
3861
3889
3873
3894
3889
3901
3890
3922
3929
3892
3885
3870
3806
3816
3791
3794
3741
3888
3755
3838
3778
3889
3827
3773
3763
3755
3705
3684
3612
3667
3532
3554
3550
3495
3471
3477
3434
3541
3450
3479
3371
3361
3284
3337
3406
3357
3258
3291
3235
3070
3139
3066
3058
3129
3128
3063
3166
3105
3204
3139
3208
3163
3214
3134
3161
3189
3096
3080
3005
3079
3061
3128
3090
3104
3084
3033
3116
3094
3056
3031
3040
3059
3191
3014
3121
3152
3188
3171
3261
3245
3185
3242
3254
3221
3261
3244
3284
3146
3211
3104
3065
3050
3002
3027
3032
3133
3064
3099
3025
3021
2972
3019
2952
3019
3010
2990
2963
2934
2853
2913
2867
2838
2780
2847
2749
2760
2738
2777
2770
2709
2701
2762
2691
2747
2697
2672
2730
2675
2685
2678
2712
2668
2657
2682
2710
2709
2753
2756
2759
2797
2752
2795
2738
2696
2669
2764
2626
2680
2588
2603
2602
2590
2554
2615
2556
2546
2504
2572
2464
2383
2374
2353
2370
2387
2382
2383
2383
2409
2386
2364
2315
2283
2313
2327
2318
2306
2297
2273
2274
2264
2274
2283
2312
2279
2251
2254
2226
2279
2249
2288
2244
2266
2228
2171
2149
2109
2109
2110
2133
2162
2192
2158
2182
2210
2257
2207
2207
2249
2300
2244
2280
2256
2329
2351
2359
2386
2385
2417
2450
2478
2479
2419
2439
2478
2516
2540
2482
2452
2444
2463
2510
2440
2429
2383
2390
2320
2375
2281
2329
2256
2306
2334
2323
2377
2365
2403
2338
2365
2387
2374
2396
2431
2378
2446
2418
2451
2401
2370
2331
2339
2297
2339
2269
2235
2214
2168
2142
2178
2144
2162
2216
2198
2258
2183
2251
2192
2210
2189
2170
2184
2177
2154
2173
2159
2172
2150
2127
2124
2163
2192
2183
2190
2231
2224
2170
2170
2111
2049
2017
2008
1968
2030
1978
2025
2035
2020
2088
2019
2030
2043
2033
2093
2072
2104
2135
2125
2147
2118
2156
2089
2132
2093
2089
2096
2044
2118
2069
2077
2130
2111
2128
2146
2196
2210
2265
2245
2187
2185
2148
2121
2076
2114
2120
2101
2121
2148
2086
2136
2131
2089
2114
2043
2032
2004
1998
2039
2085
2058
2138
2099
2084
2056
2133
2102
2101
2110
2059
2074
2054
2087
2056
2046
2062
1983
2019
2019
2059
2061
2012
2066
2006
2010
1971
2036
1976
1985
2032
2016
1980
1923
1963
1984
1971
2012
1997
2016
2001
2022
2025
2080
2008
2062
2016
2004
1991
2015
1977
2001
1983
2015
2005
1971
1982
1951
2000
1952
2011
2047
2071
2089
2068
2030
2064
2013
2064
2049
2058
1985
2045
2038
2033
2059
2067
2049
2068
2056
2075
2090
2039
2069
2032
2066
2121
2113
2152
2161
2199
2162
2182
2194
2226
2200
2228
2248
2253
2301
2256
2225
2214
2207
2154
2138
2239
2244
2209
2235
2182
2211
2267
2249
2280
2305
2274
2330
2339
2330
2317
2280
2305
2246
2270
2186
2246
2283
2178
2200
2179
2187
2213
2183
2219
2181
2226
2224
2207
2211
2168
2107
2141
2078
2098
2118
2133
2097
2135
2038
2071
2049
2086
2040
2086
2039
2031
2003
1984
1937
1914
1913
1952
1912
1914
1874
1944
1899
1938
1944
1942
1961
2017
2031
2043
2066
2075
2017
2063
1993
2022
2059
2009
2035
2000
1988
1992
2027
1980
2023
1958
2057
2016
2042
2021
2066
2120
2141
2136
2125
2171
2167
2170
2157
2159
2123
2148
2093
2085
2128
2131
2108
2110
2115
2066
2138
2106
2103
2089
2079
2064
2024
2033
2019
2069
2075
2111
2175
2113
2128
2153
2154
2080
2030
2100
2112
2087
2105
2098
2121
2122
2118
2039
2074
2017
2054
2025
2045
2100
2032
2040
2058
2043
2060
2076
2087
2055
2042
2098
2003
1990
1952
2042
2028
1993
1993
2039
2017
2039
1999
2007
1950
1959
1952
1978
1956
1917
1975
1890
1895
1876
1874
1866
1867
1909
1908
1882
1871
1876
1882
1903
1898
1923
1880
1935
1918
1894
1859
1890
1875
1881
1857
1847
1863
1825
1887
1878
1889
1946
1931
1962
1952
1893
1925
1836
1874
1822
1839
1866
1872
1830
1884
1902
1897
1869
1938
1909
1911
1934
1924
1922
1907
1917
1891
1836
1831
1802
1820
1854
1826
1828
1842
1875
1878
1877
1919
1911
1911
1908
1894
1930
1945
1978
1929
1920
1948
1911
1973
1935
1998
2005
1954
1957
1948
1992
1954
1999
1977
1978
1949
1950
1878
1911
1834
1873
1874
1859
1870
1854
1830
1826
1826
1816
1871
1857
1840
1836
1848
1892
1915
1898
1936
1941
1961
1991
1940
1944
1949
1960
1978
1994
1992
2025
2029
2011
1993
1991
1960
1997
1961
1976
2035
1981
1974
1973
1980
1974
2001
2020
1983
1977
1969
1956
1929
1950
1925
1920
1898
1941
1890
1890
1896
1894
1922
1918
1858
1880
1843
1908
1867
1922
1932
1930
1927
1923
1927
1933
1935
1906
1952
1944
1982
1928
1918
1929
1942
1931
1891
1861
1880
1906
1867
1913
1882
1931
1928
1942
1919
1958
1896
1894
1839
1849
1862
1843
1855
1862
1877
1831
1790
1764
1745
1784
1728
1767
1754
1777
1769
1769
1740
1731
1729
1703
1724
1744
1749
1740
1752
1777
1758
1835
1853
1828
1813
1860
1811
1854
1788
1842
1830
1838
1858
1878
1878
1849
1865
1848
1899
1825
1817
1837
1857
1889
1880
1910
1924
1933
1926
1942
1953
1909
1943
1885
1907
1913
1927
1895
1943
1911
1911
1891
1927
