11999
13901
11558
11311
10748
10477
10025
9796
9676
9157
8892
8563
8447
8248
7929
7912
7574
7346
7404
7213
7116
6989
6811
6852
6548
6609
6332
6310
6335
6234
6215
6047
5999
5857
5826
5674
5669
5455
5414
5266
5312
5244
5336
5157
5149
5114
5075
5027
4933
4917
4928
4862
4865
4941
4883
4936
4868
4851
4911
4860
4807
4735
4691
4754
4691
4539
4528
4492
4507
4459
4516
4511
4495
4371
4335
4191
4144
4142
4082
4093
4096
4258
4133
4240
4187
4142
4154
4160
4184
4189
4274
4292
4304
4221
4194
4113
4194
4110
4171
4134
4106
4045
4091
3986
3976
3978
3957
3952
3951
3927
3798
3859
3781
3718
3722
3719
3666
3658
3628
3586
3563
3447
3500
3539
3512
3478
3439
3420
3456
3428
3478
3452
3432
3518
3419
3450
3469
3393
3344
3332
3375
3342
3389
3325
3356
3310
3271
3372
3292
3312
3232
3285
3258
3319
3375
3321
3429
3321
3380
3253
3307
3237
3293
3262
3285
3226
3250
3307
3244
3275
3096
3167
3100
3191
3146
3257
3242
3320
3274
3344
3244
3265
3265
3246
3288
3340
3289
3324
3295
3294
3237
3303
3288
3336
3344
3356
3292
3341
3274
3313
3287
3337
3262
3335
3310
3340
3338
3305
3232
3199
3222
3155
3189
3145
3087
3056
3022
3048
3031
2993
3045
2962
3008
3028
3051
3039
3059
3083
3069
3091
3119
3085
3151
3211
3191
3172
3149
3086
3186
3126
3085
3046
3125
3024
3036
2963
2987
3025
3024
3040
3083
3086
3084
3140
3164
3176
3200
3143
3165
3090
3071
3022
2997
2974
2972
2930
2957
2944
3018
2982
2925
2901
2870
2871
2810
2807
2836
2841
2865
2867
2825
2850
2864
2893
2892
2946
2904
2924
2880
2928
2986
3031
3008
3024
2972
3018
2978
3022
2983
2968
2947
2943
2918
2917
2939
2920
2903
2946
2903
2939
2967
2963
2990
2991
2926
2982
2833
2896
2800
2785
2754
2767
2829
2768
2716
2672
2690
2720
2717
2666
2654
2633
2642
2632
2652
2629
2562
2600
2578
2594
2616
2676
2669
2652
2577
2524
2500
2501
2506
2479
2472
2478
2466
2483
2464
2522
2523
2575
2601
2618
2582
2545
2529
2515
2535
2545
2564
2507
2533
2454
2516
2563
2542
2575
2565
2657
2640
2658
2638
2642
2643
2640
2632
2665
2683
2654
2632
2590
2636
2651
2620
2617
2622
2567
2586
2526
2447
2449
2476
2454
2418
2378
2389
2391
2327
2338
2350
2356
2299
2307
2273
2321
2297
2332
2260
2295
2316
2289
2325
2274
2303
2286
2256
2237
2166
2197
2227
2328
2277
2315
2275
2306
2271
2253
2295
2331
2327
2245
2237
2284
2243
2269
2249
2253
2288
2253
2214
2232
2301
2287
2299
2232
2251
2195
2252
2187
2184
2212
2162
2130
2093
2085
1992
2047
2023
2097
2046
2037
2074
2044
2013
1990
2031
2000
1985
2017
1994
2027
2042
2062
2076
2113
2058
2084
2054
2051
2098
2121
2119
2102
2118
2088
2091
2110
2118
2127
2131
2140
2139
2175
2169
2168
2159
2143
2168
2202
2141
2151
2206
2162
2182
2148
2191
2147
2217
2169
2189
2189
2225
2201
2212
2149
2170
2150
2107
2161
2153
2153
2119
2130
2069
1997
2044
2012
1990
2051
2012
2017
2043
2028
2065
2054
2027
2099
2047
2097
2097
2096
2107
2118
2144
2173
2199
2188
2208
2256
2250
2194
2169
2201
2140
2223
2218
2260
2292
2277
2317
2308
2259
2249
2253
2197
2159
2167
2232
2226
2277
2233
2279
2220
2298
2237
2256
2225
2225
2220
2220
2201
2199
2243
2245
2282
2225
2246
2263
2276
2317
2295
2353
2384
2440
2419
2355
2309
2377
2347
2386
2398
2398
2383
2340
2346
2307
2409
2393
2406
2409
2354
2358
2394
2324
2382
2391
2427
2444
2357
2384
2302
2326
2326
2287
2210
2207
2215
2186
2212
2243
2225
2208
2274
2226
2287
2246
2374
2344
2454
2366
2398
2372
2398
2350
2402
2415
2413
2404
2433
2396
2434
2358
2361
2313
2324
2317
2308
2328
2338
2299
2338
2296
2309
2371
2357
2354
2362
2371
2338
2305
2260
2274
2246
2224
2259
2247
2223
2238
2239
2270
2201
2269
2262
2265
2282
2260
2263
2305
2277
2263
2248
2234
2233
2199
2303
2221
2230
2264
2270
2284
2248
2260
2255
2244
2263
2277
2321
2338
2352
2413
2418
2372
2404
2370
2328
2394
2313
2330
2325
2331
2393
2424
2339
2355
2323
2283
2292
2231
2287
2262
2266
2260
2283
2267
2350
2342
2309
2381
2358
2340
2317
2316
2277
2281
2281
2324
2334
2356
2354
2399
2265
2306
2318
2285
2325
2266
2271
2221
2235
2244
2259
2270
2200
2256
2294
2289
2285
2279
2306
2326
2316
2283
2284
2208
2235
2121
2148
2110
2076
1979
2002
1961
1972
1991
1936
1954
1939
1878
1869
1838
1870
1820
1852
1873
1895
1855
1905
1909
1885
1848
1877
1873
1864
1857
1801
1763
1755
1747
1744
1731
1742
1770
1719
1737
1703
1712
1703
1716
1725
1757
1766
1744
1794
1757
1782
1812
1791
1825
1840
1805
1808
1845
1809
1814
1768
1785
1794
1809
1835
1848
1853
1830
1893
1904
1951
1905
1958
1926
1952
1972
2021
1980
1947
1976
1918
1920
1904
1896
1876
1890
1918
1923
1939
1958
1941
1918
1902
1853
1896
1856
1864
1804
1781
1746
1754
1747
1743
1746
1761
1775
1785
1735
1737
1734
1738
1755
1778
1730
1755
1738
1758
1731
1787
1720
1689
1701
1661
1669
1684
1701
1675
1656
1655
1659
1675
1666
1657
1661
1666
1684
1663
1662
1667
1682
1702
1704
1686
1653
1664
1662
1663
1670
1696
1677
1686
1681
1697
1681
1689
1670
1665
1621
1624
1622
1653
1628
1633
1614
1627
1631
1620
1642
1644
1689
1639
1671
1681
1715
1713
1759
1725
1721
1688
1667
1709
1655
1671
1616
1673
1603
1610
1622
1626
1642
1632
1649
1644
1664
1632
1661
1685
1721
1765
1777
1772
1789
1795
1843
1817
1830
1844
1859
1802
1835
1837
1835
1850
1854
1854
1824
1864
1818
1861
