11831
13546
11413
11378
10632
10522
9831
9683
9271
8994
8725
8404
8310
8012
7792
7631
7469
7426
7305
7238
7044
6902
6832
6795
6670
6511
6429
6316
6330
6287
6194
6152
6023
5962
5804
5739
5466
5446
5383
5366
5362
5283
5231
5287
5165
5250
5128
5087
5057
5051
5089
5066
4985
4957
5075
4963
5006
4984
4938
4969
4859
4951
4863
4927
4839
4790
4759
4737
4710
4666
4611
4626
4610
4510
4547
4528
4442
4550
4420
4450
4372
4325
4372
4352
4262
4295
4192
4201
4096
4075
4102
3936
4051
3996
4055
3956
3899
3791
3794
3700
3673
3530
3497
3520
3515
3425
3418
3459
3437
3526
3456
3559
3503
3544
3555
3623
3590
3668
3674
3681
3706
3707
3612
3538
3553
3442
3436
3419
3420
3377
3372
3352
3364
3403
3337
3335
3341
3338
3327
3283
3235
3230
3272
3219
3283
3288
3248
3360
3378
3376
3390
3377
3349
3302
3331
3279
3346
3332
3407
3310
3261
3229
3125
3121
3098
3078
3072
3053
3064
3003
3085
3048
2987
3065
3000
2893
2915
2893
2872
2940
2990
2962
2974
2944
2877
2920
2967
2953
2866
2932
2855
2931
3005
3079
3094
3077
2997
3108
2967
3049
3100
3029
3042
3004
2917
2985
2966
2961
3037
3000
3045
3043
3072
3017
3035
3077
2949
2906
2971
2898
3076
2995
2986
2930
2893
2867
2862
2879
2884
2867
2872
2987
2918
2928
2870
2983
2880
3011
3035
3046
3066
2985
3074
3171
3166
3196
3215
3211
3290
3250
3324
3253
3269
3203
3305
3143
3161
3078
3120
3057
3033
3008
3036
3077
3040
3038
3026
2930
2939
2882
2910
2984
2877
2893
2876
2934
2873
2959
2912
2922
2893
2899
2880
2863
2790
2781
2833
2818
2878
2912
2880
2914
2930
2933
2876
2835
2847
2871
2923
2893
2892
2879
2847
2834
2779
2775
2730
2724
2721
2618
2639
2600
2682
2618
2609
2594
2598
2656
2622
2657
2630
2642
2655
2598
2580
2601
2616
2608
2594
2593
2589
2586
2633
2565
2659
2588
2572
2539
2592
2515
2475
2470
2471
2480
2485
2427
2434
2402
2394
2395
2452
2452
2441
2424
2460
2541
2576
2541
2572
2597
2608
2536
2542
2529
2527
2523
2498
2597
2565
2604
2590
2520
2491
2530
2479
2461
2423
2379
2381
2380
2382
2382
2378
2366
2393
2350
2401
2396
2444
2441
2361
2421
2341
2427
2344
2397
2431
2428
2395
2383
2377
2357
2327
2368
2310
2386
2357
2396
2405
2472
2488
2466
2467
2421
2418
2428
2446
2397
2416
2447
2419
2439
2484
2481
2437
2384
2406
2489
2473
2462
2473
2455
2483
2517
2535
2511
2484
2494
2470
2476
2460
2409
2395
2371
2351
2410
2391
2415
2379
2367
2372
2349
2308
2370
2262
2389
2287
2331
2249
2297
2309
2340
2300
2386
2328
2282
2295
2254
2259
2183
2247
2184
2218
2219
2334
2227
2296
2301
2302
2282
2300
2271
2265
2229
2175
2253
2190
2180
2160
2109
2114
2127
2127
2138
2176
2156
2183
2166
2151
2151
2218
2113
2122
2097
2098
2125
2163
2168
2149
2186
2143
2219
2181
2198
2175
2131
2144
2100
2137
2154
2166
2090
2048
2050
2093
2056
2044
2059
2039
2108
2042
2072
2143
2058
2106
2121
2152
2119
2129
2122
2205
2161
2121
2138
2122
2139
2153
2167
2134
2132
2078
2100
2112
2092
2051
2122
2068
2136
2103
2099
2115
2155
2107
2099
2160
2153
2177
2198
2243
2196
2206
2226
2339
2313
2337
2330
2384
2320
2316
2340
2235
2305
2236
2231
2199
2286
2232
2225
2295
2304
2336
2412
2363
2349
2325
2364
2300
2307
2343
2302
2288
2266
2293
2256
2231
2210
2242
2257
2228
2208
2201
2141
2102
2098
2079
2111
2123
2069
2069
2088
2085
2110
2160
2122
2145
2098
2136
2127
2113
2076
2121
2089
2115
2107
2065
2073
2070
2095
2138
2108
2149
2099
2149
2111
2173
2132
2167
2179
2157
2141
2143
2148
2120
2115
2120
2053
2052
1993
1999
1979
1955
1902
1901
1906
1958
1962
1943
1916
1941
1929
1986
1923
1965
1898
1890
1884
1946
1898
2004
1950
2062
1964
2067
2008
2018
1953
1972
1950
1940
1971
1961
2016
2011
2044
1995
2058
2005
2014
1984
2013
2008
2006
2005
2011
2036
2088
2027
2090
2032
2092
2054
2017
2005
2012
2008
2032
1998
2005
1953
1987
2026
2007
1977
1966
1977
1975
2035
2088
2063
2092
2048
1996
2031
2013
2027
1970
2019
1967
2006
1970
2008
1982
2060
2035
2012
1972
1995
1974
1999
1977
1945
1890
1946
1937
1898
1886
1934
1927
1961
1961
1994
2037
1968
2053
2015
2051
2093
2037
2025
2046
2036
2042
1975
2015
1947
1999
1983
1943
1981
1954
1883
1910
1918
1906
1929
1931
1932
1983
1947
1926
1957
1909
1938
1939
1933
1922
1914
1900
1935
1918
1981
1975
1958
1945
1967
1956
1966
1982
2021
1993
2061
1956
2085
1988
2026
2006
2024
1958
1945
1918
1913
1852
1862
1856
1862
1872
1837
1828
1854
1805
1850
1796
1840
1806
1833
1819
1838
1866
1867
1898
1893
1911
1876
1863
1897
1860
1885
1883
1844
1866
1859
1912
1908
1912
1912
1860
1844
1873
1879
1933
1925
1950
1930
1955
1944
1958
1930
1882
1834
1884
1828
1893
1831
1843
1867
1869
1868
1840
1857
1829
1908
1912
1883
1856
1898
1921
1952
2010
1994
2027
2032
2035
2049
2054
2063
2052
2067
2087
1963
2015
1985
1934
1897
1882
1896
1920
1893
1918
1978
1943
1940
1947
1926
1958
1971
1971
2039
2042
2046
2036
2004
2049
2049
2093
2095
2149
2123
2039
2108
2117
2098
2081
2053
2093
2005
2063
2015
2013
1954
1977
1964
1962
1973
1939
1957
1975
2009
1969
1988
1993
1999
2005
2008
2049
1991
2021
2004
2041
2013
2023
2013
2094
2015
1935
1992
2017
1925
1927
1899
1871
1858
1875
1875
1859
1855
1834
1849
1864
1839
1842
1826
1875
1860
1895
1926
1909
2005
1939
1973
1952
1973
1943
1948
1966
1972
1983
1991
2047
2008
1962
