12073
13715
11646
11354
10772
10442
10068
9591
9412
8945
8827
8502
8283
8092
7773
7633
7392
7189
6832
6789
6763
6589
6570
6349
6345
6248
6079
6024
5914
5711
5776
5811
5738
5666
5610
5521
5542
5389
5293
5303
5382
5299
5222
5343
5202
5215
5109
5124
5056
5041
4919
4873
4923
4856
5002
4823
4867
4864
4805
4803
4701
4647
4611
4546
4469
4457
4496
4375
4311
4228
4166
4048
4093
4030
4027
3959
4019
3841
3962
3873
3976
4016
3953
3963
3953
3955
3873
3890
3866
3855
3902
3871
3911
3877
3864
3912
3963
3925
3923
4011
3969
4012
3926
3902
3807
3732
3651
3675
3699
3648
3660
3720
3667
3625
3555
3531
3585
3561
3528
3574
3505
3475
3470
3526
3468
3473
3501
3515
3420
3457
3401
3396
3370
3335
3365
3280
3364
3373
3398
3383
3413
3409
3384
3317
3438
3333
3394
3328
3370
3303
3301
3361
3297
3344
3132
3189
3158
3225
3115
3168
3117
3061
3015
3011
3029
2890
2960
2843
2876
2830
2853
2884
2916
2981
2987
3005
3008
2977
3024
2993
3057
2944
2949
2983
2971
2851
2924
2931
2897
2856
2902
2923
2896
2870
2872
2802
2836
2793
2864
2873
2934
2895
2931
2891
2883
2915
2915
2889
2831
2890
2844
2869
2877
2862
2866
2870
2839
2742
2749
2663
2654
2622
2566
2576
2557
2584
2676
2598
2676
2641
2608
2620
2642
2674
2685
2713
2783
2751
2791
2837
2850
2859
2846
2941
2891
2904
2895
2905
2806
2852
2755
2736
2715
2675
2708
2715
2684
2727
2710
2749
2731
2768
2718
2710
2660
2744
2760
2728
2785
2733
2711
2740
2737
2692
2658
2694
2729
2737
2780
2802
2801
2811
2806
2829
2764
2737
2808
2739
2793
2783
2745
2782
2771
2767
2702
2676
2702
2766
2726
2748
2711
2688
2699
2680
2643
2591
2637
2649
2603
2637
2592
2492
2568
2488
2481
2461
2531
2525
2537
2524
2601
2605
2593
2537
2550
2536
2477
2540
2513
2470
2509
2489
2444
2425
2432
2379
2376
2445
2380
2443
2463
2490
2458
2434
2463
2419
2428
2416
2447
2541
2507
2572
2483
2523
2434
2534
2504
2646
2620
2649
2611
2595
2587
2581
2488
2473
2473
2494
2469
2536
2480
2476
2552
2533
2600
2552
2596
2547
2509
2475
2426
2457
2460
2453
2501
2433
2487
2458
2457
2433
2396
2461
2416
2404
2398
2440
2439
2443
2353
2363
2296
2262
2206
2253
2180
2174
2189
2159
2214
2213
2275
2263
2231
2228
2262
2202
2237
2159
2166
2118
2118
2101
2121
2136
2162
2159
2137
2112
2140
2167
2102
2102
2055
2103
2120
2163
2125
2101
2142
2110
2122
2150
2123
2149
2157
2102
2130
2144
2149
2126
2206
2127
2152
2141
2088
2130
2134
2153
2187
2173
2194
2164
2148
2082
2176
2089
2116
2064
2059
2032
1950
1955
1953
1880
1873
1871
1875
1934
1932
1926
1967
2018
2019
2067
2055
2078
2062
2143
2073
2110
2100
2149
2075
2046
1990
1929
1947
1911
1947
1903
1956
1920
1934
1948
1908
1939
1926
1958
1945
1964
1971
1992
1933
1977
1991
2003
2016
1999
1977
1979
1986
1999
1954
1995
1985
1952
1973
2010
2034
2042
2050
2004
2037
2012
2070
2052
2047
2037
2021
1985
1991
2013
2010
2021
2039
2083
2042
2007
2068
2057
2074
2091
2087
2105
2116
2058
2123
2029
2054
2026
1995
1956
1912
1891
1905
1900
1947
1892
1901
1860
1881
1883
1900
1905
1893
1950
1921
1986
1949
1988
1955
1919
1888
1935
1945
1944
1888
1901
1883
1975
1919
1910
1859
1890
1888
1900
1898
1921
1950
1912
1930
1895
1928
1881
1838
1842
1847
1830
1811
1788
1795
1766
1779
1769
1783
1819
1777
1819
1818
1843
1825
1816
1804
1805
1817
1830
1820
1839
1796
1797
1765
1762
1730
1742
1685
1692
1678
1688
1708
1732
1772
1758
1726
1711
1710
1712
1731
1722
1709
1764
1701
1723
1711
1697
1668
1672
1690
1706
1669
1652
1651
1624
1642
1611
1675
1591
1628
1638
1639
1620
1653
1667
1667
1618
1623
1605
1552
1563
1578
1564
1565
1581
1597
1608
1551
1571
1524
1521
1503
1511
1509
1493
1517
1533
1527
1562
1552
1579
1562
1610
1589
1656
1599
1600
1623
1590
1608
1608
1651
1633
1656
1681
1711
1658
1678
1689
1684
1715
1722
1723
1711
1725
1742
1760
1686
1694
1704
1698
1670
1680
1724
1744
1722
1701
1719
1733
1747
1785
1720
1778
1714
1716
1725
1668
1669
1668
1649
1687
1643
1663
1654
1653
1609
1594
1585
1600
1604
1620
1581
1573
1554
1583
1585
1591
1566
1595
1588
1591
1604
1637
1597
1588
1609
1609
1614
1634
1653
1596
1571
1579
1567
1575
1598
1610
1586
1583
1577
1588
1588
1554
1544
1522
1541
1554
1562
1605
1576
1648
1608
1675
1621
1629
1608
1635
1656
1685
1680
1675
1662
1684
1699
1683
1705
1710
1755
1755
1777
1790
1793
1788
1796
1804
1766
1744
1758
1761
1819
1853
1763
1813
1839
1834
1871
1870
1857
1867
1838
1864
1872
1909
1937
1929
1888
1908
1876
1930
1943
1894
1894
1845
1856
1835
1838
1833
1800
1831
1786
1811
1781
1740
1725
1741
1714
1707
1711
1700
1680
1698
1639
1630
1565
1598
1556
1579
1538
1566
1562
1551
1562
1589
1629
1649
1631
1632
1657
1656
1673
1668
1653
1647
1694
1692
1679
1716
1739
1748
1712
1715
1677
1720
1703
1727
1732
1711
1674
1696
1655
1673
1646
1651
1644
1617
1650
1642
1717
1677
1710
1753
1744
1782
1739
1770
1761
1816
1764
1799
1748
1784
1740
1767
1760
1755
1764
1739
1766
1778
1754
1734
1785
1731
1763
1688
1717
1668
1722
1673
1649
1630
1645
1611
1667
1656
1676
1701
1765
1748
1786
1755
1751
1740
1764
1795
1800
1726
1726
1724
1726
1732
1737
1752
1747
1753
1776
1792
1786
1785
1813
1760
1786
1736
1730
1729
1733
1753
1678
1683
1650
1645
1620
1652
1631
1662
1631
1585
1588
1631
1704
1659
1686
1666
