12032
13752
11447
11196
10536
10193
9657
9354
9002
8619
8299
8291
7965
7775
7371
7313
7127
7082
6977
6831
6816
6636
6501
6368
6201
5886
5793
5738
5674
5548
5515
5480
5407
5395
5362
5491
5386
5367
5226
5464
5217
5275
5122
5175
5064
5104
4998
5001
4919
4937
4798
4819
4902
4732
4897
4760
4781
4699
4636
4681
4698
4728
4743
4699
4568
4493
4431
4334
4342
4294
4324
4252
4309
4267
4310
4173
4274
4175
4052
3976
3964
3900
3919
3864
3908
3831
3895
3840
3886
3948
3993
4021
4006
4019
3988
4005
3877
3844
3957
3921
3989
3941
4029
3958
3954
3907
3906
3934
3839
3877
3824
3778
3748
3754
3771
3760
3884
3709
3737
3614
3567
3544
3564
3525
3475
3540
3445
3450
3413
3501
3473
3527
3572
3435
3556
3431
3508
3449
3492
3510
3513
3479
3435
3467
3497
3426
3479
3451
3377
3454
3362
3404
3350
3383
3400
3441
3502
3466
3404
3397
3481
3370
3427
3376
3444
3439
3547
3488
3374
3381
3380
3386
3367
3324
3307
3273
3278
3286
3314
3270
3267
3187
3169
3136
3057
3081
3078
3092
3022
3049
3089
3140
3085
3105
3137
3106
3145
3112
3172
3040
3078
3073
3034
2931
2942
2911
2896
2908
2901
2860
2803
2844
2767
2862
2783
2811
2818
2798
2865
2829
2759
2797
2742
2800
2704
2737
2699
2716
2644
2760
2756
2751
2769
2726
2771
2754
2740
2753
2850
2758
2761
2755
2747
2728
2673
2697
2684
2688
2637
2663
2681
2633
2659
2729
2607
2692
2633
2706
2748
2677
2600
2646
2581
2563
2549
2598
2558
2547
2499
2565
2468
2503
2446
2498
2473
2557
2553
2486
2506
2535
2528
2517
2470
2508
2565
2578
2584
2579
2535
2635
2567
2570
2570
2566
2511
2463
2485
2460
2471
2464
2467
2460
2497
2421
2452
2400
2354
2433
2442
2454
2440
2364
2338
2285
2311
2252
2194
2184
2190
2186
2132
2130
2162
2210
2172
2204
2265
2207
2212
2168
2177
2200
2170
2156
2099
2136
2109
2114
2122
2141
2120
2127
2151
2096
2098
2052
2047
2051
2009
2052
2072
2083
2054
2099
2109
2114
2104
2161
2153
2191
2157
2155
2060
2171
2030
2109
2035
2103
1989
2054
2061
2067
2062
2035
2043
2055
2046
2089
2023
2033
2066
2100
2067
2170
2148
2107
2093
2111
2179
2162
2203
2190
2195
2256
2212
2228
2208
2184
2271
2215
2239
2176
2203
2202
2286
2250
2216
2222
2196
2163
2184
2240
2174
2121
2102
2094
2032
2049
2052
2065
2038
2100
2055
2158
2032
2065
2006
2006
1993
1990
2017
1989
2024
1975
1962
1983
1989
2030
2025
2019
2024
2017
1959
2033
1984
1988
1944
1977
1959
1993
1952
2004
1975
2034
1938
2010
1998
2035
2053
2037
2066
1992
2071
2007
2034
2015
2010
1932
1981
1950
1989
1979
2035
2028
2068
2045
2070
2097
2109
2068
1993
1985
1991
2027
2062
2078
2074
2099
2065
2132
2127
2104
2074
2094
2064
2076
2107
2099
2103
2114
2082
2060
2079
2054
2068
2087
2044
2024
1994
1994
1985
2006
1994
2013
1988
2000
1967
1954
1987
1955
2006
1935
1952
1945
1924
1947
1969
1962
2043
1972
2001
1939
1981
1987
2031
2026
2041
2023
2071
2026
2082
2055
2083
2065
2121
2101
2127
2072
2126
2111
2096
2072
2015
1981
1995
2034
1999
2045
2017
2017
1967
2006
1981
1989
1982
2012
2018
2028
2013
2020
2004
1994
1954
1989
1979
1957
1991
1926
1962
1955
1960
2025
1988
2004
2007
2012
2026
2030
2053
2060
2007
2040
1988
1978
1966
1967
1897
1938
1906
1915
1914
1915
1888
1891
1875
1863
1910
1903
1911
1836
1850
1872
1849
1886
1836
1902
1894
1922
1871
1915
1895
1930
1892
1900
1902
1879
1847
1901
1853
1840
1798
1769
1800
1779
1808
1770
1759
1747
1726
1721
1721
1694
1715
1717
1701
1713
1723
1725
1701
1699
1703
1744
1697
1719
1676
1703
1696
1646
1689
1633
1644
1660
1663
1691
1693
1726
1682
1746
1724
1753
1758
1782
1703
1690
1717
1714
1767
1723
1790
1736
1727
1785
1796
1820
1789
1805
1808
1760
1799
1745
1740
1751
1777
1772
1747
1784
1719
1743
1695
1701
1658
1640
1595
1629
1590
1590
1556
1529
1512
1485
1452
1493
1439
1469
1470
1442
1454
1447
1482
1465
1500
1526
1535
1520
1526
1501
1499
1462
1482
1447
1421
1423
1401
1410
1402
1430
1418
1431
1447
1432
1440
1449
1459
1432
1422
1462
1463
1430
1461
1456
1475
1532
1511
1491
1474
1523
1501
1525
1523
1557
1552
1588
1568
1603
1535
1526
1493
1544
1507
1524
1499
1527
1535
1517
1505
1495
1468
1487
1483
1461
1454
1454
1455
1457
1446
1435
1472
1469
1462
1481
1508
1513
1552
1507
1529
1511
1537
1507
1501
1524
1505
1517
1509
1500
1489
1496
1507
1484
1492
1471
1481
1484
1485
1502
1513
1517
1515
1529
1540
1533
1579
1541
1503
1534
1532
1503
1519
1506
1526
1470
1509
1439
1461
1403
1432
1439
1462
1412
1419
1403
1422
1467
1450
1457
1450
1471
1420
1457
1455
1467
1440
1480
1483
1479
1484
1494
1476
1486
1475
1453
1449
1458
1459
1469
1485
1473
1506
1491
1501
1469
1504
1459
1477
1461
1482
1464
1515
1495
1538
1540
1497
1512
1490
1487
1504
1480
1529
1522
1454
1442
1471
1432
1468
1415
1452
1419
1414
1373
1390
1362
1390
1374
1373
1387
1386
1399
1414
1403
1389
1396
1400
1398
1389
1386
1382
1387
1372
1352
1374
1378
1355
1344
1365
1352
1360
1363
1385
1369
1393
1369
1387
1362
1386
1359
1375
1352
1354
1367
1384
1341
1365
1360
1348
1370
1335
1340
1349
1343
1362
1341
1329
1342
1365
1340
1348
1364
1376
1381
1398
1385
1415
1397
1393
1378
1384
1368
1370
1344
1330
1313
1340
1334
1323
1324
1328
1324
1346
1329
1299
1308
1300
1304
1309
1315
1303
1341
1296
1324
1296
1308
1298
1302
1293
1269
1296
1299
1313
1320
1343
1346
