11856
13558
11636
11341
10690
10469
9985
9699
9319
9071
8809
8613
8180
8085
7848
7726
7604
7561
7280
7179
7082
7070
7024
6910
6800
6616
6458
6276
6321
5985
6034
5897
5793
5771
5811
5696
5747
5632
5485
5508
5356
5347
5345
5306
5089
5085
4937
5042
4860
4885
4675
4722
4740
4648
4661
4700
4585
4565
4585
4399
4426
4367
4268
4316
4307
4308
4193
4204
4187
4196
4233
4078
4183
4176
4168
4148
4132
4057
4081
3978
3958
4000
3948
3948
3982
3894
3884
3930
3905
3910
3939
3786
3878
3836
3936
3900
4015
3969
3970
3876
3814
3812
3850
3871
3820
3887
3842
3856
3857
3906
3890
3905
3919
3953
3919
4016
3940
3920
3989
4001
4028
3996
4033
3952
3797
3799
3741
3773
3751
3730
3622
3716
3609
3671
3593
3739
3683
3657
3532
3576
3585
3630
3567
3612
3716
3658
3684
3717
3700
3692
3725
3660
3641
3540
3606
3568
3539
3435
3384
3373
3425
3472
3445
3396
3420
3351
3509
3470
3526
3434
3553
3397
3463
3320
3269
3111
3201
3081
3119
3130
3148
3142
3182
3122
3097
3064
3078
3067
2992
3044
3007
3074
3026
3147
3038
3112
3086
3054
3077
3078
3088
3007
2991
3022
3055
3020
3156
3058
3120
3094
3078
3074
3137
3104
3203
3146
3125
3116
3119
3071
3085
3053
3018
3106
3063
3079
3133
3091
3057
3072
3093
3128
3134
3077
3104
3095
3058
3098
3133
3110
3147
3159
3176
3235
3183
3220
3273
3299
3357
3445
3331
3316
3312
3274
3353
3361
3378
3357
3327
3295
3342
3275
3308
3250
3350
3284
3280
3351
3253
3269
3265
3257
3326
3252
3199
3133
3156
3153
3109
3148
3181
3198
3214
3217
3286
3252
3345
3317
3350
3304
3375
3376
3356
3308
3306
3342
3354
3304
3342
3339
3276
3334
3283
3400
3234
3258
3157
3207
3155
3161
3205
3119
3150
3114
3052
3129
3042
3141
3074
3028
3048
3056
3014
2997
2977
2995
2986
2978
2945
2926
2870
2858
2903
2901
2922
2965
2913
2901
2878
2874
2853
2839
2857
2869
2959
2859
2948
2910
2880
2969
3060
3004
3079
3054
3066
2983
3026
2996
3020
2935
2968
2956
2988
2945
2899
2851
2880
2833
2851
2864
2929
2851
2841
2846
2783
2785
2751
2739
2746
2681
2696
2717
2694
2687
2739
2674
2726
2575
2620
2588
2538
2499
2454
2450
2454
2527
2471
2438
2424
2474
2419
2462
2404
2467
2469
2446
2445
2422
2419
2425
2407
2457
2351
2391
2313
2348
2294
2346
2307
2289
2276
2299
2317
2369
2344
2410
2377
2519
2423
2458
2379
2375
2296
2316
2244
2242
2204
2257
2194
2208
2242
2220
2254
2280
2265
2255
2246
2326
2283
2287
2242
2244
2195
2275
2255
2283
2250
2283
2254
2329
2358
2353
2366
2393
2468
2434
2486
2459
2388
2433
2447
2404
2444
2399
2389
2381
2424
2417
2425
2467
2411
2463
2423
2455
2475
2558
2520
2562
2559
2545
2476
2423
2402
2337
2403
2347
2389
2328
2277
2221
2203
2188
2221
2215
2249
2199
2194
2153
2186
2189
2195
2108
2128
2112
2134
2167
2133
2162
2091
2133
2083
2099
2071
2035
2093
2098
2053
2075
2086
2057
2107
2061
2137
2118
2132
2123
2094
2140
2140
2118
2128
2078
2105
2070
2074
2025
1994
2040
2008
2084
2091
2153
2133
2208
2139
2214
2121
2210
2197
2256
2217
2267
2284
2245
2263
2249
2235
2244
2230
2255
2268
2254
2294
2290
2306
2285
2344
2317
2416
2371
2416
2389
2373
2390
2408
2419
2426
2351
2392
2335
2418
2348
2382
2326
2317
2277
2335
2333
2289
2250
2206
2250
2197
2210
2168
2161
2211
2218
2159
2136
2143
2102
2073
2029
2027
2081
2059
2058
2041
2079
2043
2069
2076
2106
2003
1963
1986
1979
1985
1990
1994
1977
2001
2005
1974
1938
1950
1940
1925
1900
1889
1839
1810
1799
1817
1812
1806
1847
1804
1788
1829
1875
1897
1879
1889
1870
1864
1871
1864
1877
1928
1936
1994
1927
1987
1981
2024
2023
2034
2070
2025
2039
2004
1983
1963
1964
1968
1986
1914
1923
1907
1955
1916
1973
1930
1972
1950
1947
1933
1957
2007
1944
1927
1900
1910
1893
1912
1928
1905
1933
1915
1896
1937
1906
1955
1899
1998
1871
1960
1911
1932
1899
1929
1904
1900
1905
1920
1935
1923
1938
1944
1904
1888
1867
1903
1942
1880
1924
1897
1906
1885
1941
1904
1954
1931
1945
1941
1894
1891
1941
1952
1932
1905
1908
1906
1866
1866
1869
1851
1863
1837
1837
1856
1863
1913
1899
1925
1930
1919
1975
1991
1973
2025
2047
2025
2076
2008
2050
2023
2078
2036
2012
2004
2004
2017
1980
2024
2023
1970
1996
2059
2053
2097
2071
2027
2057
2050
2021
2059
2018
2055
2051
2101
2029
2035
2062
2107
2107
2130
2135
2213
2195
2185
2128
2194
2160
2217
2152
2203
2187
2167
2198
2182
2186
2203
2150
2193
2124
2145
2106
2132
2114
2066
2067
2060
2089
2073
2112
2052
2064
2130
2092
2160
2112
2205
2142
2124
2043
2074
2015
2037
2089
2078
2101
2050
2125
2079
2127
2066
2158
2094
2187
2126
2215
2096
2120
2085
2120
2089
2112
2112
2124
2126
2112
2096
2070
2093
2097
2159
2105
2141
2062
2108
2116
2144
2084
2097
2071
2071
2066
2138
2157
2059
2121
2111
2137
2087
2166
2095
2145
2031
2067
2008
2054
2079
2073
2121
2136
2095
2153
2152
2139
2167
2210
2215
2264
2273
2326
2292
2279
2303
2271
2286
2343
2354
2388
2346
2410
2365
2360
2369
2330
2346
2324
2342
2343
2338
2368
2347
2368
2380
2338
2330
2263
2271
2303
2306
2269
2294
2289
2319
2242
2292
2265
2321
2254
2262
2255
2216
2167
2138
2129
2198
2211
2193
2142
2123
2174
2145
2143
2100
2084
2099
2077
2059
2053
2077
1984
2008
1960
1992
1928
1983
1960
1912
1882
1914
1911
1902
1901
1938
1949
1930
1936
1907
1939
1934
2000
1967
2018
2022
2070
2057
2047
2072
2040
2055
2137
2148
2126
