11970
13739
11414
11400
10552
10331
9783
9391
8949
8590
8482
8400
8065
7974
7760
7620
7543
7547
7329
7291
7094
7098
6820
6679
6593
6447
6347
6339
6213
6165
6106
6086
6013
5959
5767
5734
5559
5631
5536
5482
5382
5377
5315
5350
5351
5285
5271
5182
5239
5134
5114
5137
5027
4999
4931
4898
4973
5012
4997
5034
5001
5017
4926
4974
4870
4846
4872
4871
4838
4967
4840
4846
4830
4782
4657
4688
4487
4481
4427
4350
4307
4280
4244
4301
4237
4274
4232
4233
4158
4130
4107
4075
4059
3898
4005
3986
4070
4067
4083
3997
3945
4062
3970
4094
3941
3998
4009
4100
3960
3998
3941
3970
3949
3948
3893
3912
4013
3947
3958
3875
3883
3798
3903
3802
3730
3738
3644
3579
3561
3602
3580
3630
3655
3565
3585
3605
3635
3620
3644
3597
3640
3647
3683
3680
3717
3717
3715
3765
3744
3791
3819
3828
3807
3797
3724
3755
3787
3803
3818
3738
3705
3775
3764
3741
3616
3653
3589
3529
3506
3523
3596
3605
3616
3520
3519
3457
3503
3512
3504
3547
3549
3470
3447
3405
3504
3414
3439
3385
3405
3434
3369
3377
3263
3355
3220
3328
3257
3302
3233
3266
3263
3219
3141
3138
3145
3113
3149
3066
3088
3144
3128
3030
3086
3121
3198
3079
3074
3091
3045
3011
2991
3047
2984
3038
2965
3101
3090
3055
3029
3069
3038
3109
3018
3009
2983
3011
3015
3096
3051
3069
3076
3136
3075
3077
3091
3194
3112
3241
3200
3235
3230
3193
3188
3229
3187
3216
3140
3159
3118
3171
3142
3210
3205
3258
3244
3278
3265
3278
3320
3310
3434
3333
3380
3375
3409
3330
3320
3302
3300
3342
3197
3282
3280
3294
3277
3281
3273
3250
3235
3244
3267
3261
3129
3165
3108
3158
3130
3178
3186
3149
3187
3187
3245
3186
3275
3248
3199
3283
3222
3309
3243
3141
3200
3164
3140
3229
3206
3254
3180
3198
3158
3105
3015
2998
2933
2964
2932
2910
2951
2880
2971
2886
2951
2914
2999
2894
2979
2950
3003
3049
3058
3002
3070
3099
3153
3126
3113
3112
3053
3047
2982
2993
3011
3014
3028
3126
3028
2967
3008
2984
2963
2853
2799
2826
2768
2776
2833
2850
2832
2883
2958
2899
2982
2905
2955
2907
2905
2899
2897
2861
2857
2860
2789
2770
2760
2800
2771
2767
2807
2773
2811
2842
2839
2809
2892
2836
2834
2912
2903
2985
2962
3008
2964
2900
2858
2935
2876
2924
2853
2816
2759
2831
2838
2789
2889
2774
2828
2759
2803
2765
2781
2773
2742
2721
2743
2749
2774
2709
2712
2779
2743
2764
2779
2753
2794
2757
2832
2749
2909
2738
2841
2765
2886
2815
2877
2843
2886
2891
2829
2832
2871
2852
2797
2835
2819
2818
2771
2787
2767
2840
2721
2693
2702
2667
2634
2710
2560
2614
2557
2581
2495
2535
2541
2591
2638
2614
2587
2656
2630
2633
2711
2644
2635
2584
2600
2598
2523
2485
2534
2476
2463
2466
2390
2341
2321
2341
2291
2287
2278
2298
2349
2311
2440
2357
2383
2380
2369
2357
2349
2352
2361
2379
2319
2354
2325
2369
2365
2330
2407
2300
2323
2322
2342
2378
2370
2302
2321
2332
2259
2295
2288
2310
2308
2258
2303
2246
2316
2236
2320
2270
2401
2317
2371
2367
2370
2284
2357
2279
2316
2271
2256
2262
2246
2236
2198
2221
2153
2154
2216
2200
2224
2218
2266
2252
2288
2281
2297
2223
2272
2183
2200
2096
2093
2015
2034
1949
1991
1975
1978
1978
1939
1898
1914
1910
1814
1832
1830
1800
1852
1838
1879
1842
1838
1828
1844
1837
1872
1864
1863
1893
1908
1889
1873
1859
1863
1873
1857
1891
1880
1913
1895
1958
1967
1972
1965
1960
1970
1910
1976
1943
1942
1967
1956
1971
1932
1946
1967
1970
1991
1953
1927
1920
1926
1901
1950
1972
1947
1940
1923
1962
1986
1993
1975
1996
1964
1996
2025
2059
2027
2047
2007
2048
1976
1994
1958
1947
1918
1943
1966
2010
1985
2003
1920
1892
1878
1893
1924
1887
1916
1895
1903
1917
1911
1952
1902
1939
1867
1918
1929
1950
1935
1911
1910
1898
1867
1889
1899
1890
1904
1892
1920
1889
1919
1861
1895
1888
1893
1909
1872
1853
1827
1826
1827
1799
1843
1831
1838
1811
1795
1820
1721
1735
1709
1718
1696
1721
1699
1752
1743
1759
1767
1767
1774
1815
1808
1839
1767
1769
1771
1821
1817
1842
1820
1819
1783
1780
1783
1800
1824
1840
1815
1805
1810
1857
1848
1910
1865
1874
1835
1830
1836
1847
1876
1854
1882
1833
1819
1806
1780
1761
1752
1753
1765
1736
1798
1802
1821
1776
1794
1799
1815
1797
1841
1818
1855
1814
1808
1774
1802
1814
1831
1803
1816
1782
1804
1768
1832
1774
1845
1762
1771
1743
1781
1701
1688
1676
1692
1693
1725
1761
1787
1828
1853
1803
1872
1805
1818
1789
1803
1796
1764
1783
1802
1798
1783
1760
1795
1773
1779
1784
1786
1774
1770
1817
1809
1828
1797
1823
1782
1830
1800
1802
1808
1820
1809
1803
1759
1753
1798
1769
1752
1748
1764
1729
1768
1764
1782
1782
1802
1795
1794
1783
1791
1755
1727
1718
1697
1735
1752
1762
1761
1797
1777
1823
1778
1797
1788
1803
1802
1858
1804
1827
1799
1781
1803
1789
1810
1771
1839
1780
1831
1848
1865
1843
1896
1819
1808
1825
1816
1815
1806
1786
1827
1792
1820
1782
1799
1808
1829
1793
1845
1834
1867
1891
1908
1957
1932
1880
1905
1918
1997
1933
1943
1951
1968
1962
1916
1951
1924
1945
1944
1926
1891
1889
1890
1908
1835
1896
1859
1833
1822
1801
1802
1807
1812
1830
1817
1888
1852
1852
1842
1854
1854
1850
1814
1790
1795
1826
1830
1835
1810
1822
1860
1862
1887
1880
1933
1850
1929
1876
1876
1880
1880
1956
1950
1960
1958
1967
1951
1887
1963
1891
1915
1944
1920
1889
1895
1843
1814
1796
1812
1828
1844
1854
1885
1874
1855
1816
1814
1847
1825
1854
1849
1861
1866
1893
1847
1905
1857
1890
