12099
13624
11537
11486
10586
10333
9964
9682
9350
9112
8968
8701
8558
8395
8238
8091
7738
7711
7403
7182
7116
6966
6877
6688
6661
6403
6439
6310
6321
6305
6250
6065
5896
5732
5686
5600
5489
5481
5410
5347
5404
5361
5286
5199
5195
5064
5129
5102
5024
4996
5024
5006
5022
4919
4931
4945
4725
4771
4741
4779
4610
4621
4586
4586
4426
4406
4359
4225
4179
4171
4070
4020
3988
3860
3875
3841
3820
3846
3744
3679
3740
3733
3710
3758
3686
3765
3678
3747
3798
3749
3720
3759
3743
3789
3740
3811
3745
3806
3754
3766
3804
3818
3733
3870
3669
3655
3510
3598
3557
3682
3638
3723
3726
3688
3663
3596
3668
3547
3582
3619
3602
3667
3529
3569
3627
3596
3663
3628
3608
3584
3573
3593
3549
3503
3479
3477
3561
3427
3447
3397
3520
3475
3613
3624
3635
3510
3616
3556
3621
3584
3620
3577
3651
3589
3618
3619
3500
3380
3436
3409
3381
3382
3330
3373
3322
3369
3384
3465
3416
3527
3540
3601
3435
3449
3407
3445
3378
3271
3259
3270
3230
3253
3289
3301
3206
3189
3206
3130
3073
3094
3175
3167
3097
3057
3035
3099
3040
3085
3110
3057
3036
3035
3007
3080
3012
3083
3000
2944
2913
2880
2906
2864
2888
2886
2986
3010
3050
3126
3230
3219
3222
3131
3216
3147
3159
3151
3154
3097
3076
3118
3081
3059
3023
3099
3089
3034
3041
3054
3094
3063
3088
3106
3061
3110
2979
3156
3015
3029
3051
3003
3123
3060
3061
3016
3055
2998
2942
2967
2957
2938
2871
2898
2889
2888
2810
2838
2805
2841
2796
2898
2860
2964
2865
2937
2837
2916
2781
2862
2780
2780
2797
2807
2738
2754
2747
2733
2736
2726
2761
2675
2694
2661
2636
2673
2676
2723
2675
2716
2640
2583
2549
2587
2513
2473
2493
2499
2465
2477
2510
2500
2485
2463
2429
2495
2558
2581
2539
2594
2515
2530
2517
2520
2544
2547
2560
2571
2460
2478
2471
2453
2549
2536
2539
2447
2519
2486
2461
2440
2411
2478
2413
2505
2490
2522
2565
2491
2518
2539
2571
2523
2597
2584
2603
2583
2552
2519
2543
2501
2472
2524
2500
2506
2473
2464
2525
2476
2546
2454
2496
2477
2496
2508
2461
2489
2407
2447
2388
2390
2415
2389
2361
2305
2344
2319
2342
2289
2301
2258
2266
2237
2202
2226
2219
2213
2239
2186
2196
2119
2103
2125
2149
2123
2098
2061
2064
2079
2033
2026
2025
2063
2023
2075
2055
2095
2033
2074
2034
2076
2046
2068
2112
2098
2197
2134
2146
2100
2088
2103
2066
2123
2082
2106
2129
2136
2058
2096
2067
2098
2128
2113
2123
2099
2140
2130
2112
2107
2093
2138
2075
2153
2058
2123
2080
2147
2125
2119
2104
2182
2123
2137
2124
2076
2085
2085
2109
2051
2129
2087
2199
2166
2138
2088
2091
2050
2111
2095
2085
2126
2115
2085
2118
2059
2116
2042
2054
2049
2096
1964
2040
2019
2039
1968
2013
2021
2028
2122
2131
2090
2074
2087
2107
2084
2140
2146
2128
2083
2112
2099
2124
2088
2141
2122
2108
2073
2096
2084
2100
2086
2008
2063
2058
2120
2127
2161
2121
2154
2174
2102
2127
2091
2107
2078
2039
1960
1969
1981
1987
1971
1972
1951
1978
2000
2019
2018
2055
2046
2094
2109
2088
2060
2065
2057
2069
2104
2120
2093
2072
2145
2075
2084
2050
2034
2081
2067
2081
2095
2068
2053
2071
2101
2082
2098
2045
2058
2085
2045
2049
2059
2070
2095
2017
2085
2019
2074
2051
2058
2077
2110
2064
2085
2123
2049
2100
2082
2131
2017
2011
1989
1959
1977
1980
1971
1974
1946
1998
1917
1915
1888
1901
1831
1850
1876
1856
1874
1883
1903
1907
1869
1895
1853
1810
1836
1771
1821
1831
1869
1816
1826
1842
1875
1845
1874
1845
1830
1839
1859
1830
1854
1828
1840
1813
1848
1760
1818
1752
1792
1797
1862
1855
1910
1974
1932
1934
1924
1955
1936
1882
1852
1857
1822
1786
1813
1788
1780
1756
1765
1738
1782
1759
1739
1721
1697
1718
1740
1773
1789
1799
1802
1763
1777
1753
1742
1714
1742
1667
1697
1674
1654
1635
1654
1629
1621
1606
1605
1604
1568
1594
1565
1591
1573
1591
1572
1577
1604
1591
1614
1590
1610
1600
1579
1559
1547
1520
1548
1523
1543
1528
1534
1532
1550
1561
1559
1544
1575
1555
1533
1525
1562
1549
1561
1567
1583
1588
1554
1587
1566
1543
1533
1546
1491
1503
1477
1463
1454
1439
1411
1437
1440
1428
1446
1432
1442
1418
1376
1398
1395
1426
1398
1410
1415
1410
1426
1441
1409
1418
1425
1455
1475
1472
1457
1489
1445
1493
1473
1488
1451
1499
1461
1453
1437
1435
1454
1426
1434
1410
1414
1443
1409
1424
1427
1434
1412
1424
1430
1389
1391
1386
1389
1397
1388
1387
1372
1380
1381
1385
1405
1383
1421
1406
1426
1416
1419
1409
1383
1398
1410
1395
1380
1403
1390
1397
1403
1411
1394
1405
1423
1424
1430
1430
1429
1445
1469
1460
1471
1474
1474
1511
1475
1452
1443
1428
1409
1433
1433
1425
1443
1441
1438
1443
1461
1476
1502
1488
1489
1485
1465
1487
1473
1484
1446
1486
1446
1491
1463
1483
1481
1500
1502
1478
1494
1480
1476
1491
1484
1495
1487
1493
1505
1504
1494
1505
1482
1478
1476
1488
1490
1497
1494
1476
1498
1485
1482
1484
1476
1476
1444
1492
1469
1483
1506
1479
1517
1497
1490
1530
1523
1549
1556
1535
1546
1591
1586
1599
1604
1598
1599
1617
1617
1599
1622
1587
1628
1618
1645
1649
1669
1676
1656
1652
1631
1612
1641
1589
1603
1589
1644
1613
1626
1630
1604
1567
1585
1531
1540
1494
1487
1475
1510
1486
1516
1484
1477
1511
1522
1527
1542
1518
1552
1528
1554
1516
1551
1531
1532
1508
1522
1538
1586
1564
1569
1563
1526
1526
1512
1509
1511
1493
1525
1484
1483
1432
1404
1395
1411
1399
1408
1421
1438
1423
1432
1435
1474
1446
1468
1469
1498
1461
1528
1508
1520
