12060
13680
11805
11586
10888
10355
10053
9665
9213
8993
8748
8552
8342
8162
7889
7718
7591
7337
7292
7220
7018
6849
6674
6600
6426
6408
6268
6134
5967
5987
5850
5847
5692
5668
5584
5472
5416
5386
5362
5419
5309
5130
5013
4939
4841
4808
4614
4525
4426
4429
4461
4492
4511
4482
4459
4428
4537
4529
4471
4412
4391
4346
4332
4403
4323
4421
4438
4301
4329
4415
4400
4444
4376
4320
4246
4252
4292
4326
4233
4225
4191
4266
4066
4028
4102
4104
4095
4098
3913
4021
3917
3970
3934
4051
3965
3992
3945
3858
3748
3784
3844
3788
3857
3973
3826
3874
3858
3996
3881
3836
3897
3875
3977
3948
3901
3918
3957
3878
3899
3917
3822
3790
3798
3708
3722
3735
3839
3764
3707
3686
3638
3669
3637
3664
3640
3698
3677
3772
3676
3735
3697
3756
3773
3782
3752
3749
3694
3706
3577
3538
3429
3362
3418
3355
3306
3345
3300
3353
3360
3414
3287
3311
3309
3343
3362
3363
3374
3433
3373
3386
3348
3318
3236
3279
3177
3244
3168
3176
3188
3140
3241
3174
3203
3151
3247
3156
3198
3133
3150
3121
3149
3092
3088
3024
3074
2913
2955
2971
3000
2987
3014
2965
3033
3088
3088
3156
3211
3152
3084
2992
3001
3022
3054
3096
3177
3155
3162
3161
3186
3163
3131
3152
3190
3050
3050
3045
3042
3078
3012
3082
3047
3092
3125
3111
3088
3092
3078
3165
3058
3110
3061
3061
3058
3046
3019
2999
3056
3012
3006
2960
2979
2935
2923
3020
2950
3036
2961
2974
3063
3034
2974
3083
3007
3003
2931
2975
2985
2976
2953
2935
2862
2933
2881
2925
2874
2966
2853
2910
2864
2861
2837
2867
2854
2871
2902
2887
2954
2915
2912
2924
2862
2846
2836
2835
2885
2829
2819
2839
2817
2816
2747
2691
2670
2634
2631
2585
2589
2595
2582
2622
2601
2606
2574
2561
2540
2571
2571
2546
2562
2580
2598
2599
2627
2632
2581
2599
2546
2516
2514
2540
2527
2531
2497
2431
2443
2467
2431
2392
2352
2399
2365
2389
2368
2358
2383
2424
2456
2463
2467
2451
2478
2435
2455
2408
2468
2429
2466
2426
2455
2435
2502
2435
2490
2408
2412
2403
2389
2329
2259
2293
2299
2284
2234
2293
2218
2267
2247
2246
2247
2319
2326
2353
2306
2338
2305
2298
2367
2331
2360
2329
2315
2339
2280
2275
2254
2237
2216
2207
2202
2209
2206
2204
2182
2175
2148
2218
2234
2224
2223
2233
2153
2152
2095
2083
2143
2172
2174
2161
2138
2191
2225
2222
2228
2173
2189
2190
2209
2213
2201
2221
2222
2157
2196
2202
2223
2237
2268
2224
2275
2225
2198
2205
2231
2224
2191
2180
2228
2168
2207
2206
2241
2274
2235
2237
2245
2204
2228
2270
2213
2235
2142
2149
2144
2164
2202
2139
2190
2194
2238
2173
2142
2126
2134
2082
2112
2073
2040
2020
2000
2017
2044
2064
1996
2011
1976
1994
2073
2011
2056
1998
2033
2005
2042
1993
2056
2068
2078
2053
2046
1991
2034
1991
2040
1964
2042
2061
2041
2110
2032
2090
2015
2017
2046
2031
2013
2027
2018
1977
1958
1981
2038
1986
2000
2007
2026
1978
1973
1996
1967
1989
1932
1961
1977
1986
1950
1969
1958
1975
1979
2041
1999
2083
2039
2059
2061
2066
2102
2157
2132
2086
2167
2124
2168
2169
2200
2205
2271
2168
2199
2148
2242
2186
2217
2151
2176
2133
2192
2204
2213
2222
2258
2248
2317
2249
2208
2209
2212
2195
2210
2192
2216
2220
2189
2152
2207
2252
2237
2242
2272
2228
2270
2255
2214
2312
2251
2355
2319
2362
2350
2380
2262
2290
2210
2252
2214
2206
2167
2166
2193
2174
2221
2203
2319
2221
2343
2253
2360
2288
2290
2272
2267
2267
2330
2248
2307
2270
2270
2243
2217
2181
2221
2205
2234
2141
2151
2163
2188
2136
2173
2195
2165
2227
2154
2182
2204
2212
2216
2161
2143
2089
2103
2068
2056
2117
2085
2109
2104
2105
2080
2155
2079
2092
2070
2086
2102
2101
2134
2072
2085
2030
2116
2064
2064
2003
2015
1998
2004
1941
1976
2012
2011
2038
2033
2005
2029
2043
2025
2036
2043
2019
2070
1976
2004
1977
1976
1940
2003
2008
2011
1952
1995
1919
1938
1911
1949
1979
1953
1988
1912
1902
1895
1909
1954
1964
1992
1972
1965
1983
2020
1938
1914
1937
1907
1887
1882
1848
1913
1897
1887
1866
1845
1887
1858
1874
1801
1778
1771
1804
1770
1802
1815
1787
1799
1757
1822
1842
1848
1862
1827
1811
1806
1804
1773
1818
1802
1832
1802
1792
1801
1831
1833
1836
1820
1833
1828
1919
1833
1914
1879
1860
1824
1858
1799
1857
1834
1834
1828
1835
1899
1870
1881
1868
1891
1867
1870
1862
1882
1854
1832
1866
1837
1824
1835
1844
1833
1889
1828
1798
1795
1798
1820
1847
1834
1899
1867
1857
1867
1795
1845
1846
1817
1788
1786
1768
1751
1764
1754
1766
1772
1771
1747
1763
1680
1703
1679
1676
1681
1652
1658
1618
1631
1624
1615
1554
1583
1581
1602
1605
1612
1607
1650
1638
1672
1696
1719
1696
1723
1701
1740
1696
1711
1691
1734
1712
1716
1709
1695
1685
1662
1661
1666
1685
1686
1738
1682
1723
1737
1721
1751
1761
1815
1823
1767
1809
1782
1784
1804
1778
1791
1747
1764
1704
1731
1693
1712
1687
1700
1712
1742
1720
1741
1719
1684
1672
1676
1659
1699
1641
1665
1662
1702
1692
1666
1705
1699
1731
1723
1700
1692
1670
1653
1649
1673
1715
1730
1757
1754
1731
1782
1701
1750
1710
1718
1654
1664
1631
1640
1633
1671
1649
1644
1662
1626
1674
1669
1678
1645
1682
1603
1614
1635
1635
1605
1576
1545
1550
1569
1549
1579
1569
1602
1576
1591
1550
1593
1570
1579
1543
1555
1564
1579
1598
1570
1497
1563
1521
1504
1523
1506
1463
1491
1502
1536
1514
1528
1534
1538
1524
1503
1509
1504
1481
1529
1523
1516
1525
1525
1517
1490
1509
1513
1522
1518
1511
1517
1533
1558
1558
1563
1565
