12098
13776
11801
11453
10936
10646
10109
9946
9367
9300
8839
8608
8369
8280
8030
8018
7692
7541
7371
7248
6964
6853
6732
6621
6560
6264
6373
6151
6163
6078
6149
5971
5956
5846
5892
5679
5724
5644
5588
5405
5382
5285
5331
5235
5369
5102
5044
4945
4967
4976
4903
4903
4885
4824
4729
4761
4723
4722
4720
4736
4664
4626
4492
4495
4441
4423
4356
4287
4338
4283
4304
4246
4224
4252
4296
4271
4282
4107
4108
3946
4018
3933
3916
3849
3855
3878
3761
3712
3796
3743
3621
3587
3698
3574
3702
3675
3580
3533
3478
3404
3375
3450
3453
3337
3344
3338
3267
3349
3251
3357
3323
3385
3397
3367
3427
3428
3418
3392
3377
3376
3381
3382
3369
3387
3353
3393
3394
3353
3372
3312
3323
3274
3232
3152
3280
3162
3213
3186
3166
3158
3197
3207
3233
3176
3084
3073
3066
3031
3049
3049
3049
2964
2977
2905
2923
2875
2852
2784
2864
2805
2779
2766
2789
2756
2831
2874
2870
2972
2967
3040
3038
3026
3038
3042
2963
3041
3046
3106
3063
3073
3056
3069
3055
3023
3075
3026
2989
3013
3013
3098
3099
3161
3172
3161
3178
3100
3058
3083
3063
3090
3121
3049
3040
3052
3006
3006
3025
2957
3023
2881
2890
2779
2745
2803
2775
2839
2730
2792
2653
2668
2610
2618
2590
2616
2614
2552
2642
2637
2581
2668
2556
2656
2630
2655
2724
2657
2741
2676
2636
2672
2629
2647
2564
2615
2668
2671
2736
2684
2700
2669
2721
2761
2768
2737
2675
2688
2672
2607
2558
2494
2533
2474
2556
2528
2514
2534
2550
2519
2557
2505
2533
2466
2479
2446
2453
2464
2498
2476
2473
2472
2434
2469
2500
2545
2543
2608
2601
2633
2662
2667
2612
2642
2572
2630
2661
2741
2772
2796
2893
2785
2823
2793
2786
2845
2813
2788
2834
2667
2779
2753
2725
2741
2717
2714
2789
2792
2783
2770
2726
2740
2711
2710
2729
2724
2669
2681
2655
2639
2615
2576
2590
2612
2642
2626
2612
2627
2626
2650
2590
2605
2595
2624
2623
2646
2611
2653
2660
2697
2694
2677
2701
2653
2601
2531
2511
2536
2541
2569
2528
2591
2540
2603
2617
2656
2639
2632
2634
2757
2678
2682
2648
2687
2678
2669
2587
2584
2588
2560
2500
2580
2484
2553
2491
2515
2505
2540
2563
2492
2506
2488
2458
2463
2424
2480
2439
2441
2418
2522
2383
2450
2405
2372
2387
2401
2453
2472
2471
2454
2420
2437
2478
2458
2418
2439
2393
2463
2371
2446
2416
2405
2425
2362
2320
2375
2354
2408
2319
2447
2395
2408
2394
2411
2442
2454
2466
2406
2366
2299
2292
2265
2280
2272
2285
2276
2248
2258
2278
2293
2309
2285
2251
2295
2253
2215
2231
2229
2335
2227
2293
2257
2289
2323
2356
2307
2273
2265
2315
2251
2247
2228
2221
2281
2277
2241
2246
2303
2239
2288
2256
2181
2156
2133
2172
2201
2197
2180
2210
2232
2230
2243
2285
2203
2254
2234
2279
2254
2290
2285
2313
2292
2306
2260
2311
2266
2252
2196
2195
2188
2252
2232
2307
2269
2313
2249
2246
2255
2273
2326
2294
2312
2363
2346
2329
2359
2330
2336
2332
2367
2368
2314
2276
2334
2319
2347
2292
2290
2283
2241
2228
2173
2211
2219
2229
2220
2231
2163
2270
2151
2167
2162
2123
2180
2131
2141
2199
2101
2182
2085
2121
2059
2091
2090
2099
2122
2080
2124
2037
2040
1997
2048
2054
2021
2028
2062
2132
2109
2205
2176
2154
2170
2196
2109
2133
2131
2148
2152
2102
2211
2114
2151
2107
2051
2137
2099
2115
2096
2100
2080
2072
2067
2089
2025
2032
2003
2083
2026
2031
1979
1993
1982
1981
1946
2003
1991
1976
1951
1944
1974
1968
2051
1988
2057
2022
2046
2009
2038
1987
2079
2000
1998
1972
1916
1897
1909
1892
1823
1837
1824
1865
1874
1830
1876
1845
1831
1842
1856
1873
1913
1896
1908
1902
1947
1969
2003
1975
2015
2001
2054
2047
2089
2034
2061
2071
2069
2038
2060
2036
2090
2037
2097
2053
2068
2114
2117
2096
2129
2078
2169
2118
2200
2147
2144
2138
2140
2143
2089
2057
2034
1961
1944
1956
1892
1915
1885
1899
1907
1920
1942
1951
1949
2015
1999
2014
1988
2001
2002
1975
1961
1890
1962
1915
1945
1941
1911
1960
1932
1894
1896
1884
1893
1880
1924
1929
1866
1857
1864
1849
1890
1897
1970
1957
1982
1977
2013
1952
2006
1953
1979
1880
1870
1840
1896
1876
1908
1938
1887
1959
1963
1971
2010
1979
2024
1968
1975
1981
1974
1964
1944
1930
1978
1919
1992
1953
2011
1991
2056
1973
2006
2007
2024
2030
2064
2025
2049
2042
2004
2025
2056
2071
2101
2055
2132
2098
2120
2089
2059
2074
2052
2024
2077
1995
2043
1999
1945
1961
1930
1975
1974
2008
1987
1999
1966
1953
1922
1942
1897
1911
1849
1858
1858
1882
1841
1890
1826
1816
1816
1794
1807
1800
1852
1836
1817
1801
1816
1822
1851
1839
1917
1878
1908
1907
1946
1921
1918
1950
1974
1942
1982
1978
1983
1982
2005
2001
2049
2004
2074
2090
2048
2147
2088
2123
2052
2045
2022
2051
2032
2023
1978
1947
1959
1979
2048
2051
2041
2034
1964
2012
1960
1938
1981
1948
1937
1976
1962
1998
1956
1991
2000
1925
1956
1954
1947
1997
1938
1962
1950
1973
1975
1978
1954
1943
1973
1924
1947
1934
1968
1965
1933
1980
1961
1965
1897
1909
1879
1921
1914
1888
1901
1879
1934
1903
1910
1939
1918
1933
1940
1979
1946
1945
1943
1982
1990
2025
2004
1980
1991
2020
1965
1992
1933
1928
1873
1893
1843
1881
1852
1849
1842
1849
1883
1901
1917
1919
1922
1967
1991
1984
2010
1975
2064
2026
2063
2040
2055
2069
2042
2032
1963
1947
1941
1916
1923
1913
1906
1905
2013
1925
1995
2010
2020
1999
1972
1971
2005
1983
1991
2004
2010
1947
1956
1908
1968
1890
1905
1832
1838
1851
1884
1844
1822
1781
1788
1785
1782
1793
1803
1759
1767
1766
1770
