12078
13611
11719
11500
11135
10630
10068
9875
9549
9104
8845
8623
8404
8374
8000
7908
7641
7558
7134
7232
6927
6973
6731
6515
6440
6247
6305
6109
6099
5888
5848
5936
5765
5612
5687
5568
5515
5463
5489
5400
5411
5407
5290
5378
5192
5157
5116
5113
5112
5162
5142
5120
5080
4978
4990
4961
4979
4997
4947
4996
4774
4857
4863
4900
4945
4864
4878
4877
4842
4737
4659
4672
4598
4523
4564
4499
4486
4433
4443
4446
4269
4293
4186
4110
4071
3959
4042
3921
3989
3874
3803
3768
3696
3680
3671
3711
3638
3695
3713
3751
3748
3749
3695
3708
3779
3884
3819
3753
3787
3765
3800
3623
3669
3714
3690
3646
3602
3556
3521
3610
3510
3553
3551
3508
3578
3445
3566
3504
3604
3526
3517
3537
3595
3652
3537
3530
3449
3466
3513
3477
3530
3403
3428
3323
3288
3327
3291
3222
3237
3288
3242
3319
3295
3333
3266
3265
3303
3263
3302
3202
3290
3220
3225
3200
3170
3150
3105
3183
3208
3170
3170
3180
3110
3083
3148
3089
3051
3054
3107
3074
3103
3079
3043
3096
3069
3034
2933
2956
2906
2891
2894
2848
2895
2821
2855
2926
2915
2994
2929
2957
2846
2864
2861
2827
2818
2747
2800
2756
2773
2730
2669
2678
2723
2705
2685
2741
2705
2701
2643
2678
2596
2525
2548
2524
2486
2487
2512
2483
2494
2449
2457
2480
2492
2529
2461
2494
2484
2499
2493
2595
2511
2528
2512
2503
2555
2556
2497
2463
2477
2516
2461
2524
2458
2460
2444
2489
2457
2455
2516
2501
2514
2393
2453
2377
2449
2378
2382
2291
2357
2294
2348
2328
2344
2309
2304
2298
2365
2373
2387
2386
2348
2426
2453
2435
2481
2480
2436
2457
2393
2400
2365
2310
2315
2331
2367
2381
2399
2459
2481
2535
2524
2492
2506
2486
2568
2575
2639
2596
2615
2622
2626
2640
2616
2653
2636
2640
2577
2635
2602
2545
2570
2520
2549
2558
2498
2592
2521
2485
2482
2541
2521
2514
2509
2459
2457
2465
2480
2549
2509
2536
2527
2521
2536
2549
2604
2580
2539
2513
2493
2427
2462
2524
2491
2504
2440
2416
2417
2405
2434
2453
2447
2427
2458
2533
2519
2552
2585
2507
2537
2491
2455
2393
2394
2411
2444
2416
2366
2381
2365
2326
2380
2410
2353
2404
2353
2301
2256
2244
2302
2249
2284
2269
2267
2310
2306
2386
2382
2382
2377
2394
2380
2287
2308
2296
2360
2338
2302
2308
2306
2415
2424
2469
2404
2440
2421
2439
2447
2469
2550
2556
2576
2602
2571
2551
2534
2579
2458
2453
2480
2431
2496
2468
2477
2473
2505
2457
2542
2493
2602
2475
2516
2438
2513
2471
2524
2516
2575
2470
2550
2460
2561
2540
2425
2443
2434
2413
2426
2417
2371
2386
2364
2389
2447
2384
2395
2366
2342
2438
2387
2411
2403
2384
2380
2366
2387
2378
2374
2343
2361
2381
2403
2427
2559
2505
2534
2493
2466
2515
2550
2497
2493
2545
2473
2482
2414
2457
2429
2434
2499
2433
2432
2425
2425
2434
2411
2384
2482
2433
2433
2481
2494
2526
2533
2555
2490
2450
2469
2409
2439
2451
2411
2376
2391
2372
2336
2396
2400
2405
2471
2528
2545
2521
2547
2599
2674
2651
2629
2681
2743
2726
2666
2718
2656
2660
2699
2644
2622
2607
2604
2590
2619
2612
2629
2582
2637
2642
2652
2678
2696
2680
2638
2707
2641
2677
2666
2696
2687
2629
2674
2583
2600
2558
2560
2537
2533
2525
2610
2530
2537
2469
2462
2507
2507
2481
2493
2490
2509
2450
2469
2477
2479
2455
2471
2513
2565
2531
2557
2491
2476
2504
2484
2399
2357
2406
2451
2381
2464
2434
2503
2475
2432
2447
2471
2453
2498
2438
2412
2389
2409
2352
2406
2413
2376
2444
2370
2458
2431
2503
2397
2506
2490
2482
2460
2438
2441
2423
2454
2481
2379
2372
2333
2351
2273
2320
2317
2281
2351
2312
2285
2248
2260
2247
2252
2254
2276
2212
2158
2196
2150
2199
2150
2171
2125
2101
2056
2054
2098
2093
2082
2131
2073
2085
2007
2055
2033
2052
2020
2048
2030
2014
2008
1970
1926
1955
1970
2053
2035
2063
2050
2096
2132
2066
2094
2115
2031
2019
1965
2030
2010
2052
2017
2117
2038
2113
2112
2147
2158
2196
2199
2237
2228
2204
2137
2189
2141
2201
2192
2233
2194
2168
2107
2109
2100
2109
2111
2134
2095
2133
2127
2124
2075
2105
2041
2054
2045
2043
2086
2005
1993
2003
2022
2025
2056
2057
2040
2034
2086
2115
2149
2185
2178
2185
2198
2196
2152
2146
2075
2146
2200
2216
2156
2134
2070
2063
2090
2051
2071
2076
2142
2075
2150
2116
2122
2076
2111
2061
2148
2097
2158
2091
2092
2079
2117
2089
2053
2059
2097
2184
2108
2066
2075
2037
2081
2066
2063
2005
2028
2011
2036
1999
1982
2006
1940
1930
1919
1898
1924
1860
1878
1816
1864
1807
1821
1795
1794
1768
1809
1804
1804
1779
1765
1769
1761
1775
1813
1808
1824
1816
1776
1754
1749
1730
1742
1772
1722
1753
1749
1775
1760
1831
1781
1787
1779
1805
1756
1824
1790
1822
1839
1790
1791
1804
1801
1770
1802
1741
1769
1733
1771
1793
1778
1828
1817
1862
1822
1846
1851
1868
1832
1881
1840
1851
1807
1802
1823
1865
1842
1817
1812
1816
1813
1814
1831
1804
1804
1823
1798
1800
1774
1782
1790
1727
1730
1660
1699
1708
1718
1709
1714
1722
1642
1610
1654
1583
1634
1581
1574
1557
1529
1549
1522
1508
1517
1475
1454
1470
1479
1521
1537
1542
1529
1531
1511
1515
1518
1524
1537
1525
1557
1547
1489
1458
1448
1449
1476
1478
1503
1506
1500
1486
1483
1519
1489
1514
1523
1523
1519
1488
1488
1468
1482
1505
1519
1512
1544
1556
1560
1577
1566
1546
1499
1508
1481
1536
1506
1536
1469
1503
1449
1456
1451
1472
1467
1489
1482
1482
1438
1466
1443
1419
1425
1407
1421
1419
1427
1455
1452
1466
1516
1491
1516
1485
1505
1488
1480
1467
1483
1526
1519
1568
