11856
13459
11698
11450
10750
10327
9989
9851
9459
9086
8833
8536
8431
8159
8044
7975
8019
7722
7630
7409
7412
7317
7196
6980
6921
6627
6479
6236
6261
6016
5950
5771
5811
5761
5698
5623
5669
5448
5459
5412
5311
5314
5225
5234
5162
5267
5248
5396
5177
5300
5158
5130
5138
5072
5125
5040
4965
4820
4895
4782
4720
4568
4630
4569
4568
4561
4566
4581
4676
4646
4693
4719
4720
4653
4720
4612
4664
4595
4579
4497
4396
4366
4402
4263
4281
4285
4194
4127
4147
4019
4050
4084
4038
4032
3977
3919
3860
3809
3774
3745
3737
3731
3702
3701
3737
3702
3788
3690
3753
3658
3747
3710
3725
3605
3618
3593
3615
3611
3599
3552
3545
3592
3447
3470
3412
3374
3453
3381
3452
3369
3494
3372
3372
3300
3388
3377
3408
3438
3459
3465
3505
3463
3451
3368
3394
3335
3331
3333
3340
3374
3388
3386
3366
3344
3381
3409
3475
3536
3426
3449
3433
3473
3399
3442
3378
3364
3359
3338
3328
3311
3302
3353
3313
3302
3319
3322
3402
3324
3310
3255
3255
3172
3176
3092
3081
3048
2988
3041
2986
3093
3052
3111
3019
3035
2979
3070
3001
3069
3003
3097
2994
3052
2944
2846
2838
2923
2888
2972
2858
2853
2807
2780
2727
2751
2823
2827
2854
2898
2865
2916
2891
2852
2849
2837
2755
2835
2782
2846
2815
2783
2711
2766
2691
2717
2740
2729
2776
2796
2779
2725
2791
2697
2774
2712
2742
2756
2723
2751
2771
2731
2698
2744
2818
2844
2852
2819
2842
2825
2837
2834
2780
2784
2697
2668
2663
2697
2684
2736
2712
2737
2701
2720
2716
2704
2720
2739
2723
2780
2795
2824
2749
2764
2734
2728
2684
2688
2627
2590
2572
2543
2596
2548
2578
2578
2604
2516
2488
2524
2516
2486
2481
2512
2482
2479
2546
2560
2545
2554
2605
2600
2557
2547
2445
2529
2385
2423
2391
2349
2327
2360
2387
2403
2405
2430
2410
2434
2428
2454
2407
2497
2415
2439
2398
2397
2449
2427
2483
2477
2535
2478
2578
2497
2504
2526
2595
2487
2560
2512
2504
2409
2415
2437
2449
2406
2494
2570
2488
2434
2462
2429
2474
2407
2513
2467
2480
2473
2496
2539
2472
2498
2464
2448
2438
2482
2453
2496
2417
2468
2510
2531
2553
2614
2580
2523
2584
2478
2521
2513
2598
2555
2636
2616
2644
2664
2703
2686
2659
2672
2624
2628
2597
2534
2576
2548
2590
2515
2532
2519
2564
2597
2624
2557
2493
2554
2481
2495
2477
2537
2449
2477
2473
2390
2417
2380
2374
2399
2329
2379
2350
2468
2411
2438
2451
2433
2473
2517
2540
2462
2403
2393
2370
2347
2364
2304
2311
2269
2310
2314
2335
2315
2310
2357
2350
2364
2371
2409
2375
2400
2352
2358
2318
2275
2273
2214
2293
2235
2261
2254
2277
2245
2192
2187
2172
2151
2139
2125
2091
2166
2157
2138
2192
2211
2142
2186
2157
2166
2146
2198
2213
2157
2256
2190
2286
2212
2262
2146
2206
2128
2186
2180
2223
2262
2219
2224
2243
2241
2298
2314
2302
2341
2320
2325
2315
2358
2292
2262
2260
2222
2246
2188
2265
2213
2261
2304
2226
2245
2251
2318
2253
2300
2319
2250
2233
2249
2203
2186
2208
2180
2215
2221
2204
2216
2156
2195
2189
2120
2120
2102
2124
2083
2136
2092
2083
2153
2173
2194
2142
2151
2151
2142
2112
2138
2153
2137
2136
2185
2164
2165
2146
2112
2177
2166
2213
2157
2193
2140
2147
2132
2101
2050
2019
2109
2051
2098
2040
2056
2075
2055
2084
2092
2076
2105
2139
2122
2131
2137
2129
2142
2046
2047
1995
2044
2027
2059
2065
2034
2107
2103
2065
2153
2082
2132
2058
2071
2079
2110
2047
2097
2070
2071
2052
2018
1997
1946
1978
1905
1910
1903
1970
1958
1973
1954
1976
1963
1996
1928
1939
1981
1950
1967
1926
1995
1972
1999
1957
2001
1946
1944
1934
1915
1904
1906
1926
1960
1958
1976
1925
1895
1914
1925
1925
1895
1948
1912
1967
1936
1961
1971
1983
1952
1975
1957
1924
1931
1862
1876
1864
1892
1884
1818
1829
1795
1767
1791
1848
1829
1849
1821
1808
1861
1851
1887
1835
1879
1858
1852
1817
1852
1878
1810
1849
1817
1870
1827
1880
1893
1852
1859
1851
1841
1876
1858
1875
1825
1854
1873
1899
1861
1827
1884
1868
1881
1920
1875
1923
1876
1896
1855
1838
1819
1838
1893
1867
1869
1849
1852
1866
1886
1832
1870
1858
1878
1900
1901
1960
1909
1958
1968
1966
1919
1948
1900
1882
1907
1837
1861
1819
1819
1817
1834
1838
1812
1839
1834
1857
1869
1871
1866
1850
1837
1835
1823
1819
1822
1777
1841
1781
1772
1773
1789
1792
1805
1761
1818
1831
1838
1831
1821
1831
1819
1815
1865
1849
1890
1910
1910
1946
1921
1890
1908
1931
1937
1968
1899
1966
1952
1979
1954
2012
1944
1993
1895
1973
1970
2032
1987
1993
2008
2021
1985
2040
1986
2027
2036
1967
2053
1956
2004
1968
1970
1968
1936
1948
1913
1944
1901
1936
1886
1883
1873
1889
1912
1935
1892
1927
1898
1956
1846
1836
1810
1871
1811
1890
1856
1888
1926
1901
1932
1929
1898
1927
1945
1910
1967
1922
1975
1936
1987
1924
1976
1901
1919
1933
1921
1985
1963
1916
1908
1882
1846
1876
1862
1879
1862
1843
1884
1882
1869
1898
1920
1926
2005
1997
2042
2034
2072
2047
2098
2044
2078
2048
2073
1994
2021
2020
2026
1995
1998
2010
2003
2042
1991
2003
2002
2016
2021
1989
2018
2005
1990
1931
1940
1899
1976
1929
2003
1966
2038
2017
1984
1968
1916
1947
1930
1957
1949
1924
1932
1959
1952
1984
2000
2043
2047
2069
2080
2089
2081
1986
2044
2043
2021
2065
2055
2092
2023
2018
1977
1993
2004
1981
2012
1940
1956
1943
1964
1938
1946
1943
1931
1906
1951
1899
1910
1880
1935
1901
1911
1925
1897
1897
1860
1880
1844
1804
1784
1829
1806
1779
1760
1796
1837
1798
1794
1791
1829
1883
1829
1831
1765
