11990
13610
11345
11253
10732
10368
10034
9658
9358
9036
8708
8466
8291
8038
7819
7650
7434
7270
7056
7064
6881
6834
6668
6741
6383
6480
6368
6276
6113
6044
5964
5969
5821
5678
5685
5476
5460
5377
5276
5244
5241
5207
5199
5071
5032
4915
4859
4765
4749
4724
4717
4630
4643
4610
4514
4484
4482
4343
4315
4273
4279
4203
4189
4115
4142
4077
4115
4095
4143
4064
4092
4079
4126
4026
4021
4083
3944
3945
3945
4021
3856
3965
3930
3920
3873
3835
3815
3808
3890
3883
3935
3805
3795
3820
3752
3749
3683
3776
3772
3766
3694
3673
3637
3541
3546
3511
3563
3485
3417
3480
3370
3460
3380
3471
3401
3529
3444
3519
3478
3498
3453
3453
3467
3481
3461
3419
3438
3373
3387
3352
3315
3192
3166
3162
3146
3147
3173
3208
3233
3131
3136
3111
3073
3110
3073
3014
2988
2951
2922
2846
2878
2819
2895
2847
2895
2837
2968
2899
2962
2917
2922
2916
2951
2937
3005
3032
2990
3014
3026
2942
3003
2992
2974
3008
3032
3016
3067
3005
3042
3062
3026
2997
2952
2967
2968
2865
2890
2834
2748
2759
2746
2683
2696
2711
2742
2698
2708
2728
2753
2846
2788
2846
2794
2755
2746
2673
2597
2594
2603
2564
2502
2469
2470
2506
2492
2598
2562
2538
2597
2524
2563
2565
2508
2531
2468
2449
2451
2420
2457
2488
2524
2483
2497
2527
2443
2475
2442
2489
2436
2512
2512
2537
2508
2443
2488
2438
2435
2498
2443
2485
2485
2487
2486
2421
2428
2437
2469
2433
2441
2492
2526
2502
2584
2574
2596
2660
2652
2718
2705
2766
2742
2746
2757
2843
2726
2801
2748
2700
2746
2774
2748
2823
2829
2789
2809
2738
2769
2783
2809
2878
2813
2776
2774
2842
2797
2724
2685
2709
2740
2789
2801
2768
2759
2676
2656
2636
2642
2616
2634
2563
2557
2600
2488
2540
2522
2538
2525
2584
2472
2547
2512
2516
2550
2512
2551
2438
2474
2453
2424
2478
2491
2476
2485
2486
2470
2452
2379
2381
2424
2433
2401
2400
2438
2441
2349
2375
2385
2367
2358
2351
2348
2287
2322
2328
2365
2413
2407
2423
2428
2386
2421
2417
2411
2461
2432
2427
2434
2417
2406
2451
2405
2416
2481
2488
2495
2504
2480
2464
2438
2419
2335
2348
2313
2342
2279
2303
2252
2300
2224
2247
2184
2196
2204
2186
2195
2169
2142
2086
2121
2056
2082
2125
2088
2066
2102
2071
2118
2104
2164
2112
2127
2111
2149
2151
2166
2174
2146
2121
2114
2120
2144
2111
2166
2100
2215
2157
2133
2177
2127
2147
2130
2196
2181
2226
2201
2195
2275
2271
2365
2347
2317
2261
2261
2314
2297
2251
2270
2265
2231
2264
2183
2221
2229
2204
2233
2240
2208
2245
2172
2223
2194
2228
2185
2239
2167
2227
2218
2199
2177
2178
2099
2072
2070
2091
2113
2028
2046
2054
2036
2017
2056
2036
2071
2059
2144
2106
2148
2059
2115
2054
2134
2117
2078
2061
2042
2028
2016
2004
1977
1969
1983
1965
1957
1980
2057
2033
2042
2054
2035
2026
2026
1997
2019
2049
2035
2102
2086
2088
2120
2086
2112
2204
2198
2214
2205
2237
2314
2251
2180
2241
2294
2191
2199
2233
2145
2155
2138
2171
2088
2095
2084
2164
2187
2197
2232
2240
2237
2214
2191
2168
2202
2208
2226
2194
2228
2186
2169
2173
2175
2218
2183
2162
2153
2181
2199
2186
2181
2164
2136
2203
2092
2147
2127
2166
2169
2188
2103
2103
2072
2050
2059
2007
2048
2063
2115
2064
2060
2061
2043
2079
1990
2055
2032
2079
2010
2039
2017
2075
2044
1970
1930
1924
1942
1918
1959
1894
1893
1829
1809
1799
1771
1722
1714
1746
1713
1704
1714
1769
1740
1775
1743
1739
1758
1736
1729
1702
1712
1679
1664
1726
1728
1723
1722
1738
1750
1742
1723
1724
1686
1694
1663
1687
1702
1694
1710
1718
1669
1680
1632
1610
1644
1613
1609
1630
1655
1638
1619
1618
1591
1589
1561
1581
1525
1524
1553
1539
1556
1518
1515
1498
1517
1525
1521
1513
1500
1504
1522
1531
1553
1543
1503
1493
1497
1463
1483
1483
1510
1507
1481
1482
1444
1450
1463
1475
1423
1461
1410
1437
1442
1433
1445
1457
1465
1459
1418
1457
1462
1449
1453
1453
1437
1413
1429
1436
1444
1420
1416
1386
1368
1325
1349
1332
1322
1305
1294
1290
1315
1309
1305
1329
1346
1325
1309
1312
1323
1322
1324
1334
1325
1326
1311
1323
1326
1363
1359
1342
1313
1314
1305
1323
1320
1307
1320
1324
1335
1325
1310
1320
1290
1316
1303
1308
1319
1294
1286
1269
1286
1267
1298
1272
1285
1263
1261
1278
1261
1273
1292
1297
1310
1320
1322
1320
1341
1327
1359
1327
1365
1354
1375
1349
1367
1348
1370
1373
1385
1350
1340
1344
1332
1348
1321
1354
1344
1354
1353
1325
1327
1337
1350
1354
1357
1352
1356
1374
1344
1366
1394
1365
1379
1368
1374
1375
1369
1377
1399
1405
1416
1441
1428
1453
1471
1434
1454
1444
1432
1435
1435
1457
1389
1413
1364
1397
1388
1359
1368
1352
1372
1351
1381
1358
1399
1351
1388
1363
1389
1370
1352
1353
1365
1337
1342
1321
1319
1316
1325
1352
1307
1337
1293
1299
1297
1301
1305
1309
1303
1309
1317
1347
1314
1333
1329
1341
1328
1353
1342
1330
1309
1322
1340
1332
1318
1322
1312
1306
1307
1313
1328
1292
1295
1275
1268
1261
1286
1302
1296
1302
1281
1291
1270
1281
1278
1293
1317
1307
1321
1290
1290
1273
1276
1271
1270
1270
1285
1285
1293
1314
1311
1337
1362
1378
1390
1353
1372
1359
1352
1372
1346
1366
1349
1367
1332
1338
1300
1315
1283
1297
1256
1269
1265
1278
1268
1287
1285
1313
1304
1321
1293
1302
1320
1310
1309
1309
1303
1295
1302
1286
1292
1285
1273
1266
1287
1275
1272
1286
1286
1281
1285
1286
1278
1298
1288
1268
1257
1271
1271
1253
1268
1236
1247
1239
1252
1255
1264
1266
1288
1269
1244
1247
1248
1253
