11985
13516
11577
11457
10751
10328
9965
9886
9360
9287
8777
8518
8358
8360
8157
7997
7696
7674
7369
7278
7107
7002
6730
6696
6552
6417
6357
6333
6152
6195
6043
6007
5970
5991
5840
5717
5649
5674
5542
5524
5368
5333
5233
5231
5174
5241
5166
5144
5097
5006
4902
4798
4767
4787
4754
4791
4787
4744
4670
4739
4698
4606
4505
4505
4532
4401
4478
4530
4551
4628
4610
4613
4539
4513
4555
4482
4594
4552
4604
4529
4428
4295
4398
4272
4166
4068
4061
3991
3986
3961
3994
4000
3859
3884
3829
3870
3769
3757
3645
3592
3597
3538
3537
3598
3485
3524
3514
3572
3469
3523
3410
3458
3456
3379
3348
3401
3429
3463
3449
3558
3477
3477
3456
3449
3484
3438
3514
3530
3564
3502
3582
3628
3584
3612
3594
3585
3558
3570
3573
3568
3475
3517
3484
3497
3367
3479
3427
3559
3453
3448
3552
3587
3601
3564
3519
3546
3472
3465
3406
3341
3396
3419
3343
3378
3302
3260
3285
3276
3279
3300
3314
3310
3359
3296
3280
3342
3326
3340
3389
3358
3358
3358
3429
3347
3405
3365
3440
3396
3406
3412
3386
3376
3370
3503
3452
3488
3548
3523
3442
3442
3392
3387
3288
3243
3178
3211
3118
3193
3192
3120
3099
3019
3047
2949
2990
2938
2855
2973
2926
2985
2933
2891
2922
2884
2879
2896
2875
2810
2812
2728
2676
2776
2712
2758
2704
2735
2758
2797
2803
2859
2852
2854
2837
2839
2766
2758
2711
2710
2702
2669
2659
2675
2720
2751
2753
2825
2788
2859
2800
2939
2791
2826
2817
2823
2834
2840
2770
2817
2748
2755
2719
2745
2747
2751
2732
2751
2846
2810
2823
2795
2757
2716
2687
2678
2690
2673
2672
2600
2559
2558
2603
2563
2505
2488
2525
2583
2548
2658
2585
2664
2656
2690
2674
2645
2598
2677
2676
2696
2627
2704
2601
2676
2605
2694
2616
2701
2664
2652
2684
2644
2706
2706
2763
2770
2816
2779
2740
2746
2802
2759
2809
2764
2798
2784
2743
2743
2736
2660
2606
2628
2640
2617
2634
2625
2658
2584
2542
2603
2544
2587
2542
2517
2560
2569
2538
2627
2564
2537
2587
2584
2593
2530
2587
2587
2559
2558
2458
2552
2464
2547
2574
2654
2617
2645
2600
2659
2669
2586
2599
2611
2565
2551
2587
2581
2559
2514
2599
2556
2615
2582
2627
2580
2658
2592
2594
2618
2603
2673
2627
2639
2611
2644
2624
2578
2594
2546
2544
2495
2503
2576
2590
2527
2519
2551
2556
2564
2606
2590
2622
2550
2637
2595
2601
2624
2656
2605
2643
2543
2546
2583
2538
2634
2592
2575
2530
2524
2543
2517
2514
2544
2469
2541
2505
2600
2566
2549
2586
2492
2502
2473
2497
2519
2489
2503
2550
2520
2491
2483
2561
2532
2533
2518
2503
2472
2433
2444
2427
2414
2388
2315
2416
2392
2454
2477
2397
2415
2381
2328
2356
2282
2296
2320
2335
2364
2344
2398
2379
2347
2365
2266
2318
2305
2291
2321
2377
2374
2302
2385
2336
2380
2354
2300
2282
2275
2298
2277
2322
2287
2310
2240
2262
2277
2251
2184
2191
2205
2244
2137
2205
2105
2211
2131
2105
2139
2101
2108
2140
2058
2113
2123
2133
2177
2186
2174
2220
2187
2180
2150
2199
2133
2177
2149
2180
2163
2180
2162
2200
2180
2269
2150
2206
2217
2235
2263
2205
2237
2215
2221
2206
2208
2167
2163
2118
2105
2113
2135
2069
2079
2021
1996
2038
2062
2096
2100
2130
2064
2082
2079
2125
2126
2150
2137
2170
2176
2231
2245
2192
2187
2136
2134
2098
2121
2180
2122
2127
2111
2073
2080
2067
2062
1993
2085
1982
2067
2021
2001
2018
2020
1948
1945
1890
1863
1856
1807
1836
1815
1911
1872
1910
1923
1915
1948
1940
1937
1954
1888
1889
1826
1842
1842
1888
1856
1879
1937
1942
1958
1956
1988
1965
2003
2016
2035
2006
1969
1995
2031
2042
1998
2080
2076
2156
2065
2100
2122
2196
2170
2131
2155
2040
2109
2075
2116
2120
2142
2119
2175
2141
2131
2113
2161
2138
2170
2122
2162
2117
2153
2137
2182
2081
2144
2041
2078
2060
2107
2055
2040
2088
2064
2069
2057
2107
2121
2085
2092
2051
2087
2046
2079
2029
2122
2076
2121
2094
2109
2130
2129
2157
2196
2210
2204
2178
2157
2166
2150
2230
2149
2171
2171
2153
2191
2151
2191
2134
2134
2136
2169
2200
2171
2163
2161
2204
2119
2126
2110
2082
2056
2062
2078
2031
2086
2094
2091
2112
2144
2153
2135
2108
2107
2099
2119
2119
2159
2135
2146
2155
2216
2195
2182
2157
2154
2153
2172
2096
2115
2112
2119
2151
2143
2144
2108
2093
2053
2043
2019
2015
2035
2043
2046
2071
2116
2097
2087
2106
2093
2184
2115
2199
2149
2202
2211
2270
2258
2251
2195
2258
2209
2239
2303
2306
2385
2395
2458
2482
2478
2436
2460
2435
2424
2360
2353
2362
2309
2316
2338
2398
2398
2408
2407
2368
2345
2399
2372
2426
2425
2479
2436
2410
2404
2461
2436
2467
2495
2538
2558
2566
2554
2574
2613
2526
2557
2545
2525
2484
2418
2446
2382
2348
2297
2260
2250
2255
2278
2283
2263
2304
2242
2234
2216
2237
2233
2198
2242
2244
2160
2215
2143
2178
2137
2140
2176
2170
2220
2146
2093
2096
2056
2037
1979
2002
1983
2027
1990
2027
2003
1994
2014
1988
1961
1934
1977
1966
1962
1966
1947
2001
1978
2011
2026
2052
2042
2044
2060
2040
2095
2098
2095
2080
2053
2092
2099
2107
2084
2090
2096
2076
2029
2079
2037
2063
1992
2019
2027
1986
1949
1943
1958
1937
1911
1904
1905
1897
1918
1883
1928
1932
1942
1958
1957
1958
1985
2002
1976
1968
1934
1970
1961
1997
1962
1964
1936
1937
1926
1931
1926
1918
1901
1957
1904
1937
1909
1897
1922
1921
1942
1913
1946
2020
2037
2016
1971
2001
1948
1987
1921
1955
1956
1985
1951
1931
1890
1908
1871
1886
1892
1854
1834
1890
1892
1894
1907
1937
1914
1917
1961
1960
1955
1945
1897
1880
1822
