12036
13747
11592
11465
10608
10074
9701
9440
9163
8804
8665
8197
7910
7643
7391
7308
7113
7021
6817
6621
6514
6429
6211
6294
6223
6120
6111
6091
5988
5870
5714
5672
5486
5462
5362
5312
5236
5262
5330
5125
5085
4998
5000
4991
4985
4993
4982
5050
5060
5056
4996
5043
5057
4958
5015
4898
4818
4809
4814
4792
4864
4695
4649
4666
4628
4590
4574
4614
4553
4545
4492
4461
4433
4462
4367
4532
4309
4404
4380
4223
4281
4229
4225
4181
4159
4130
4162
4131
4009
4045
4040
3967
3912
3909
3871
3796
3729
3815
3779
3935
3883
3920
3899
3838
3863
3910
3831
3857
3857
3888
4040
3870
3861
3908
3983
3892
3852
3756
3844
3783
3840
3748
3739
3638
3666
3568
3664
3625
3735
3522
3618
3524
3521
3594
3683
3616
3653
3671
3661
3740
3755
3704
3691
3758
3692
3619
3608
3571
3501
3537
3528
3576
3606
3644
3586
3655
3520
3570
3516
3527
3491
3498
3496
3395
3379
3345
3370
3363
3294
3294
3210
3292
3286
3359
3320
3280
3320
3269
3261
3103
3079
3032
3004
2989
2970
3018
2909
2963
2971
3009
3011
3097
3163
3165
3118
3103
3095
3016
3034
2989
2997
3000
3011
3015
3008
2979
2992
3023
3033
3016
3020
2919
2932
3001
3007
2999
2939
2983
2955
2971
2971
3002
2959
2981
2904
2941
2885
2872
2797
2823
2727
2780
2749
2802
2753
2715
2700
2739
2750
2688
2809
2764
2795
2783
2750
2766
2773
2732
2755
2703
2770
2713
2756
2694
2722
2680
2622
2621
2612
2605
2636
2590
2615
2646
2558
2629
2607
2650
2607
2580
2524
2473
2458
2449
2468
2476
2441
2508
2420
2451
2455
2444
2496
2492
2505
2556
2489
2497
2491
2559
2539
2550
2512
2599
2565
2592
2539
2552
2564
2619
2528
2531
2450
2482
2487
2434
2513
2505
2548
2559
2509
2484
2526
2485
2516
2441
2503
2438
2445
2452
2409
2461
2378
2375
2294
2337
2289
2327
2336
2371
2333
2390
2332
2331
2321
2325
2290
2217
2261
2245
2280
2273
2312
2345
2357
2262
2328
2269
2296
2302
2274
2227
2142
2146
2126
2144
2131
2113
2092
2096
2093
2156
2175
2177
2187
2213
2203
2239
2209
2231
2279
2193
2179
2127
2124
2082
2057
2071
2101
2145
2133
2096
2089
2062
2075
2066
2024
1971
1980
1971
1947
1942
1897
1918
1897
1938
1958
2015
2005
1991
2015
2061
2078
2040
2070
2054
2065
2073
2073
2001
2072
2001
2027
2011
1976
1979
2001
2000
2015
2049
2122
2114
2115
2112
2079
2136
2086
2080
2116
2056
2046
2028
2033
2053
2041
2018
2084
2017
2035
2005
2009
2019
2040
2055
2046
2032
2108
2118
2128
2189
2184
2243
2142
2113
2117
2195
2126
2192
2185
2206
2243
2204
2211
2149
2177
2212
2156
2138
2149
2174
2162
2144
2137
2096
2108
2085
2109
2130
2205
2171
2228
2235
2231
2204
2144
2221
2133
2188
2219
2244
2192
2199
2192
2264
2197
2251
2213
2268
2185
2217
2190
2236
2234
2227
2263
2262
2282
2275
2322
2275
2305
2237
2323
2222
2231
2234
2198
2246
2139
2128
2152
2157
2138
2116
2092
2090
2104
2072
2091
2066
2070
2031
1999
2014
1965
1945
1935
1944
1964
1958
1965
1979
1973
1956
1973
1996
2001
2021
2007
2083
2056
2130
2063
2115
2023
2108
2034
2095
2118
2098
2151
2146
2146
2159
2161
2199
2149
2203
2174
2227
2185
2191
2183
2164
2153
2143
2139
2128
2122
2190
2138
2193
2130
2107
2125
2122
2137
2137
2197
2202
2216
2184
2185
2102
2120
2116
2204
2110
2176
2177
2183
2176
2175
2120
2153
2172
2154
2118
2124
2145
2050
2077
2048
2049
2074
2067
2135
2176
2203
2130
2121
2085
2109
2161
2099
2163
2083
2105
2055
2048
2139
2136
2092
2072
2117
2024
2134
2063
2133
2112
2147
2095
2103
2063
2118
2106
2152
2153
2141
2089
2106
2123
2147
2156
2180
2226
2202
2236
2209
2196
2162
2242
2250
2269
2309
2270
2341
2296
2288
2297
2328
2324
2305
2256
2226
2214
2255
2193
2252
2180
2194
2174
2185
2150
2164
2095
2119
2104
2150
2155
2170
2130
2129
2158
2149
2152
2096
2141
2091
2099
2047
2060
2018
2010
1980
1970
1925
1915
1943
1929
1976
1995
2002
2014
2001
2016
2096
2077
2074
2083
2084
2134
2116
2150
2115
2105
2137
2142
2115
2117
2125
2086
2110
2056
2066
2051
2129
2117
2116
2165
2121
2123
2082
2115
2107
2070
2111
2090
2047
2058
2058
2063
2041
1992
2009
2054
2029
2004
1988
1999
2019
1996
2028
2009
1995
1957
2007
1969
1976
2016
1995
2065
2028
2010
2059
2056
2061
2048
2154
2107
2131
2203
2166
2132
2141
2155
2140
2192
2146
2107
2147
2131
2132
2181
2231
2259
2291
2318
2376
2421
2388
2398
2341
2331
2279
2272
2221
2238
2263
2233
2222
2226
2232
2274
2305
2323
2331
2340
2356
2314
2330
2345
2326
2279
2280
2274
2254
2201
2156
2217
2164
2189
2165
2117
2159
2086
2089
2078
2091
2099
2119
2069
2133
2097
2062
2061
2008
2006
2003
2012
2011
2026
2029
2010
2066
2041
2041
2029
2037
1936
1941
1986
1974
1983
1996
1941
1980
1968
1922
1919
1932
1950
1923
1961
1933
1942
1951
1933
1937
1946
1960
1960
1947
1946
1948
1964
1951
2027
1974
1965
1946
1974
1921
1979
1999
1928
1987
1947
1962
1999
1981
2001
2016
2076
2042
2091
2072
2058
2056
2057
2120
2072
2110
2087
2088
2077
2008
2033
2038
2054
2064
2079
2089
2081
2071
1977
1967
1999
1924
1967
1907
1882
1869
1926
1906
1896
1898
1902
1890
1899
1909
1929
1924
1918
1922
1930
1898
1878
1847
1832
1850
1894
1889
1922
1936
1992
1985
2019
2075
2075
2101
2149
2199
2129
2194
2166
2198
2184
2179
2139
2228
2185
2207
2209
2206
2194
2180
2162
2161
2211
2194
2252
2259
2292
2289
2291
2307
2296
2328
2307
2441
2353
2431
2338
2421
2392
2434
2439
2437
2398
