11979
13700
11732
11504
10840
10408
9761
9802
9185
8972
8623
8499
8258
7921
7797
7420
7266
7158
7009
6834
6802
6675
6617
6621
6317
6372
6272
6238
6104
6031
5999
5954
5840
5907
5718
5731
5539
5563
5558
5461
5376
5385
5322
5253
5180
5096
5092
4994
5076
4987
5199
5220
5156
5074
5110
5153
5116
5070
4916
4960
4933
4875
4831
4681
4643
4587
4573
4683
4659
4662
4611
4677
4653
4612
4525
4513
4491
4517
4317
4383
4323
4411
4354
4370
4393
4363
4508
4477
4594
4396
4478
4356
4255
4199
4157
4120
4149
4102
4002
4017
4042
4003
4062
3961
3892
3996
3939
3908
4022
3864
3920
3836
3865
3856
3825
3823
3808
3889
3910
3879
3880
3876
3945
3945
3996
4057
3992
4060
4008
4062
4028
3951
3921
3863
3734
3834
3866
3976
3911
3925
3914
3898
3883
3845
3738
3811
3731
3717
3710
3742
3664
3717
3691
3656
3721
3606
3739
3654
3641
3722
3777
3713
3742
3642
3636
3532
3657
3580
3544
3534
3581
3558
3622
3598
3647
3643
3637
3663
3666
3512
3559
3490
3506
3474
3425
3430
3402
3395
3303
3285
3259
3219
3186
3065
3154
3171
3147
3110
3117
3122
3159
3241
3234
3247
3280
3302
3329
3327
3304
3303
3331
3335
3314
3377
3433
3433
3385
3437
3438
3436
3458
3432
3466
3469
3496
3483
3485
3398
3346
3346
3196
3347
3207
3263
3242
3304
3359
3417
3305
3356
3380
3350
3384
3337
3395
3417
3424
3358
3331
3379
3387
3294
3345
3294
3211
3232
3283
3336
3271
3252
3216
3151
3182
3076
3081
3109
3043
3146
3156
3160
3206
3106
3127
3188
3152
3171
3149
3199
3117
3111
3136
3116
3107
3160
3139
3109
3147
3227
3163
3170
3179
3169
3176
3170
3055
3061
3037
3060
3086
3036
3071
3089
3106
3098
3137
3141
3093
3140
3131
3068
3053
3024
3066
3017
3024
3018
3005
2948
2963
2938
2914
2934
2936
2813
2802
2768
2849
2798
2890
2825
3008
2962
2947
2968
3043
2980
2962
2948
2860
2796
2731
2713
2691
2678
2783
2837
2811
2816
2765
2760
2787
2758
2801
2677
2737
2713
2668
2768
2595
2658
2639
2674
2579
2669
2667
2648
2584
2560
2616
2570
2618
2602
2708
2603
2646
2566
2616
2525
2600
2635
2604
2662
2710
2666
2687
2637
2736
2705
2754
2759
2716
2706
2654
2704
2647
2629
2646
2621
2587
2582
2637
2578
2596
2568
2609
2567
2633
2598
2587
2577
2600
2534
2535
2600
2533
2521
2549
2605
2562
2556
2526
2606
2591
2656
2623
2677
2686
2734
2739
2749
2667
2730
2688
2687
2671
2686
2624
2653
2635
2716
2676
2612
2584
2573
2545
2542
2463
2464
2504
2461
2409
2514
2419
2430
2448
2491
2476
2532
2503
2559
2565
2630
2620
2633
2686
2680
2705
2624
2634
2633
2550
2497
2538
2531
2459
2530
2503
2537
2606
2534
2566
2586
2551
2520
2542
2495
2478
2549
2519
2518
2539
2530
2502
2536
2501
2519
2499
2510
2523
2498
2506
2553
2506
2445
2471
2478
2416
2431
2470
2385
2476
2408
2439
2385
2493
2402
2397
2337
2346
2398
2406
2385
2389
2369
2370
2409
2418
2459
2449
2455
2420
2409
2426
2383
2429
2436
2420
2428
2422
2377
2433
2457
2435
2425
2412
2365
2383
2416
2381
2322
2370
2327
2271
2236
2244
2322
2356
2295
2321
2319
2345
2300
2338
2303
2280
2329
2319
2342
2303
2292
2184
2170
2150
2171
2202
2223
2211
2222
2198
2192
2190
2171
2221
2249
2217
2259
2249
2306
2225
2264
2177
2214
2204
2194
2199
2224
2220
2208
2242
2203
2205
2209
2232
2239
2243
2130
2128
2183
2196
2245
2157
2209
2179
2202
2179
2176
2221
2224
2187
2222
2221
2139
2158
2113
2112
2121
2111
2094
2112
2094
2076
2083
2079
2086
2092
2079
2030
2054
1998
2020
2026
2051
2004
2054
2053
2074
2074
2035
2046
2052
2100
2060
2015
2047
2001
1991
1945
1958
1939
1931
1965
1934
1917
1938
1893
1906
1870
1889
1877
1917
1896
1918
1917
1944
1925
1936
1926
1936
1938
1956
1924
1921
1932
1947
1860
1868
1868
1874
1858
1913
1898
1928
1873
1882
1904
1878
1894
1830
1801
1780
1772
1773
1809
1793
1814
1856
1841
1872
1867
1901
1843
1858
1845
1816
1816
1810
1813
1801
1849
1827
1857
1890
1835
1837
1811
1849
1857
1814
1842
1859
1816
1872
1862
1861
1833
1848
1820
1818
1820
1766
1788
1777
1760
1777
1767
1777
1776
1871
1808
1808
1815
1809
1829
1769
1771
1755
1751
1769
1746
1799
1780
1785
1746
1766
1754
1720
1745
1749
1753
1763
1788
1811
1885
1843
1831
1831
1815
1858
1894
1858
1832
1836
1822
1848
1832
1796
1805
1794
1764
1795
1734
1775
1744
1765
1735
1736
1759
1738
1702
1767
1711
1754
1746
1736
1733
1705
1720
1721
1708
1734
1719
1715
1705
1731
1703
1682
1664
1699
1650
1654
1636
1654
1601
1575
1615
1580
1579
1636
1623
1649
1679
1677
1630
1625
1598
1650
1564
1567
1584
1547
1575
1586
1529
1557
1521
1561
1531
1545
1526
1498
1481
1476
1475
1461
1502
1459
1466
1442
1476
1436
1438
1457
1461
1464
1486
1510
1477
1495
1504
1497
1531
1532
1570
1535
1548
1585
1542
1524
1534
1581
1585
1567
1545
1524
1520
1495
1525
1523
1500
1517
1527
1538
1534
1517
1530
1583
1543
1542
1537
1507
1515
1512
1512
1519
1569
1491
1520
1519
1530
1531
1571
1568
1599
1622
1618
1614
1603
1590
1588
1580
1593
1610
1560
1573
1565
1583
1537
1565
1543
1539
1567
1563
1556
1555
1561
1572
1567
1530
1519
1532
1524
1530
1555
1596
1532
1532
1514
1530
1474
1484
1486
1477
1476
1483
1485
1465
1448
1453
1474
1462
1431
1441
1443
1471
1460
1424
1443
1430
1454
1467
1436
1441
1400
1407
1406
1395
1374
1384
1397
1414
1433
1441
1428
1452
1437
1421
1420
1419
1439
1420
1458
1453
1422
1427
1412
1412
1341
1355
1315
1344
