12047
13819
11613
11763
11001
10634
10121
9735
9538
9092
8994
8669
8566
8091
8036
7824
7756
7414
7304
6942
6864
6608
6590
6509
6337
6184
6205
5983
5994
5834
5733
5720
5756
5639
5729
5591
5492
5385
5340
5367
5327
5401
5245
5107
5003
5027
4955
5079
4872
4988
4838
4744
4648
4639
4662
4585
4577
4656
4503
4515
4515
4479
4469
4577
4501
4540
4540
4494
4424
4444
4436
4358
4328
4451
4467
4333
4403
4404
4404
4335
4321
4382
4294
4292
4159
4223
4179
4086
4073
4030
4000
3971
3885
3942
3828
3731
3753
3769
3898
3780
3835
3790
3807
3764
3799
3771
3742
3663
3661
3622
3605
3579
3561
3540
3501
3486
3499
3514
3479
3388
3454
3398
3425
3380
3483
3436
3476
3474
3431
3386
3315
3364
3259
3301
3278
3322
3239
3182
3116
3098
3088
3139
3161
3196
3150
3209
3197
3127
3122
3172
3121
3179
3164
3170
3178
3215
3243
3202
3151
3166
3167
3152
3083
3081
3071
3042
3010
3074
3069
3098
3011
3130
3083
3123
3084
3025
3004
3096
3081
3105
3149
3210
3180
3175
3100
3176
3131
3211
3176
3191
3193
3118
3170
3096
3094
3065
3157
3085
3096
3060
3074
3019
2990
3014
2950
2935
2894
2883
2906
2912
2916
2922
2968
2949
2968
2942
2959
2934
2852
2835
2758
2825
2749
2858
2845
2912
2808
2782
2732
2769
2744
2696
2729
2736
2784
2720
2694
2665
2673
2675
2710
2707
2685
2715
2712
2722
2716
2703
2705
2731
2749
2734
2696
2700
2736
2633
2679
2678
2579
2663
2658
2761
2725
2737
2635
2623
2606
2529
2526
2461
2456
2448
2420
2437
2362
2376
2354
2296
2291
2220
2202
2256
2249
2269
2300
2306
2359
2353
2362
2334
2330
2336
2287
2303
2288
2258
2237
2263
2267
2271
2219
2270
2226
2222
2262
2243
2214
2207
2204
2164
2116
2065
2055
2006
2050
1986
1961
1945
1925
1863
1892
1863
1811
1816
1819
1828
1845
1844
1833
1875
1869
1872
1854
1877
1922
1938
1968
1908
1985
1953
1910
1892
1933
1936
1983
1915
1897
1905
1909
1919
1990
1961
1965
1984
2039
2017
2044
2124
2086
2118
2081
2074
2034
2067
2017
2051
2075
2104
2112
2101
2084
2088
2054
2041
2029
2052
2048
2048
2060
2037
2039
2096
2032
2047
2015
2033
2027
2059
1957
1993
1953
2005
2023
2034
1980
2028
1975
1924
1887
1940
1902
1882
1862
1959
1843
1898
1870
1903
1901
1905
1931
1931
1985
1944
1934
1919
1970
1925
1892
1927
1877
1912
1934
1980
1993
1996
1976
1986
2018
2017
2030
1981
2009
1988
2045
1980
2029
2054
2028
2054
2093
2088
2048
2038
2047
2049
2017
2030
2072
2048
2003
1988
2002
1955
1980
1997
1997
2012
2002
2018
2003
1978
2042
2023
2062
2042
2103
2073
2083
2060
2113
2049
2090
2078
2066
2061
2039
2052
1986
2016
1942
1914
1922
1945
1978
1913
1864
1858
1887
1908
1875
1892
1862
1948
1906
1954
1920
1911
1922
1916
1889
1931
1894
1884
1871
1863
1871
1891
1852
1913
1869
1871
1887
1886
1895
1838
1880
1864
1798
1795
1827
1832
1803
1824
1834
1830
1819
1845
1839
1842
1809
1809
1770
1771
1779
1720
1747
1695
1688
1704
1690
1684
1694
1735
1703
1695
1704
1695
1678
1693
1722
1724
1741
1784
1787
1803
1818
1773
1786
1797
1796
1823
1811
1797
1777
1826
1788
1810
1808
1734
1755
1705
1714
1689
1726
1723
1773
1764
1770
1795
1822
1783
1817
1793
1846
1866
1872
1907
1866
1878
1857
1886
1804
1845
1839
1799
1788
1745
1729
1733
1698
1711
1732
1736
1723
1732
1731
1752
1762
1776
1748
1752
1715
1665
1709
1657
1694
1690
1727
1711
1711
1695
1731
1723
1722
1697
1725
1691
1679
1638
1668
1644
1681
1663
1627
1646
1612
1652
1655
1650
1626
1642
1631
1623
1601
1626
1651
1625
1630
1632
1650
1633
1617
1623
1633
1656
1679
1664
1584
1582
1598
1619
1635
1667
1621
1621
1617
1656
1658
1623
1637
1640
1630
1656
1677
1693
1675
1705
1685
1731
1696
1711
1702
1716
1721
1717
1716
1715
1680
1695
1721
1680
1711
1707
1728
1696
1719
1749
1751
1731
1804
1800
1820
1789
1805
1802
1778
1769
1791
1751
1831
1761
1786
1766
1762
1785
1723
1770
1744
1782
1756
1778
1792
1810
1825
1763
1755
1723
1709
1690
1707
1693
1682
1680
1689
1641
1663
1604
1614
1590
1564
1575
1553
1558
1604
1597
1596
1590
1597
1598
1598
1561
1567
1610
1565
1600
1590
1593
1571
1552
1506
1526
1514
1491
1508
1492
1473
1547
1475
1550
1522
1575
1569
1542
1552
1555
1563
1570
1524
1498
1509
1475
1506
1496
1492
1491
1495
1560
1516
1545
1522
1554
1548
1557
1550
1561
1567
1593
1601
1541
1569
1519
1544
1543
1523
1524
1522
1519
1536
1528
1544
1584
1576
1556
1546
1567
1545
1542
1543
1529
1514
1526
1518
1531
1524
1533
1572
1544
1554
1522
1534
1523
1529
1549
1508
1529
1510
1522
1479
1502
1480
1501
1497
1468
1531
1514
1556
1520
1503
1484
1525
1510
1514
1494
1460
1483
1466
1485
1442
1478
1458
1493
1454
1484
1457
1445
1433
1433
1455
1435
1418
1417
1428
1406
1411
1416
1444
1440
1448
1469
1435
1457
1434
1412
1386
1407
1395
1402
1396
1404
1364
1384
1350
1348
1353
1385
1393
1355
1309
1336
1317
1342
1327
1346
1357
1371
1387
1386
1383
1395
1404
1399
1425
1434
1465
1433
1438
1432
1416
1383
1388
1385
1369
1380
1342
1349
1355
1374
1367
1368
1366
1415
1407
1446
1421
1440
1464
1462
1402
1425
1416
1432
1409
1404
1409
1435
1445
1436
1466
1465
1479
1479
1468
1466
1446
1498
1467
1447
1448
1476
1471
1490
1491
1492
1506
1512
1528
1547
1520
1552
1530
1514
1530
1534
1537
1507
1508
1539
1521
1522
1581
1548
1548
1535
1556
1524
1526
1519
1537
1500
1532
1502
1521
1477
1515
1510
1538
1495
1528
1512
