12033
13770
11641
11459
10724
10646
9785
9522
8985
8890
8419
8161
7953
7791
7526
7430
7200
7100
7022
6923
6790
6561
6554
6401
6354
6300
6278
6195
6183
6143
6282
6075
6069
5950
6036
5800
5838
5670
5602
5568
5457
5462
5427
5357
5186
5121
5160
5052
4963
4991
4807
4877
4808
4813
4714
4694
4611
4633
4489
4515
4491
4446
4429
4398
4348
4364
4332
4296
4186
4132
4118
4076
4061
3981
4005
3908
3877
3858
3924
3887
3889
3914
3920
3887
3920
3853
3851
3817
3801
3806
3694
3789
3809
3870
3874
3795
3838
3817
3917
3758
3817
3771
3781
3754
3730
3633
3699
3745
3789
3805
3841
3879
3912
3868
3853
3881
3818
3837
3874
3763
3832
3818
3870
3848
3826
3848
3782
3782
3738
3749
3635
3606
3622
3535
3486
3462
3387
3408
3391
3429
3355
3376
3422
3394
3289
3284
3180
3240
3279
3212
3215
3264
3215
3303
3261
3289
3225
3173
3128
3074
3092
2970
2981
2946
2949
3000
2965
2937
2984
3015
2991
2959
2966
3011
3009
3006
2955
2986
3076
3040
3057
3032
2973
2948
3013
2960
2923
2898
2888
2858
2846
2868
2841
2859
2899
2791
2865
2816
2907
2742
2868
2732
2763
2667
2657
2643
2654
2705
2734
2717
2709
2710
2641
2680
2704
2679
2695
2650
2741
2732
2699
2748
2692
2737
2753
2749
2761
2781
2774
2711
2745
2698
2766
2816
2793
2816
2764
2756
2736
2719
2797
2766
2759
2731
2773
2796
2789
2849
2721
2719
2670
2720
2646
2660
2645
2606
2627
2648
2692
2638
2650
2701
2668
2678
2656
2614
2575
2613
2662
2759
2729
2756
2816
2800
2797
2761
2731
2641
2609
2659
2580
2579
2533
2579
2473
2471
2469
2468
2482
2462
2462
2418
2434
2411
2442
2369
2289
2319
2266
2250
2279
2282
2293
2247
2281
2294
2328
2358
2334
2406
2380
2455
2509
2480
2409
2391
2388
2429
2409
2456
2456
2429
2436
2474
2462
2344
2383
2333
2379
2342
2324
2255
2256
2264
2251
2245
2273
2336
2302
2292
2319
2306
2300
2231
2314
2306
2401
2334
2357
2270
2317
2284
2319
2331
2314
2352
2309
2282
2277
2316
2345
2324
2335
2367
2365
2327
2304
2246
2196
2279
2198
2262
2183
2236
2184
2203
2167
2180
2128
2157
2149
2185
2109
2146
2128
2113
2157
2080
2090
2097
2117
2051
2047
2050
2096
2057
2033
2074
2028
2049
2070
2056
2029
1995
2041
2056
2039
2090
2042
2047
1980
1941
1966
1906
1909
1901
1929
1939
1949
1922
1929
1927
1928
1923
1968
1941
1928
1951
1949
1936
1945
1862
1883
1855
1857
1917
1932
1931
1912
1869
1894
1862
1846
1833
1835
1803
1808
1803
1801
1762
1753
1764
1754
1746
1712
1748
1738
1744
1721
1742
1715
1710
1765
1690
1736
1695
1717
1707
1700
1724
1696
1742
1728
1753
1721
1698
1709
1749
1751
1754
1742
1740
1724
1709
1731
1768
1741
1749
1715
1729
1685
1735
1751
1752
1727
1702
1729
1713
1742
1723
1698
1721
1730
1643
1665
1670
1636
1646
1647
1618
1658
1601
1631
1601
1617
1589
1587
1598
1579
1511
1506
1536
1540
1532
1534
1479
1522
1494
1543
1533
1532
1549
1527
1551
1547
1551
1534
1547
1504
1574
1532
1554
1498
1496
1506
1558
1494
1502
1477
1467
1440
1421
1407
1397
1395
1401
1400
1427
1372
1382
1389
1363
1387
1359
1371
1367
1367
1389
1397
1408
1383
1414
1387
1410
1396
1400
1396
1400
1396
1402
1386
1412
1415
1458
1467
1482
1474
1476
1460
1462
1480
1485
1459
1473
1492
1471
1464
1452
1469
1447
1443
1419
1435
1456
1488
1470
1524
1526
1534
1536
1555
1528
1495
1510
1502
1519
1492
1521
1488
1486
1466
1452
1450
1482
1468
1501
1487
1523
1492
1523
1528
1554
1528
1554
1534
1496
1459
1463
1480
1457
1441
1453
1451
1459
1450
1458
1431
1454
1402
1399
1356
1386
1387
1398
1393
1425
1388
1400
1401
1382
1371
1394
1405
1434
1448
1475
1507
1533
1518
1525
1512
1520
1561
1524
1540
1568
1564
1565
1558
1539
1539
1557
1580
1569
1593
1576
1574
1561
1578
1514
1513
1494
1495
1482
1457
1455
1447
1423
1390
1378
1357
1353
1357
1360
1347
1349
1358
1379
1401
1378
1400
1358
1414
1413
1435
1394
1400
1401
1415
1413
1417
1409
1411
1390
1394
1391
1388
1350
1350
1330
1319
1327
1349
1347
1356
1369
1344
1349
1336
1371
1355
1343
1362
1344
1343
1320
1330
1324
1332
1340
1318
1316
1320
1327
1338
1337
1326
1346
1367
1360
1364
1365
1358
1381
1384
1363
1399
1398
1418
1454
1425
1448
1448
1474
1459
1496
1473
1472
1452
1448
1442
1480
1459
1490
1463
1493
1441
1467
1463
1494
1491
1466
1449
1451
1471
1443
1456
1433
1420
1436
1397
1396
1405
1368
1377
1355
1363
1331
1335
1332
1328
1315
1335
1319
1343
1334
1340
1335
1347
1352
1359
1374
1335
1363
1359
1362
1346
1360
1338
1326
1312
1322
1292
1299
1318
1297
1316
1303
1294
1280
1327
1291
1312
1285
1301
1295
1291
1277
1263
1259
1247
1254
1244
1235
1252
1263
1277
1298
1299
1339
1314
1307
1309
1285
1265
1265
1254
1240
1228
1229
1225
1212
1212
1218
1212
1222
1217
1225
1221
1237
1246
1257
1235
1254
1251
1272
1261
1285
1268
1269
1282
1288
1273
1274
1295
1292
1316
1308
1325
1319
1300
1318
1296
1288
1295
1313
1292
1288
1295
1280
1281
1302
1287
1271
1263
1261
1257
1290
1244
1264
1248
1261
1265
1283
1264
1268
1266
1285
1285
1272
1289
1280
1282
1274
1272
1273
1265
1272
1273
1278
1284
1269
1268
1273
1282
1285
1271
1287
1295
1268
1261
1266
1273
1290
1313
1324
1311
1312
1322
1331
1323
1329
1316
1336
1301
1308
1290
1299
1289
1299
1327
1318
1339
1343
1343
1356
1332
1325
1362
1344
1360
1344
1358
1344
1360
1351
1341
1319
1330
1322
1329
1345
1354
1342
1346
1337
1358
1330
1315
1339
