11977
13903
11368
11371
10560
10266
9718
9539
9166
8966
8559
8459
8200
8035
7740
7533
7463
7259
7045
7000
6854
6680
6588
6572
6357
6187
6090
5949
5894
5733
5723
5593
5602
5413
5299
5278
5261
5242
5124
5142
4993
4984
4785
4777
4808
4911
4840
4876
4872
4760
4675
4601
4554
4578
4509
4567
4546
4620
4498
4481
4550
4534
4478
4556
4422
4417
4319
4328
4252
4314
4270
4339
4306
4295
4206
4257
4189
4271
4198
4284
4070
4219
4155
4171
4100
4099
4195
4028
4012
3983
3923
3918
3910
3862
3817
3795
3709
3736
3768
3861
3729
3736
3616
3660
3529
3525
3460
3374
3258
3324
3287
3195
3172
3210
3145
3161
3187
3120
3144
3014
2976
2994
2996
2898
2895
2868
2802
2800
2731
2667
2632
2658
2668
2630
2627
2608
2580
2588
2652
2631
2721
2681
2772
2735
2827
2808
2767
2685
2767
2708
2688
2727
2728
2643
2631
2660
2625
2664
2600
2666
2600
2684
2588
2569
2635
2583
2622
2675
2662
2615
2630
2579
2602
2639
2659
2687
2686
2654
2598
2546
2577
2615
2569
2676
2643
2652
2604
2686
2600
2617
2541
2635
2558
2561
2594
2644
2553
2590
2574
2571
2522
2539
2555
2574
2505
2554
2494
2435
2419
2446
2415
2379
2364
2332
2395
2436
2419
2493
2477
2568
2585
2544
2523
2506
2475
2403
2413
2387
2418
2415
2412
2442
2492
2518
2525
2504
2520
2484
2497
2417
2430
2440
2470
2446
2465
2399
2369
2377
2312
2327
2326
2332
2404
2320
2356
2322
2318
2281
2306
2341
2347
2326
2369
2386
2433
2396
2377
2373
2332
2321
2326
2351
2396
2328
2339
2364
2384
2339
2348
2307
2316
2287
2343
2321
2312
2303
2264
2263
2243
2194
2189
2191
2148
2148
2162
2186
2183
2172
2181
2124
2138
2154
2048
2012
2007
2003
2015
2006
2041
2030
2057
2043
2072
2068
2104
2056
2086
2071
2096
2049
2117
2132
2102
2112
2129
2084
2100
2097
2097
2034
2106
2053
2050
2045
2046
2101
2152
2194
2219
2177
2197
2084
2072
2095
2069
2044
2057
2048
2052
2090
2071
2070
2054
2040
2134
2134
2152
2083
2095
2070
2056
2033
2006
1969
1965
1990
1997
2032
1975
1976
1984
2067
2044
2030
1999
2044
2023
2014
2005
2053
2076
2029
2029
2013
2036
2033
2006
1990
1995
1954
1986
1964
1964
1994
1953
1961
1974
1972
1958
1964
1970
2020
2011
2024
2005
1992
1996
2006
2004
1991
2027
2023
1972
1956
1971
1947
1985
1952
1858
1818
1840
1817
1831
1824
1837
1809
1845
1860
1936
1910
1911
1924
1945
1975
1954
1932
1892
1927
1895
1896
1899
1892
1916
1923
1929
1917
1915
1912
1902
1958
1950
1937
1956
1929
1971
1925
1947
1963
1980
1965
1965
1984
1972
1966
1990
1927
1963
1950
1960
1961
1928
1841
1880
1867
1875
1857
1890
1862
1869
1869
1837
1845
1893
1921
1903
1906
1867
1899
1842
1892
1896
1831
1879
1888
1869
1881
1889
1876
1826
1871
1806
1836
1790
1855
1789
1822
1761
1755
1719
1689
1660
1631
1651
1628
1603
1637
1635
1639
1648
1618
1587
1601
1623
1623
1624
1630
1619
1633
1608
1576
1578
1579
1574
1586
1570
1570
1582
1594
1590
1600
1615
1587
1598
1576
1648
1585
1551
1563
1607
1608
1662
1683
1720
1721
1733
1736
1763
1757
1742
1739
1720
1717
1703
1723
1680
1691
1634
1649
1614
1638
1641
1613
1599
1634
1550
1584
1535
1566
1547
1569
1552
1534
1575
1509
1548
1525
1512
1528
1557
1541
1528
1540
1533
1575
1560
1561
1503
1537
1551
1533
1539
1494
1510
1520
1518
1509
1514
1499
1498
1507
1493
1509
1452
1471
1481
1518
1503
1473
1491
1473
1478
1512
1494
1478
1474
1448
1484
1473
1489
1480
1501
1503
1493
1502
1504
1533
1522
1532
1507
1556
1512
1515
1506
1516
1513
1511
1513
1543
1515
1530
1536
1557
1581
1542
1525
1485
1494
1439
1451
1428
1468
1443
1460
1469
1479
1501
1460
1464
1478
1446
1437
1432
1458
1455
1481
1452
1465
1448
1478
1464
1478
1481
1477
1496
1505
1515
1504
1478
1475
1492
1440
1446
1439
1447
1436
1452
1439
1446
1461
1470
1504
1502
1513
1517
1521
1518
1532
1543
1524
1487
1534
1517
1545
1529
1546
1550
1575
1568
1610
1565
1568
1595
1588
1587
1606
1588
1600
1602
1622
1627
1649
1633
1628
1641
1636
1673
1664
1670
1649
1672
1653
1674
1680
1668
1658
1629
1651
1644
1597
1622
1600
1606
1640
1633
1652
1673
1602
1608
1598
1606
1603
1616
1580
1632
1592
1623
1639
1638
1642
1604
1621
1598
1622
1648
1644
1624
1628
1635
1668
1616
1670
1651
1658
1662
1657
1609
1631
1642
1633
1651
1658
1637
1637
1624
1664
1611
1624
1577
1580
1585
1596
1596
1603
1653
1626
1621
1626
1619
1634
1631
1560
1558
1541
1551
1573
1595
1573
1571
1531
1537
1520
1521
1515
1514
1507
1503
1504
1472
1488
1513
1504
1541
1542
1541
1535
1539
1592
1576
1572
1520
1561
1542
1563
1535
1516
1509
1528
1539
1531
1553
1520
1555
1491
1514
1490
1512
1525
1549
1483
1495
1498
1499
1493
1520
1460
1504
1475
1492
1492
1451
1467
1445
1417
1382
1381
1375
1366
1358
1365
1358
1359
1369
1369
1369
1360
1340
1336
1341
1344
1362
1369
1364
1362
1353
1380
1372
1377
1363
1371
1357
1374
1365
1361
1360
1356
1367
1360
1384
1382
1379
1359
1379
1364
1351
1347
1360
1359
1375
1389
1400
1432
1453
1423
1452
1445
1449
1442
1473
1447
1405
1415
1424
1424
1397
1402
1406
1432
1420
1427
1432
1420
1432
1430
1408
1406
1399
1402
1395
1381
1410
1373
1402
1368
1378
1381
1401
1385
1393
1388
1409
1383
1426
1383
1396
1371
1349
1380
1379
1391
1394
1384
1407
1408
1436
1404
1445
1412
1467
1449
1478
1489
1516
1499
1488
1531
1555
1535
1558
1570
1507
1506
1539
1494
1481
1472
1483
1476
1442
1482
1435
