12057
14037
11671
11334
10746
10390
10026
9507
9232
8929
8425
8063
7909
7747
7514
7313
7368
7231
7049
6777
6894
6636
6782
6600
6441
6389
6174
6041
6016
5950
5911
5837
5765
5606
5615
5588
5324
5247
5158
5047
5043
4907
4875
4755
4733
4729
4611
4556
4543
4515
4530
4353
4346
4331
4224
4298
4254
4244
4290
4243
4172
4208
4189
4158
4151
3985
4118
3897
4053
3959
3950
3960
3975
3871
3941
3977
3955
3956
3950
4004
4023
4034
4091
3990
4011
3975
4081
3957
4070
3992
3904
3932
3792
3773
3792
3763
3771
3803
3819
3858
3876
3897
3939
3855
3795
3824
3801
3848
3779
3842
3784
3773
3662
3719
3624
3654
3635
3623
3600
3597
3485
3505
3481
3534
3376
3447
3514
3546
3613
3670
3632
3617
3575
3682
3658
3689
3590
3652
3706
3626
3767
3645
3682
3538
3591
3500
3472
3526
3439
3443
3515
3478
3452
3477
3419
3468
3426
3433
3439
3523
3467
3526
3506
3559
3514
3589
3473
3470
3505
3471
3452
3483
3475
3417
3471
3523
3607
3569
3514
3526
3581
3579
3616
3633
3667
3582
3620
3613
3676
3639
3689
3608
3656
3648
3723
3649
3770
3675
3746
3576
3581
3630
3517
3563
3518
3489
3450
3366
3352
3346
3316
3266
3359
3288
3356
3245
3327
3228
3289
3167
3233
3152
3194
3257
3218
3185
3222
3140
3141
3136
3205
3195
3275
3225
3197
3269
3255
3253
3305
3373
3337
3355
3375
3483
3355
3365
3223
3289
3238
3186
3085
3118
3066
3140
3094
3167
3034
3000
2948
3004
2992
2978
3013
2955
2964
2871
2958
2948
2977
2962
3082
3023
3019
2977
2940
2927
2947
2895
2988
2906
2863
2867
2845
2849
2836
2812
2798
2780
2719
2743
2705
2730
2675
2681
2689
2665
2676
2736
2723
2764
2698
2752
2686
2708
2708
2728
2702
2702
2705
2672
2682
2699
2693
2706
2699
2704
2657
2745
2721
2679
2694
2650
2734
2680
2703
2763
2740
2757
2742
2831
2749
2745
2676
2690
2680
2665
2625
2648
2660
2729
2746
2754
2726
2781
2710
2696
2602
2639
2623
2639
2653
2682
2726
2757
2729
2768
2788
2883
2849
2829
2862
2770
2719
2680
2729
2726
2740
2696
2787
2735
2648
2672
2671
2663
2671
2628
2699
2654
2674
2592
2662
2596
2627
2587
2623
2580
2518
2518
2546
2527
2590
2561
2582
2610
2504
2568
2468
2379
2409
2375
2365
2352
2356
2334
2380
2370
2385
2329
2315
2312
2328
2309
2312
2306
2315
2320
2345
2300
2304
2354
2273
2283
2272
2253
2278
2290
2254
2295
2285
2259
2346
2303
2318
2279
2380
2272
2275
2263
2256
2299
2261
2286
2281
2317
2328
2308
2300
2239
2254
2188
2242
2143
2207
2193
2198
2194
2122
2155
2152
2120
2152
2101
2155
2139
2157
2118
2114
2147
2108
2087
2094
2071
2077
2099
2121
2090
2151
2115
2152
2185
2201
2175
2162
2150
2086
2046
2092
2058
2090
2071
2104
2062
2100
2040
2051
2030
2012
2023
2063
1993
1996
2013
1996
2020
2008
2040
2027
2007
2012
1992
1987
2003
2020
2046
2060
2064
2134
2102
2151
2136
2117
2147
2121
2123
2151
2159
2165
2219
2199
2237
2206
2223
2184
2209
2207
2132
2163
2174
2233
2136
2197
2202
2169
2291
2159
2185
2136
2111
2089
2106
2056
2065
2105
2085
2046
1978
1972
1960
2010
1976
1981
1973
2021
1961
1982
1968
1941
1934
1906
1876
1883
1886
1881
1871
1867
1878
1937
1938
1964
1908
1948
1937
1935
1941
1960
1959
1999
1988
1973
2025
1995
1957
1981
1964
1964
1894
1894
1928
1914
1921
1945
1902
1919
1884
1879
1908
1915
1900
1927
1873
1850
1825
1797
1829
1790
1861
1838
1880
1830
1928
1937
1970
1978
2033
1988
2063
1996
2034
2001
1937
1976
1952
1985
1958
1975
1940
1931
1934
1960
2026
1952
2038
2001
1973
2006
1961
1964
1974
1974
1980
2000
2023
1983
1965
2004
1904
1915
1933
1889
1892
1879
1915
1949
1938
1974
1985
2022
2042
1970
1994
1981
1964
1976
1954
2002
1972
1988
1999
2019
2022
2070
2014
2040
1993
2011
1984
1978
2009
2000
2007
2056
2009
2027
2005
2008
2014
2023
2049
2005
2063
1957
2031
1992
2043
2024
2067
2034
2055
2047
2048
2044
2037
2032
2046
1995
1980
1964
1987
2035
2017
2060
2035
2050
2079
2067
2070
2068
2065
1945
2019
1961
2045
1950
1934
1909
1885
1858
1898
1869
1946
1921
1968
1968
1954
1922
1960
1967
2018
1980
2005
1958
2003
1993
2026
2034
2026
2013
2039
2032
2037
2043
2032
2043
2071
2040
2116
2075
2094
2068
2105
2035
2056
2066
2050
2007
2023
1954
1944
1923
1888
1869
1821
1861
1835
1856
1865
1857
1832
1836
1842
1860
1885
1851
1906
1885
1940
1882
1865
1846
1849
1843
1824
1778
1787
1837
1871
1804
1815
1797
1759
1774
1695
1695
1676
1691
1663
1629
1622
1594
1562
1529
1522
1497
1491
1484
1508
1534
1498
1537
1537
1528
1557
1560
1585
1578
1583
1590
1585
1660
1562
1606
1579
1616
1595
1631
1611
1623
1613
1659
1647
1688
1700
1738
1685
1708
1679
1653
1650
1647
1631
1662
1615
1628
1634
1631
1572
1595
1586
1612
1625
1655
1650
1626
1653
1606
1641
1652
1654
1680
1683
1695
1676
1639
1579
1583
1551
1557
1533
1562
1551
1573
1549
1549
1570
1539
1578
1508
1559
1499
1524
1518
1478
1436
1435
1457
1456
1446
1448
1407
1420
1416
1438
1437
1443
1456
1437
1439
1429
1435
1417
1395
1430
1394
1400
1399
1415
1408
1441
1457
1486
1471
1488
1482
1510
1505
1530
1572
1565
1590
1537
1596
1537
1574
1546
1568
1542
1541
1551
1525
1520
1543
1552
1548
1535
1536
1529
1518
1491
1531
1535
1525
1531
1513
1525
1522
1515
1523
1489
1543
1526
1581
1569
1551
1530
1551
1523
1573
1556
1558
1556
1573
1515
1549
1542
1518
1512
1536
1493
1501
1464
1503
1468
1453
1432
1458
1452
1469
1450
1483
1467
