11945
13650
11370
11078
10554
10327
9798
9518
9138
8814
8623
8284
8140
8022
7912
7755
7443
7110
7121
6859
6856
6742
6500
6533
6441
6230
6232
6143
6105
6048
5954
5858
5889
5768
5893
5733
5648
5549
5592
5469
5372
5267
5293
5188
5145
5145
5166
5149
5083
5005
4928
4878
4925
4933
4924
4866
4891
4870
4891
4848
4761
4900
4852
4824
4803
4766
4654
4491
4451
4511
4417
4349
4304
4307
4245
4216
4214
4174
4256
4162
4094
4028
3913
3958
3911
3969
3913
3914
3833
3847
3728
3723
3733
3760
3635
3630
3566
3527
3483
3514
3534
3458
3477
3447
3473
3434
3426
3501
3475
3539
3503
3477
3423
3396
3446
3435
3453
3457
3402
3378
3383
3451
3467
3496
3483
3481
3540
3552
3566
3441
3489
3456
3387
3483
3380
3393
3333
3401
3362
3353
3373
3401
3393
3348
3327
3221
3185
3192
3235
3217
3182
3305
3206
3340
3240
3344
3316
3208
3204
3165
3165
3117
3146
3018
3083
2974
2995
3024
2971
3033
3077
2997
3073
3086
3077
3094
2994
2981
3016
2987
2991
3014
2994
2961
2970
2911
2954
2986
2996
2934
2887
2995
2876
2934
2927
2928
2898
2884
2869
2885
2867
2918
2960
3016
2976
2990
2983
3018
2992
2996
2917
3040
2877
2874
2782
2807
2828
2818
2765
2766
2752
2794
2791
2840
2766
2794
2793
2783
2754
2832
2792
2826
2867
2836
2854
2805
2822
2768
2785
2665
2647
2708
2686
2736
2680
2747
2722
2755
2714
2689
2686
2687
2639
2622
2575
2578
2583
2546
2497
2507
2566
2581
2595
2633
2618
2594
2596
2570
2627
2600
2602
2619
2646
2596
2724
2663
2766
2738
2778
2692
2738
2627
2679
2598
2705
2671
2644
2635
2650
2642
2649
2622
2536
2546
2541
2537
2539
2567
2509
2497
2474
2450
2490
2452
2473
2467
2522
2500
2500
2473
2504
2478
2483
2510
2522
2525
2458
2468
2472
2481
2508
2495
2519
2520
2537
2587
2535
2533
2534
2509
2515
2431
2425
2408
2459
2523
2491
2498
2470
2528
2471
2541
2499
2566
2504
2581
2535
2567
2559
2598
2551
2552
2517
2447
2384
2441
2379
2373
2398
2340
2311
2303
2302
2290
2212
2210
2160
2102
2100
2111
2142
2200
2171
2202
2206
2215
2192
2174
2150
2200
2213
2157
2149
2168
2132
2160
2153
2263
2236
2275
2288
2307
2355
2369
2301
2313
2341
2348
2389
2409
2368
2381
2328
2311
2299
2327
2246
2268
2254
2224
2188
2231
2264
2236
2246
2248
2189
2204
2184
2229
2199
2240
2160
2186
2184
2220
2190
2213
2194
2210
2190
2157
2178
2158
2155
2161
2166
2163
2168
2201
2233
2295
2227
2256
2152
2156
2136
2132
2096
2121
2148
2173
2113
2119
2076
2117
2041
2048
2013
2040
2029
2018
2012
1978
2002
1917
1920
1986
1948
1958
1936
1908
1876
1935
1965
1997
1967
1963
1983
2004
2053
2079
2044
2019
2067
2047
2069
2086
2063
2043
2065
2071
2098
2143
2097
2150
2128
2133
2112
2150
2134
2159
2114
2116
2096
2137
2023
2060
2022
2055
2063
2085
2092
2046
2061
2052
2105
2027
2100
2088
2100
2124
2151
2107
2106
2110
2094
2117
2041
2040
2007
2028
2038
2104
2105
2095
2051
2067
2093
2146
2102
2108
2139
2094
2194
2115
2209
2122
2177
2183
2140
2130
2140
2060
2071
2040
2065
2051
2055
2073
2121
2094
2118
2151
2148
2092
2151
2141
2117
2108
2073
2053
2013
2042
2038
2062
1988
2062
1961
2075
2016
2067
2061
2107
2091
2058
2081
2029
2063
2049
2115
2131
2186
2124
2131
2094
2101
2147
2128
2187
2173
2181
2184
2194
2201
2207
2202
2161
2207
2258
2211
2215
2205
2289
2207
2282
2217
2273
2258
2254
2237
2216
2193
2216
2171
2163
2126
2181
2109
2047
2101
2107
2180
2114
2169
2174
2198
2175
2166
2142
2143
2063
2055
2067
2088
2063
2058
2086
2051
2071
2017
2042
2028
2068
2072
2023
2086
2060
2087
2066
2087
2129
2105
2088
2086
2083
2071
2070
2100
2049
2112
2103
2099
2158
2132
2087
2073
2120
2115
2102
2068
2060
2113
2092
2102
2096
2115
2094
2160
2099
2134
2102
2086
2095
2057
2097
2058
2089
2123
2079
2082
2101
2081
2087
2069
2105
2099
2079
2043
2109
2042
2048
2050
2072
2066
2080
2081
2056
2051
2050
2090
2031
2007
1951
1957
1978
1994
1963
1976
2004
1959
1982
1963
1964
1962
1996
2015
2017
2090
2048
2054
2076
2042
2007
2020
1984
2024
2036
2052
2043
2029
2029
2016
1991
2010
2047
2073
2115
2145
2109
2200
2161
2123
2187
2151
2174
2171
2153
2128
2101
2103
2065
2073
2111
2069
2092
2075
2081
2046
2061
2062
2094
2017
2031
1950
1999
1959
1990
2013
2033
2072
2072
2084
2100
2104
2093
2079
2061
2061
2082
2070
2071
2118
2093
2054
2065
2038
2013
2027
2025
1992
1987
2020
1976
1944
1999
2009
2065
2125
2104
2147
2079
2118
2099
2093
2078
2047
1997
1982
2070
2029
2115
2022
2071
2019
2051
2071
2106
2080
2044
2040
2037
2021
1964
2019
1959
2030
1941
1937
1926
1918
1910
1877
1833
1847
1824
1791
1812
1760
1777
1798
1835
1871
1830
1858
1822
1856
1819
1786
1795
1832
1750
1781
1756
1818
1822
1827
1810
1839
1856
1827
1859
1848
1826
1817
1833
1848
1892
1881
1861
1892
1897
1905
1888
1946
1929
2013
1939
1971
1923
1961
1928
1938
1944
1998
2057
2064
2061
2025
2092
2063
2056
2123
2132
2128
2136
2166
2156
2221
2207
2238
2208
2228
2236
2264
2225
2248
2259
2239
2255
2231
2198
2223
2163
2148
2141
2103
2054
2077
2094
2134
2139
2077
2096
2098
2068
2084
2068
2038
2055
1994
2105
2027
2043
1940
1988
1998
1972
2021
1952
1966
1933
1917
1944
1914
1910
1959
1875
1913
1906
1955
1946
1963
1940
1931
1945
1908
1893
1869
1885
1886
1923
1892
1924
1888
1876
1875
1892
1891
1928
1885
1902
1921
1850
1918
1850
1918
1855
1897
1920
