11974
13537
11579
11467
10572
10397
9831
9814
9248
9022
8654
8588
8228
8086
7879
7684
7535
7392
7372
7181
6976
6951
6688
6540
6431
6309
6419
6235
5990
5958
5842
5802
5728
5599
5532
5487
5450
5513
5499
5407
5399
5257
5149
5006
5066
4954
4835
4731
4630
4585
4551
4502
4547
4509
4525
4569
4537
4431
4449
4344
4381
4310
4331
4285
4334
4225
4293
4144
4197
4028
4120
3932
3944
3919
3962
4008
4114
4156
4078
4106
4129
4116
4093
4107
4038
4021
3976
3895
4013
3933
3934
4024
3819
3863
3822
3777
3825
3845
3817
3923
3841
3930
3867
3860
3820
3817
3822
3712
3703
3667
3602
3508
3473
3558
3505
3501
3461
3548
3565
3571
3552
3580
3503
3509
3497
3498
3465
3402
3442
3452
3429
3487
3334
3368
3240
3267
3234
3280
3233
3221
3116
3197
3088
3220
3138
3131
3086
3060
3004
3148
3111
3168
3074
3133
3047
3069
2994
2961
3010
2999
3138
3104
3127
3179
3150
3105
3130
3086
2955
2970
2957
2998
2989
2998
3036
3033
3113
3011
3041
3012
3049
2950
3006
2933
2963
2930
2933
3087
3012
3097
3033
3053
3044
3058
3076
3030
2970
2907
2891
2898
2896
2917
2944
2954
2955
2965
3018
2985
3015
3001
2992
3027
3120
3083
3027
3007
2963
3001
3009
2872
2942
2841
2860
2767
2781
2834
2833
2850
2845
2893
2823
2920
2869
2855
2848
2881
2832
2880
2852
2879
2777
2828
2751
2779
2658
2756
2666
2703
2586
2572
2624
2601
2589
2588
2566
2575
2597
2616
2614
2641
2559
2638
2612
2613
2639
2610
2670
2625
2637
2613
2581
2595
2501
2565
2553
2590
2558
2506
2569
2532
2593
2566
2602
2548
2593
2585
2617
2654
2629
2662
2678
2717
2696
2699
2682
2621
2622
2616
2588
2581
2550
2563
2614
2524
2574
2505
2536
2588
2554
2633
2632
2621
2557
2542
2473
2562
2553
2540
2550
2506
2523
2552
2528
2543
2602
2586
2536
2493
2508
2494
2513
2541
2568
2640
2588
2614
2556
2570
2604
2609
2557
2558
2558
2554
2551
2601
2586
2668
2734
2691
2761
2718
2708
2758
2754
2788
2807
2766
2666
2640
2615
2638
2586
2537
2543
2534
2517
2499
2494
2529
2510
2500
2534
2549
2529
2567
2438
2394
2404
2423
2433
2466
2448
2416
2359
2336
2339
2394
2424
2413
2386
2435
2484
2398
2418
2371
2389
2379
2449
2425
2419
2478
2488
2484
2431
2387
2433
2475
2391
2450
2476
2557
2498
2508
2506
2543
2474
2481
2458
2474
2498
2433
2450
2395
2381
2357
2322
2299
2344
2332
2346
2362
2405
2386
2377
2364
2444
2401
2455
2385
2500
2338
2422
2289
2337
2245
2228
2217
2202
2182
2225
2263
2258
2174
2287
2261
2310
2276
2370
2373
2391
2457
2395
2456
2376
2441
2450
2466
2446
2456
2444
2470
2500
2454
2408
2397
2453
2446
2556
2516
2590
2568
2616
2621
2646
2634
2673
2683
2645
2616
2599
2614
2639
2654
2625
2621
2623
2586
2652
2633
2613
2580
2654
2567
2589
2577
2554
2528
2549
2545
2556
2554
2514
2483
2529
2569
2566
2563
2555
2489
2509
2445
2483
2436
2516
2492
2546
2540
2567
2511
2559
2509
2505
2519
2445
2468
2463
2425
2449
2388
2400
2385
2425
2369
2422
2424
2389
2400
2411
2465
2425
2444
2311
2323
2260
2317
2272
2295
2316
2297
2326
2290
2289
2240
2316
2370
2297
2369
2367
2430
2470
2469
2507
2506
2423
2482
2477
2464
2462
2428
2468
2532
2601
2519
2633
2603
2598
2615
2561
2619
2606
2629
2651
2672
2693
2658
2770
2694
2666
2717
2683
2696
2740
2730
2738
2732
2724
2617
2551
2474
2497
2463
2410
2399
2385
2373
2344
2332
2379
2391
2369
2397
2406
2423
2313
2367
2301
2319
2303
2383
2357
2351
2338
2447
2374
2403
2347
2428
2348
2386
2340
2345
2337
2320
2316
2324
2367
2322
2344
2336
2387
2398
2429
2399
2378
2341
2315
2362
2330
2325
2353
2367
2357
2407
2391
2350
2339
2344
2320
2300
2285
2319
2372
2315
2357
2299
2286
2312
2312
2313
2340
2324
2326
2330
2370
2338
2405
2377
2339
2371
2319
2329
2390
2315
2347
2372
2359
2400
2360
2429
2372
2365
2352
2352
2318
2282
2292
2252
2284
2210
2185
2192
2142
2186
2177
2175
2192
2171
2168
2184
2098
2156
2140
2164
2158
2211
2245
2150
2154
2089
2123
2121
2156
2103
2125
2111
2102
2069
2099
1936
1988
1904
1954
1923
1965
1950
2029
2023
2020
2025
1997
2009
1998
1981
1953
1960
1939
1966
1937
1936
1947
1936
1913
1963
1925
1974
1881
1931
1877
1890
1848
1844
1800
1824
1804
1796
1785
1800
1802
1807
1772
1868
1801
1807
1777
1781
1799
1787
1796
1824
1880
1877
1899
1929
1954
1951
1941
1914
1969
1948
1878
1840
1918
1901
1875
1926
1881
1946
1893
1922
1913
1910
1922
1958
1906
1896
1919
1925
1882
1926
1990
1943
1957
1966
1979
1977
1983
1965
1969
1954
1967
1934
1994
1930
1934
1888
1938
1915
1875
1872
1864
1900
1870
1909
1919
1940
1925
1941
1840
1850
1868
1840
1828
1857
1843
1842
1889
1870
1911
1888
1906
1901
1868
1876
1939
1912
1939
1942
1905
1933
1928
1968
1966
1990
1928
2017
1980
1950
1959
1958
1969
1958
1985
1969
2007
2039
2024
2028
2023
2001
2036
2049
1984
1995
1997
1969
1978
1971
1978
2010
1964
2027
2002
2074
2023
2061
2048
2084
1995
2024
1969
1953
1946
1943
2022
2063
2033
1983
1971
1948
1951
1891
1914
1926
1906
1938
1950
1950
1966
1903
1907
1896
1899
1860
1870
1844
1843
1879
1876
1883
1895
1856
1867
1833
1760
1785
1802
1783
1757
1760
1759
1783
1783
1777
1791
1732
1790
1740
1737
1724
1710
1691
1679
1689
1652
1681
1692
1684
1719
1647
1678
1666
1731
1710
1707
1701
1698
1716
1711
1724
1739
1713
1718
1668
1689
1646
1671
1674
1716
1709
1740
1781
1755
1761
1723
1710
1724
1703
1726
1717
