12025
13674
11366
11381
10449
10384
9772
9709
9256
9055
8724
8584
8482
8086
8144
7927
7791
7708
7446
7378
7236
7231
7239
7072
7037
6791
6773
6639
6518
6467
6438
6349
6255
6218
6042
5881
5828
5779
5781
5721
5662
5567
5529
5334
5449
5325
5407
5247
5254
5220
5196
5139
5045
5009
4964
4912
4714
4757
4683
4752
4662
4599
4639
4509
4479
4425
4437
4454
4441
4327
4357
4239
4251
4205
4166
4135
4186
4113
4242
4206
4230
4174
4203
4149
4207
4111
4239
4226
4295
4272
4171
4224
4195
4248
4252
4176
4265
4286
4326
4261
4149
4160
4062
4075
4062
3989
4088
3934
3974
3884
3926
3813
3826
3772
3868
3728
3696
3659
3649
3542
3605
3567
3655
3620
3691
3640
3801
3720
3781
3761
3767
3727
3696
3627
3646
3584
3573
3657
3578
3486
3495
3455
3458
3467
3494
3480
3525
3532
3454
3461
3479
3418
3442
3414
3442
3431
3438
3423
3439
3436
3394
3343
3429
3407
3403
3320
3435
3393
3416
3456
3351
3373
3341
3314
3277
3328
3273
3387
3271
3206
3222
3267
3269
3326
3223
3210
3169
3258
3263
3272
3267
3169
3128
3125
3147
3123
3130
3144
3169
3153
3112
3052
3052
3050
3042
3164
3042
3178
3094
3128
3034
2947
2969
3021
2945
2949
2926
2929
2934
2901
2857
2871
2805
2856
2810
2854
2823
2795
2710
2722
2656
2716
2725
2763
2777
2712
2775
2814
2780
2874
2845
2814
2781
2804
2797
2718
2814
2780
2847
2871
2876
2856
2836
2875
2892
2834
2871
2849
2857
2830
2808
2800
2736
2765
2659
2712
2743
2727
2739
2722
2701
2780
2744
2784
2703
2711
2638
2722
2651
2639
2583
2623
2584
2580
2627
2620
2574
2659
2563
2576
2539
2543
2496
2581
2543
2585
2524
2525
2467
2374
2429
2360
2355
2365
2339
2291
2298
2241
2333
2309
2328
2312
2290
2278
2333
2296
2323
2330
2391
2304
2331
2218
2262
2264
2238
2205
2211
2231
2225
2269
2192
2239
2272
2279
2370
2345
2304
2296
2283
2234
2200
2277
2273
2299
2264
2282
2259
2237
2202
2128
2127
2128
2135
2128
2164
2247
2230
2290
2199
2210
2144
2183
2241
2261
2302
2308
2337
2279
2305
2322
2355
2343
2330
2314
2259
2222
2263
2213
2203
2174
2220
2154
2185
2155
2160
2105
2085
2112
2135
2088
2121
2109
2149
2135
2161
2229
2230
2276
2287
2286
2283
2316
2391
2333
2379
2372
2381
2417
2398
2387
2355
2348
2343
2314
2327
2325
2303
2275
2333
2348
2283
2213
2216
2222
2277
2189
2177
2150
2156
2168
2181
2128
2120
2116
2132
2125
2135
2103
2121
2119
2103
2113
2081
2080
2028
2033
2082
2074
2105
2037
2063
2080
2065
2062
2085
2099
2105
2067
2125
2153
2147
2148
2185
2100
2138
2060
2115
2122
2170
2122
2114
2103
2122
2117
2183
2100
2220
2163
2224
2195
2227
2238
2235
2260
2257
2279
2209
2201
2168
2159
2118
2131
2089
2133
2044
2131
2038
2101
2069
2070
2071
2102
2122
2134
2159
2150
2143
2160
2110
2070
2092
2077
2091
2083
2084
2086
2099
2101
2067
2089
2047
2082
2089
2106
2095
2124
2090
2087
2102
2120
2143
2154
2202
2267
2244
2254
2236
2182
2166
2194
2178
2214
2221
2152
2141
2144
2150
2140
2147
2163
2155
2154
2132
2147
2224
2219
2195
2237
2241
2326
2300
2364
2240
2285
2231
2229
2224
2228
2217
2248
2298
2308
2288
2353
2335
2368
2304
2345
2335
2288
2304
2272
2275
2253
2266
2290
2286
2270
2310
2285
2350
2356
2354
2321
2279
2295
2264
2216
2254
2201
2248
2175
2223
2229
2253
2213
2195
2195
2198
2249
2186
2193
2109
2091
2153
2117
2086
2067
2117
2109
2173
2145
2160
2195
2198
2169
2192
2144
2159
2132
2074
2091
2037
2080
2045
1967
1986
1984
1984
2003
1964
2020
2015
2011
1977
2018
2007
2011
2009
2048
2010
2029
2016
2033
2012
2046
2054
2031
2002
1932
1939
1865
1863
1901
1944
1903
1895
1905
1878
1915
1912
1969
1961
2035
2070
2009
1990
1984
1973
1998
1953
1972
1933
2004
1939
1940
1893
1894
1878
1877
1910
1920
1920
1915
1942
1899
1879
1900
1912
1898
1914
1890
1909
1912
1916
1926
1940
1962
1944
1981
2012
2055
2084
2035
2109
2111
2094
2107
2088
2088
2098
2048
2065
2057
2039
2052
2043
2050
2029
2018
2002
1912
1949
1884
1907
1913
1921
1948
1940
1929
1968
1907
1911
1913
1955
1958
1941
1917
1943
1923
1979
1953
1935
1921
1942
1956
1900
1881
1840
1868
1871
1801
1759
1779
1757
1788
1785
1808
1771
1840
1844
1851
1816
1776
1838
1813
1798
1780
1804
1753
1759
1746
1780
1779
1765
1782
1787
1789
1784
1786
1753
1781
1772
1792
1822
1823
1863
1841
1871
1818
1788
1815
1782
1825
1843
1852
1841
1834
1822
1819
1824
1836
1780
1717
1669
1682
1698
1651
1683
1686
1693
1705
1691
1739
1747
1852
1767
1816
1812
1794
1841
1833
1852
1824
1817
1860
1809
1819
1827
1851
1835
1865
1939
1848
1895
1821
1801
1837
1838
1809
1822
1807
1850
1839
1842
1805
1767
1805
1736
1761
1784
1795
1829
1833
1863
1853
1877
1852
1815
1786
1794
1835
1830
1848
1854
1862
1893
1870
1860
1840
1851
1844
1871
1869
1869
1856
1898
1871
1873
1790
1776
1736
1751
1789
1794
1759
1821
1790
1828
1782
1830
1767
1798
1782
1829
1847
1861
1824
1884
1833
1874
1870
1914
1896
1968
1946
1936
1920
1890
1930
1902
1911
1871
1908
1838
1845
1797
1793
1777
1737
1745
1728
1764
1742
1807
1858
1842
1828
1859
1853
1854
1805
1807
1830
1794
1770
1790
1799
1817
1784
1741
1732
1700
1673
1631
1646
1553
1588
1563
1574
1577
1578
1605
1631
1633
1639
1658
1659
1658
1734
1714
1736
1702
1731
1673
1739
1713
1720
1707
1695
1698
1778
1757
1778
1767
1797
1805
1838
1878
1880
1894
1926
1889
1910
1890
1919
1878
1866
1867
1872
