12069
13623
11508
11182
10565
10437
9984
9612
9227
8903
8763
8532
8353
8070
7899
7830
7745
7527
7526
7183
7152
6945
6856
6668
6616
6519
6392
6251
6117
6071
5818
5866
5816
5718
5725
5791
5707
5564
5589
5583
5492
5380
5299
5215
5155
5118
5084
5135
5001
5046
4912
4896
4819
4780
4754
4784
4778
4693
4621
4623
4507
4419
4374
4365
4353
4348
4203
4188
4149
4047
4006
4045
3967
4020
4076
4124
4078
4142
4190
4159
4150
4224
4130
4062
3977
3944
4031
3995
4027
3875
3837
3877
3835
3847
3846
3879
3838
3836
3864
3917
3954
3884
3949
3901
3956
3821
3856
3668
3758
3640
3647
3638
3656
3602
3616
3615
3541
3549
3573
3493
3490
3519
3477
3537
3479
3495
3519
3417
3502
3569
3544
3495
3448
3407
3417
3339
3367
3336
3268
3329
3307
3379
3373
3406
3302
3303
3188
3245
3257
3306
3297
3324
3239
3245
3166
3197
3189
3203
3168
3232
3156
3185
3299
3343
3408
3345
3349
3340
3287
3350
3334
3233
3273
3231
3079
3109
3135
3136
3146
3086
3030
3056
3037
3037
3054
3055
3036
3061
3044
2998
2965
2999
2970
2925
3029
3029
3074
3043
3081
2987
2984
2921
2970
3008
2980
2963
2962
2977
2940
2953
2901
2889
2852
2872
2844
2876
2839
2864
2867
2892
2901
2874
2911
2929
2950
2904
2846
2895
2895
2886
2866
2808
2792
2787
2775
2786
2733
2766
2717
2726
2721
2685
2717
2666
2641
2621
2589
2586
2644
2631
2687
2578
2644
2617
2667
2591
2582
2610
2525
2519
2495
2450
2426
2452
2444
2454
2413
2457
2444
2436
2433
2421
2475
2460
2482
2488
2526
2480
2489
2468
2521
2484
2532
2473
2534
2469
2464
2478
2460
2487
2483
2477
2485
2475
2451
2478
2460
2515
2385
2472
2418
2455
2455
2464
2509
2521
2509
2476
2525
2466
2557
2508
2561
2575
2585
2620
2624
2566
2573
2604
2561
2617
2657
2649
2658
2637
2655
2703
2689
2673
2711
2747
2748
2773
2824
2809
2842
2755
2796
2768
2764
2762
2766
2730
2724
2729
2713
2736
2703
2762
2732
2747
2814
2798
2710
2623
2648
2599
2644
2655
2703
2730
2677
2725
2725
2792
2786
2773
2814
2758
2799
2747
2803
2815
2806
2812
2838
2777
2774
2867
2735
2758
2738
2746
2693
2730
2677
2701
2651
2643
2693
2669
2687
2757
2789
2735
2741
2757
2682
2693
2662
2661
2681
2650
2644
2645
2674
2687
2700
2741
2713
2698
2677
2707
2643
2716
2655
2619
2605
2611
2636
2680
2610
2639
2628
2592
2566
2562
2551
2546
2552
2474
2483
2430
2449
2389
2358
2352
2410
2394
2419
2374
2450
2423
2414
2484
2497
2517
2488
2539
2546
2615
2554
2548
2545
2545
2489
2543
2563
2506
2605
2488
2495
2468
2399
2441
2448
2426
2510
2435
2546
2496
2496
2475
2464
2377
2390
2405
2466
2363
2442
2340
2470
2426
2458
2395
2436
2425
2395
2403
2408
2487
2430
2427
2428
2458
2470
2407
2381
2400
2413
2432
2413
2477
2456
2432
2465
2453
2448
2441
2487
2449
2439
2457
2433
2438
2446
2477
2440
2396
2380
2287
2278
2307
2328
2279
2255
2252
2229
2263
2219
2247
2187
2154
2187
2161
2143
2112
2073
2166
2151
2192
2182
2179
2162
2196
2145
2152
2126
2195
2177
2167
2117
2126
2085
2044
2071
2052
2040
2059
2052
2010
2041
2094
2081
2044
2008
2021
2029
2082
2001
2020
2022
2018
2034
1993
1972
1963
1956
1983
1951
1927
1909
1916
1930
1943
1932
1933
1962
2005
2017
1980
2043
2022
2028
1990
2025
1986
1966
2015
1967
1963
1998
2020
2032
1953
2015
1932
1993
1877
1904
1897
1909
1906
1911
1878
1843
1804
1807
1816
1822
1811
1841
1863
1864
1872
1836
1865
1899
1909
1930
1983
1953
1970
1949
2007
1978
1948
1938
1974
2013
1954
1909
1926
1910
1952
1873
1881
1919
1922
1863
1889
1898
1875
1857
1837
1888
1857
1847
1878
1866
1839
1859
1833
1830
1863
1852
1861
1866
1813
1822
1748
1779
1747
1795
1752
1730
1747
1754
1751
1713
1715
1702
1700
1733
1666
1656
1711
1666
1641
1640
1650
1652
1698
1713
1745
1748
1761
1756
1799
1727
1809
1800
1768
1770
1762
1760
1768
1786
1776
1784
1780
1736
1751
1717
1694
1676
1664
1698
1713
1687
1744
1671
1680
1623
1679
1650
1646
1669
1697
1688
1653
1687
1684
1700
1709
1703
1704
1703
1726
1687
1722
1702
1726
1691
1692
1715
1754
1728
1762
1713
1673
1677
1707
1715
1754
1767
1818
1817
1836
1816
1852
1856
1854
1853
1849
1844
1826
1848
1843
1868
1873
1928
1881
1857
1851
1821
1787
1794
1769
1811
1770
1834
1850
1867
1850
1853
1840
1916
1891
1900
1915
1977
1915
1947
1942
2006
1980
1958
1961
1907
1901
1923
1914
1950
1933
2026
2007
2062
2053
2066
2007
2006
2066
2042
2116
2072
2007
1955
1932
1924
1864
1858
1810
1831
1805
1871
1852
1908
1900
1911
1947
1953
1916
1961
1966
1918
1917
1888
1927
1849
1852
1861
1874
1910
1898
1860
1894
1907
1839
1844
1817
1852
1859
1861
1851
1853
1898
1819
1771
1771
1765
1792
1785
1798
1836
1820
1840
1870
1907
1929
1879
1889
1916
1895
1917
1917
1930
1908
1891
1927
1850
1877
1823
1853
1816
1846
1848
1863
1836
1828
1769
1794
1710
1724
1724
1742
1758
1776
1833
1831
1888
1855
1858
1836
1785
1740
1737
1748
1749
1725
1780
1741
1697
1673
1707
1647
1648
1601
1623
1613
1675
1633
1634
1635
1658
1677
1666
1676
1650
1682
1687
1691
1717
1690
1720
1729
1722
1710
1710
1720
1643
1657
1640
1686
1656
1688
1712
1715
1721
1791
1741
1786
1713
1733
1691
1677
1684
1699
1716
1724
1687
1709
1708
1716
1713
1699
1669
1673
1636
1671
1643
1673
1662
1711
1717
1719
1714
1703
1671
1632
1663
1611
1616
1600
1590
1589
1598
1595
1621
1651
1654
1673
1670
1680
1688
1691
1726
1685
1707
