11801
13858
11356
11170
10623
10278
9951
9448
9114
9001
8566
8521
8240
8025
7821
7741
7484
7277
7127
6939
6732
6708
6536
6547
6348
6297
6190
6208
6104
6030
5902
5863
5782
5729
5685
5581
5722
5630
5546
5518
5352
5472
5429
5368
5238
5124
5041
5068
4957
4944
4999
5005
5090
4938
4953
4826
4802
4817
4745
4705
4782
4611
4661
4570
4604
4522
4494
4366
4442
4376
4289
4297
4205
4218
4112
3998
4065
3965
4038
4014
4002
4003
3987
4021
3865
3867
3838
3755
3700
3765
3736
3781
3716
3680
3731
3657
3705
3713
3638
3632
3644
3639
3612
3573
3655
3656
3758
3700
3783
3766
3754
3771
3766
3717
3668
3622
3636
3635
3637
3586
3510
3579
3508
3537
3454
3516
3456
3544
3535
3614
3582
3600
3585
3551
3560
3642
3591
3639
3616
3578
3626
3711
3662
3606
3663
3550
3471
3547
3463
3540
3453
3503
3378
3422
3434
3342
3301
3199
3214
3191
3186
3196
3270
3230
3230
3260
3224
3194
3180
3204
3178
3228
3232
3214
3281
3209
3171
3134
3132
3033
3078
3086
3086
3140
3176
3142
3186
3055
3104
3092
3214
3193
3180
3149
3099
3086
2917
2992
2900
2917
2912
2942
2921
2967
2993
2949
2909
2930
2964
3030
2972
2993
2960
2946
2899
2927
2896
2826
2812
2766
2895
2727
2754
2741
2806
2877
2819
2853
2821
2823
2801
2780
2761
2802
2831
2789
2822
2716
2799
2790
2840
2836
2798
2818
2848
2872
2796
2832
2854
2821
2804
2830
2808
2835
2868
2866
2923
2956
3078
3069
3007
2974
2962
2890
2883
2895
2800
2793
2748
2798
2775
2788
2804
2827
2779
2755
2714
2703
2721
2702
2777
2678
2722
2676
2682
2683
2752
2695
2656
2672
2711
2686
2697
2697
2604
2581
2577
2602
2552
2554
2581
2539
2497
2479
2484
2433
2440
2445
2431
2450
2449
2514
2441
2490
2552
2485
2464
2431
2450
2447
2498
2438
2512
2457
2531
2484
2464
2416
2417
2374
2394
2397
2315
2360
2326
2309
2386
2345
2331
2363
2338
2401
2313
2373
2314
2358
2333
2344
2364
2337
2311
2271
2281
2238
2305
2293
2295
2335
2229
2263
2205
2229
2238
2243
2251
2299
2297
2348
2290
2341
2301
2397
2352
2418
2355
2328
2391
2351
2402
2455
2486
2416
2476
2450
2421
2372
2385
2377
2370
2329
2327
2270
2277
2268
2283
2302
2255
2333
2243
2295
2275
2280
2245
2259
2269
2261
2253
2222
2206
2213
2202
2167
2144
2189
2129
2081
2088
2041
2062
2101
2113
2103
2128
2066
2071
2025
2044
2032
2096
2149
2151
2146
2181
2160
2151
2159
2153
2152
2199
2162
2195
2219
2286
2220
2321
2314
2356
2341
2332
2344
2373
2364
2339
2371
2386
2425
2416
2429
2479
2463
2475
2383
2392
2315
2336
2329
2354
2326
2308
2317
2230
2185
2231
2183
2264
2186
2202
2180
2172
2190
2146
2125
2118
2149
2132
2105
2140
2111
2174
2176
2163
2163
2133
2100
2137
2031
2054
2007
2059
1983
2011
1998
2038
2023
2013
2015
1949
1896
1860
1894
1879
1926
1901
1938
1920
1922
1977
1962
1938
1882
1885
1909
1853
1905
1919
1953
1943
1912
1889
1914
1941
1946
1930
1922
1965
1973
1940
1913
1910
1855
1894
1888
1922
1921
1923
1912
1878
1925
1941
1885
1913
1895
1823
1845
1837
1888
1872
1879
1938
1909
1937
1916
1902
1928
1943
1908
1909
1908
1938
1921
1942
1895
1919
1876
1893
1872
1903
1900
1859
1875
1906
1875
1894
1862
1849
1812
1829
1844
1808
1790
1826
1820
1815
1839
1873
1824
1877
1887
1878
1866
1837
1828
1836
1807
1833
1890
1911
1884
1854
1902
1883
1839
1859
1865
1877
1890
1843
1882
1874
1900
1905
1910
1965
1931
1936
1932
1916
1904
1952
1935
1925
1900
1934
1942
1929
1901
1926
1918
1970
1946
2022
1953
1985
1973
1917
1928
1884
1890
1898
1905
1911
1907
1935
1945
1913
1956
1974
1938
1953
1954
1969
1947
1929
1917
1941
1933
1894
1888
1902
1860
1904
1874
1917
1889
1910
1923
1955
1922
1900
1901
1870
1841
1867
1886
1877
1900
1936
1907
1969
1955
1956
1986
1865
1894
1858
1854
1863
1857
1839
1810
1846
1815
1817
1782
1838
1818
1869
1900
1916
1954
1953
1971
1980
1940
2014
1969
1994
1973
2000
1954
1992
1945
1975
1972
1960
1928
1919
1951
1941
1932
1942
2024
1994
1999
1971
1920
1943
1930
1899
1874
1916
1841
1810
1847
1776
1773
1734
1726
1705
1695
1727
1730
1740
1736
1756
1746
1726
1756
1722
1789
1720
1753
1750
1743
1724
1740
1755
1728
1777
1756
1807
1734
1746
1724
1759
1762
1766
1793
1723
1756
1757
1746
1757
1748
1758
1729
1776
1730
1762
1768
1776
1762
1771
1751
1767
1760
1808
1813
1837
1846
1840
1816
1806
1839
1828
1855
1844
1889
1860
1887
1826
1880
1797
1776
1768
1801
1794
1837
1857
1896
1882
1905
1886
1880
1861
1845
1879
1848
1826
1816
1847
1844
1880
1816
1857
1814
1834
1822
1872
1880
1910
1922
1894
1850
1831
1836
1876
1890
1883
1915
1971
1979
1978
1978
1955
2026
1951
1982
1942
2011
1890
1893
1932
1902
1901
1855
1901
1896
1901
1906
1928
1888
1914
1890
1896
1902
1888
1884
1857
1907
1942
1927
1872
1917
1908
1901
1909
1917
1881
1891
1898
1886
1890
1882
1884
1884
1865
1864
1908
1935
1927
1914
1916
1930
1905
1913
1926
1945
1940
1957
1916
1929
1946
1948
1945
1929
1892
1908
1880
1925
1912
1924
1905
1867
1883
1858
1862
1900
1876
1881
1902
1885
1919
1855
1865
1821
1830
1761
1752
1780
1763
1770
1754
1772
1776
1798
1766
1835
1799
1836
1895
1798
1820
1818
1824
1791
1783
1830
1800
1814
1805
1860
1794
1838
1786
1814
1780
1829
1763
1753
1760
1780
1823
1785
1790
1773
1795
1778
1744
1806
1764
1757
1721
1730
1745
1733
1720
1736
1738
1782
1775
1799
1749
1716
1744
1725
1715
1686
1703
1692
