11996
13941
11450
11364
10566
10348
10033
9674
9377
8993
8657
8527
8200
7959
7664
7635
7409
7258
7060
6960
6799
6475
6350
6323
6105
6127
6014
5976
5820
5691
5613
5541
5509
5460
5424
5332
5206
5154
5194
5180
5063
5033
4814
4922
4790
4687
4697
4671
4687
4739
4597
4639
4654
4723
4712
4792
4715
4748
4664
4621
4596
4492
4637
4475
4469
4407
4307
4372
4436
4473
4432
4364
4374
4339
4315
4359
4366
4290
4250
4233
4098
4162
4176
4229
4142
4074
4064
4075
4032
4077
4045
3995
3976
3904
3983
3877
3926
3973
3985
4017
4076
3951
3904
3889
3799
3869
3769
3762
3700
3728
3720
3655
3676
3665
3627
3574
3545
3584
3528
3512
3419
3455
3366
3346
3328
3333
3201
3185
3122
3107
3114
3118
3141
3166
3221
3128
3164
3146
3177
3175
3217
3085
3082
3076
3121
3047
3053
3107
3061
3105
3056
2970
2951
2932
2914
2936
2904
2898
2899
2919
2937
2890
2950
2855
2970
2860
2875
2818
2868
2809
2796
2755
2725
2808
2794
2737
2690
2738
2736
2764
2810
2793
2788
2828
2798
2725
2720
2728
2676
2736
2730
2700
2761
2673
2622
2570
2545
2560
2518
2558
2574
2587
2576
2619
2558
2584
2517
2548
2513
2506
2509
2533
2499
2576
2520
2595
2615
2653
2577
2620
2620
2643
2699
2632
2665
2637
2624
2658
2677
2602
2621
2693
2683
2699
2692
2673
2658
2652
2597
2602
2582
2600
2582
2623
2563
2512
2561
2554
2557
2605
2515
2608
2569
2552
2563
2552
2528
2551
2541
2506
2506
2473
2552
2575
2597
2590
2504
2569
2502
2486
2467
2500
2487
2509
2513
2470
2476
2572
2518
2606
2577
2506
2589
2614
2654
2614
2690
2623
2672
2589
2589
2656
2591
2615
2541
2608
2600
2556
2594
2546
2550
2520
2607
2575
2575
2546
2650
2638
2661
2633
2628
2635
2616
2628
2593
2546
2624
2565
2545
2515
2596
2532
2559
2576
2573
2527
2472
2446
2458
2475
2440
2454
2415
2430
2427
2432
2349
2378
2410
2405
2409
2402
2506
2403
2431
2420
2451
2451
2506
2482
2478
2471
2442
2452
2449
2537
2440
2415
2392
2388
2338
2362
2370
2434
2322
2273
2226
2244
2255
2320
2332
2365
2301
2381
2323
2317
2297
2357
2218
2242
2222
2209
2206
2142
2150
2210
2158
2098
2161
2141
2129
2193
2176
2141
2091
2103
2088
2105
2042
2044
2065
2032
2092
2009
2059
2012
1988
1992
2023
1988
1961
2013
2025
2018
1956
1958
1916
1976
1976
1983
1986
2002
1982
2003
1999
1990
1996
1980
2025
2007
2017
2035
1958
1969
1940
1962
1991
1991
1998
1992
1990
1977
1999
2002
1999
2017
1988
2000
1998
2011
1988
2013
1962
1969
1967
1959
2024
1986
1961
1881
1932
1932
1899
1888
1928
1893
1935
1884
1902
1871
1890
1914
1862
1864
1838
1848
1852
1840
1805
1853
1818
1885
1878
1907
1907
1941
1868
1923
1882
1871
1863
1869
1887
1876
1890
1890
1924
1888
1949
1896
1940
1875
1869
1849
1869
1864
1864
1856
1856
1838
1853
1863
1866
1935
1916
1985
1943
2003
1941
1936
1930
1989
1944
2001
1970
1998
1993
1978
1942
1960
1955
2005
1972
1938
1938
1944
1992
1965
1970
1923
1927
1922
1861
1864
1867
1873
1874
1858
1887
1921
1936
1941
1940
1996
2006
1989
1958
1900
1964
1911
1974
1954
1963
1981
1990
1964
1981
1958
1958
1928
1953
1971
1926
1953
1934
1936
1949
1957
2013
2025
2008
1976
2041
2044
2045
2061
2012
2021
1982
2039
2012
2093
2060
2075
2061
2036
2021
1958
1950
1924
1913
1952
1959
1930
1975
1947
1998
1951
2010
1984
2033
1979
1997
2052
2075
2066
2102
2074
2070
2039
2036
2021
2057
2031
2094
2060
2017
1995
2022
1991
2001
2039
2026
2090
2121
2153
2129
2128
2119
2103
2079
2060
2108
2100
2124
2130
2136
2162
2154
2123
2076
2076
2089
2113
2095
2094
2108
2078
2056
2097
2064
2064
2048
2087
2012
2090
2012
2014
1969
1988
1966
1962
1941
1960
1957
1963
2012
2025
2032
2031
1999
2010
1987
2013
1947
1955
1991
1978
2005
2031
1952
2007
1957
1971
1953
1986
1970
1934
1955
1923
1894
1916
1911
1965
1952
1907
1940
1946
1952
1923
1949
1902
1900
1922
1873
1930
1902
1920
1838
1790
1833
1816
1811
1823
1837
1906
1906
1924
1900
1925
1881
1883
1839
1853
1819
1837
1878
1907
1872
1904
1891
1862
1922
1847
1896
1806
1832
1784
1806
1808
1836
1842
1863
1832
1914
1889
1906
1839
1890
1885
1897
1866
1862
1863
1891
1892
1878
1915
1898
1945
1942
1925
1947
1983
1954
1998
1984
1997
1905
1881
1896
1943
1888
1899
1873
1865
1828
1874
1855
1894
1888
1902
1913
1881
1893
1962
1964
1910
1930
1910
1934
1901
1871
1896
1886
1882
1878
1906
1805
1838
1743
1746
1735
1748
1730
1772
1725
1767
1747
1804
1780
1798
1818
1808
1820
1812
1799
1817
1785
1830
1746
1785
1780
1777
1721
1769
1733
1792
1753
1735
1717
1699
1716
1727
1744
1777
1790
1769
1774
1775
1801
1767
1780
1762
1757
1750
1778
1792
1810
1758
1756
1734
1747
1736
1748
1826
1786
1790
1741
1775
1778
1779
1843
1813
1833
1842
1820
1816
1843
1819
1834
1812
1817
1798
1791
1826
1808
1798
1854
1794
1770
1756
1746
1757
1739
1757
1762
1743
1778
1801
1797
1875
1845
1785
1797
1773
1767
1743
1749
1678
1667
1682
1687
1738
1691
1703
1690
1735
1708
1699
1700
1697
1752
1748
1767
1788
1825
1766
1798
1781
1712
1727
1687
1675
1705
1711
1746
1726
1716
1714
1661
1738
1690
1760
1726
1773
1761
1797
1730
1733
1716
1702
1690
1649
1698
1650
1686
1637
1709
1677
1663
1691
1665
1699
1723
1726
1708
1721
1730
1759
1761
1796
1790
1780
1784
1776
1773
1791
1838
1796
1829
1817
1840
1814
1818
1849
1842
1819
1779
1795
1783
1786
1831
1773
1769
1782
1783
1767
1777
1753
