11987
13665
11516
11300
10687
10347
9927
9688
9352
9120
8710
8209
7894
7910
7538
7533
7240
7260
7060
7046
6781
6826
6884
6825
6539
6448
6493
6525
6330
6303
6265
6238
6193
6136
6050
5982
5969
5851
5750
5697
5570
5577
5497
5494
5525
5320
5412
5338
5494
5308
5281
5127
5123
4993
5019
4962
4897
4848
4872
4892
4942
4900
4871
4944
4777
4777
4771
4796
4670
4627
4580
4573
4586
4552
4560
4691
4549
4555
4495
4546
4416
4540
4515
4630
4510
4606
4394
4442
4217
4363
4168
4257
4174
4222
4221
4203
4073
4057
3964
4028
3945
4001
3939
3867
3903
3908
3797
3866
3804
3840
3814
3824
3817
3767
3851
3716
3730
3639
3716
3635
3561
3524
3411
3372
3379
3448
3387
3351
3415
3383
3433
3491
3595
3503
3499
3632
3599
3598
3548
3518
3493
3539
3440
3486
3478
3515
3413
3495
3476
3529
3543
3519
3495
3553
3490
3473
3432
3409
3365
3356
3360
3311
3261
3289
3263
3338
3364
3356
3308
3309
3278
3332
3329
3409
3324
3271
3323
3224
3181
3205
3113
3066
3058
3119
3014
3125
3080
3230
3167
3204
3095
3161
3112
3032
3079
3028
3031
3009
2896
2949
2921
2875
2869
2921
2940
2854
2889
2916
2971
2940
2877
2895
2951
2937
2932
2953
2887
2883
2929
2914
2839
2836
2784
2801
2811
2778
2774
2804
2773
2720
2705
2735
2744
2742
2742
2685
2684
2657
2563
2553
2557
2533
2555
2545
2469
2432
2439
2468
2498
2492
2480
2415
2368
2372
2401
2408
2350
2375
2401
2491
2416
2433
2469
2416
2466
2519
2500
2536
2474
2557
2490
2466
2445
2508
2395
2423
2467
2500
2488
2543
2488
2537
2485
2525
2491
2522
2473
2517
2483
2501
2486
2519
2497
2476
2572
2554
2571
2590
2603
2615
2542
2525
2501
2491
2468
2441
2517
2448
2423
2473
2495
2450
2444
2458
2404
2393
2452
2389
2420
2388
2397
2379
2397
2319
2427
2356
2320
2277
2300
2301
2355
2367
2358
2409
2401
2456
2444
2429
2403
2388
2365
2362
2356
2383
2345
2301
2210
2229
2169
2126
2135
2095
2050
2065
2086
2134
2155
2100
2101
2049
2104
2065
2094
2093
2057
2057
2077
2057
2057
2067
2086
2099
2144
2155
2114
2063
2089
2083
2034
2109
2062
2086
2070
2071
2144
2092
2154
2103
2128
2173
2134
2128
2179
2129
2170
2138
2111
2081
2126
2034
2011
2036
2036
1990
2006
1982
1991
1974
1959
1919
1935
1934
1970
1952
2001
2015
2022
2057
1987
1997
2019
2036
2030
2022
2015
2015
1982
1961
1976
1955
1973
1944
1912
1929
1954
1976
2014
1997
1996
2000
2021
2053
2061
2037
2045
2029
1990
2000
1973
2006
2012
2009
1991
1966
1940
1918
1898
1925
1928
1955
1940
1973
1961
1993
2018
2042
1989
2002
1963
1912
1948
1948
1927
1895
1922
1957
1974
1968
1954
1966
1961
1990
1917
1943
1939
1949
1959
1979
1931
1938
2000
1997
1955
1995
1916
1935
1929
1933
1929
1940
1955
1976
2013
2017
2012
1982
2053
2008
2009
1984
1980
1974
1939
1981
1930
1942
1968
1935
1926
1962
1980
1954
1950
1916
1945
1926
1975
1916
1970
1908
1962
1939
1917
1913
1883
1915
1920
1945
1957
1949
1902
1918
1897
1903
1933
1931
1951
1947
1938
1940
1937
1934
1997
1979
1988
1987
1980
2013
2024
2010
2026
2021
2052
2078
2039
2003
1993
1954
1990
1913
1950
1938
1960
1996
2020
2024
2004
2019
2017
2023
2004
1969
1977
1955
2024
1972
2003
2004
2007
1991
1979
1963
1951
1931
1958
2000
1951
1998
1946
2009
2008
2025
1994
1969
1981
1983
1969
1977
1956
1974
1961
1953
2005
1928
1969
1925
1943
1923
1935
1937
1898
1861
1855
1861
1856
1824
1817
1822
1824
1840
1811
1804
1798
1791
1752
1796
1734
1738
1734
1736
1719
1679
1676
1678
1666
1647
1642
1638
1692
1636
1664
1699
1642
1691
1662
1680
1655
1662
1628
1640
1608
1624
1628
1605
1627
1619
1619
1629
1634
1654
1652
1674
1664
1674
1651
1645
1667
1637
1709
1699
1728
1734
1740
1722
1726
1743
1739
1786
1751
1772
1740
1772
1729
1755
1731
1680
1688
1633
1666
1684
1681
1714
1690
1675
1634
1647
1627
1611
1606
1653
1652
1657
1659
1669
1668
1661
1619
1628
1649
1647
1650
1634
1653
1660
1647
1637
1608
1633
1618
1662
1644
1646
1649
1672
1669
1670
1672
1662
1641
1646
1667
1681
1711
1670
1678
1666
1671
1637
1647
1627
1629
1647
1648
1652
1662
1646
1660
1652
1680
1709
1719
1725
1737
1707
1731
1715
1718
1720
1693
1683
1645
1664
1627
1628
1617
1608
1594
1603
1589
1607
1604
1635
1634
1638
1594
1582
1604
1594
1588
1553
1575
1570
1634
1629
1650
1627
1649
1641
1658
1650
1697
1670
1708
1681
1661
1666
1690
1691
1713
1754
1740
1750
1730
1709
1712
1689
1709
1709
1736
1755
1754
1813
1806
1865
1809
1813
1841
1837
1813
1830
1890
1890
1877
1875
1855
1833
1843
1855
1855
1834
1846
1891
1905
1888
1896
1865
1929
1934
1892
1940
1894
1944
1923
1930
1974
1964
1975
1968
1918
1932
1882
1957
1942
1924
1939
1946
1958
1957
1915
1888
1924
1902
1873
1893
1844
1845
1825
1830
1870
1851
1851
1866
1820
1842
1847
1897
1829
1879
1854
1867
1881
1926
1972
1921
1921
1922
1870
1865
1831
1845
1840
1862
1848
1875
1883
1933
1899
1927
1956
1944
1985
1945
1963
1909
1946
1893
1934
1960
1956
1962
1977
1992
1965
1926
1934
1941
1931
1898
1904
1878
1878
1854
1826
1791
1774
1784
1820
1804
1788
1813
1835
1831
1830
1788
1806
1821
1836
1805
1751
1778
1757
1745
1729
1692
1725
1724
1744
1750
1721
1726
1750
1780
1787
1811
1830
1868
1859
1835
1830
1869
1910
1852
1854
1889
1841
1856
1826
1809
1862
1867
1840
1805
1805
1802
1798
1772
1750
1735
1732
1759
1797
1872
1855
1867
1911
1946
1928
1928
1955
1923
