11957
13773
11574
11591
10723
10414
10105
9763
9549
9277
8963
8681
8318
8128
7871
7770
7681
7463
7259
7144
6954
6893
6657
6625
6582
6479
6342
6307
6245
6157
6058
6008
5977
5919
5742
5702
5658
5575
5471
5457
5400
5446
5295
5144
5021
4956
4992
4925
4976
4998
4867
4854
4895
4898
4824
4848
4879
4857
4904
4808
4749
4818
4787
4802
4745
4698
4664
4662
4740
4651
4704
4595
4598
4540
4548
4430
4420
4369
4254
4236
4264
4186
4201
4180
4114
4110
4060
4065
4064
4105
4003
4061
4019
3915
3922
3819
3802
3915
3855
3890
3876
3930
3909
3931
3843
3797
3795
3761
3782
3819
3781
3697
3785
3674
3725
3680
3679
3589
3627
3651
3583
3569
3496
3448
3458
3441
3387
3371
3359
3466
3416
3405
3287
3290
3311
3225
3174
3164
3150
3206
3185
3204
3206
3203
3195
3116
3190
3154
3157
3139
3141
3134
3115
3128
3174
3113
3149
3138
3138
3110
3192
3156
3141
3110
3095
3175
3156
3176
3061
3062
3070
3136
3064
3041
3107
3115
3070
3003
2960
2924
2875
2845
2864
2873
2893
2929
2948
2923
2946
2856
2917
2899
2900
2939
2969
2878
2865
2917
2828
2905
2806
2937
2819
2824
2852
2888
2835
2835
2835
2848
2876
2850
2840
2825
2835
2797
2781
2750
2696
2744
2706
2741
2699
2805
2729
2845
2783
2751
2715
2679
2729
2680
2667
2625
2702
2629
2677
2672
2696
2765
2761
2754
2795
2739
2760
2752
2791
2789
2752
2743
2700
2702
2741
2596
2611
2544
2603
2581
2623
2633
2717
2625
2737
2666
2677
2655
2632
2625
2682
2661
2723
2700
2713
2678
2704
2722
2763
2718
2662
2676
2595
2634
2652
2771
2753
2823
2899
2873
2859
2897
2827
2876
2836
2836
2837
2848
2794
2795
2770
2764
2727
2706
2660
2600
2637
2655
2701
2668
2616
2595
2662
2590
2542
2521
2534
2516
2528
2516
2501
2505
2538
2547
2548
2584
2579
2558
2607
2590
2608
2584
2614
2623
2667
2617
2671
2596
2617
2605
2662
2551
2590
2528
2564
2539
2536
2489
2484
2504
2422
2417
2379
2383
2353
2355
2400
2380
2392
2363
2380
2366
2363
2267
2301
2280
2286
2296
2306
2246
2230
2214
2166
2176
2199
2231
2287
2306
2291
2333
2391
2436
2436
2467
2482
2453
2349
2433
2357
2408
2345
2320
2291
2277
2288
2262
2298
2248
2289
2266
2224
2256
2249
2277
2234
2257
2287
2370
2350
2339
2324
2321
2293
2298
2302
2307
2351
2339
2328
2274
2281
2248
2241
2310
2300
2274
2312
2214
2234
2258
2230
2204
2206
2244
2294
2265
2304
2349
2368
2356
2423
2453
2466
2513
2471
2471
2456
2492
2501
2465
2478
2510
2480
2460
2385
2365
2394
2398
2396
2368
2355
2308
2321
2289
2306
2255
2334
2324
2296
2343
2304
2305
2345
2341
2294
2291
2312
2322
2285
2306
2316
2298
2331
2325
2321
2373
2337
2329
2360
2371
2410
2424
2356
2384
2284
2265
2250
2232
2300
2253
2274
2189
2164
2205
2180
2249
2204
2155
2171
2138
2179
2183
2201
2220
2244
2271
2247
2241
2250
2271
2235
2283
2263
2221
2209
2212
2201
2206
2209
2220
2222
2243
2251
2199
2171
2175
2115
2138
2108
2127
2100
2066
2031
2046
2074
2095
2107
2198
2092
2210
2165
2226
2175
2177
2170
2183
2179
2154
2160
2177
2182
2232
2233
2155
2277
2267
2334
2269
2307
2310
2386
2327
2421
2303
2315
2339
2346
2299
2308
2301
2272
2281
2292
2319
2232
2231
2262
2195
2134
2111
2110
2041
2106
2057
2041
2015
2052
2003
2003
2014
2023
2023
1956
1985
1944
2015
2012
2013
1999
1968
1988
2003
2029
1995
1972
1956
1950
2008
1982
2019
1955
1996
1998
1999
2001
1965
2000
1965
1962
2006
1947
2005
2044
2070
2071
2071
2061
2066
2026
2079
2035
2028
2040
2065
2098
2099
2097
2050
2010
1999
1941
1971
1958
1911
1908
1907
1909
1912
1835
1852
1783
1792
1791
1773
1788
1739
1742
1728
1779
1765
1774
1782
1769
1743
1812
1781
1834
1763
1765
1711
1729
1730
1777
1801
1838
1801
1854
1789
1841
1858
1800
1855
1881
1830
1852
1887
1928
1910
1954
1941
1921
1916
1902
1919
1904
1916
1917
1909
1908
1858
1866
1839
1848
1828
1837
1828
1837
1867
1846
1888
1867
1812
1897
1854
1874
1833
1857
1877
1840
1879
1869
1883
1873
1870
1830
1866
1887
1868
1859
1830
1857
1815
1800
1805
1791
1808
1778
1773
1761
1763
1763
1774
1750
1764
1787
1789
1806
1804
1796
1798
1869
1763
1801
1738
1776
1750
1771
1780
1775
1833
1833
1878
1901
1873
1899
1933
1877
1909
1871
1900
1878
1884
1926
1884
1950
1881
1914
1928
1941
2019
1968
1954
2022
2025
2019
2005
1997
2001
1946
1949
1921
1920
1919
1905
1944
1972
2021
2040
2092
2049
2094
2072
2018
2032
2032
2063
2032
2075
1996
2006
1960
2014
2007
2027
2026
2015
2050
2025
2008
2024
2001
2043
1944
1977
1958
1953
1911
1930
1899
1946
1865
1886
1882
1833
1846
1848
1821
1888
1862
1937
1881
1907
1862
1937
1940
1937
1922
1934
1933
1896
1899
1882
1849
1873
1853
1874
1823
1817
1822
1849
1834
1855
1846
1860
1771
1795
1806
1781
1818
1793
1822
1800
1768
1781
1744
1800
1756
1799
1782
1775
1793
1780
1738
1736
1725
1711
1743
1668
1668
1670
1669
1656
1659
1689
1646
1683
1639
1661
1649
1665
1689
1764
1755
1792
1738
1790
1729
1786
1741
1761
1752
1830
1823
1773
1809
1756
1859
1823
1881
1841
1844
1844
1863
1853
1858
1846
1858
1866
1839
1873
1879
1847
1892
1879
1901
1901
1891
1879
1881
1883
1841
1869
1833
1885
1867
1900
1871
1876
1860
1871
1938
1887
1919
1986
1965
2000
1996
1992
1941
2001
1947
1943
1944
1962
1980
2015
1987
2003
1962
1962
1995
2011
2018
2072
2122
2171
2134
2073
2053
2042
2010
2057
2026
2080
2012
2093
2058
2159
2041
2106
2060
2100
