11979
13913
11554
11644
10744
10406
9906
9751
9275
8944
8610
8486
8109
7954
7734
7680
7312
7282
7048
7100
6762
6655
6479
6439
6257
6180
6063
6042
5849
5677
5649
5563
5548
5529
5450
5373
5244
5178
5067
5101
5014
4936
4889
4967
5013
4945
4945
4871
4914
4841
4766
4684
4687
4648
4630
4659
4617
4586
4598
4574
4670
4572
4631
4538
4630
4573
4552
4575
4544
4505
4527
4491
4512
4510
4331
4351
4186
4105
4117
4093
4107
4135
4165
4177
4216
4270
4177
4275
4279
4230
4158
4048
4016
4008
3915
3906
3859
3816
3778
3718
3765
3821
3777
3680
3699
3704
3700
3679
3638
3626
3589
3601
3560
3502
3594
3544
3552
3496
3534
3493
3464
3528
3566
3561
3524
3542
3554
3478
3553
3500
3455
3451
3474
3552
3558
3581
3580
3548
3634
3532
3571
3498
3558
3506
3541
3534
3526
3519
3498
3531
3602
3611
3576
3526
3492
3454
3446
3489
3441
3296
3310
3258
3177
3169
3109
3082
3054
3017
3106
3015
3057
3100
3119
3124
3178
3194
3229
3218
3200
3250
3271
3284
3330
3260
3296
3279
3250
3225
3162
3181
3181
3089
3147
3137
3208
3066
3124
3074
3134
3079
3091
3073
3003
2958
2997
3000
2965
2997
2982
2941
2969
2943
2912
2912
2865
2885
2939
2872
2879
2795
2765
2782
2848
2905
2913
2866
2851
2856
2893
2852
2796
2837
2798
2849
2725
2758
2714
2811
2753
2823
2804
2884
2895
2913
2925
2956
2948
2958
2993
3037
3040
3157
3093
3115
3008
3055
2991
3069
2994
3003
2969
2890
2920
2967
3013
3003
2972
2925
2916
2865
2838
2846
2815
2796
2846
2799
2801
2771
2785
2708
2734
2692
2666
2680
2749
2736
2733
2671
2624
2596
2596
2547
2542
2590
2521
2577
2565
2639
2549
2563
2510
2529
2570
2582
2534
2569
2495
2498
2520
2516
2583
2605
2641
2695
2689
2663
2679
2693
2709
2737
2712
2730
2708
2760
2743
2747
2752
2752
2767
2738
2760
2813
2815
2780
2774
2769
2714
2779
2720
2695
2724
2753
2723
2750
2771
2771
2691
2732
2684
2693
2672
2668
2609
2648
2635
2646
2623
2640
2691
2678
2657
2766
2761
2832
2755
2760
2767
2723
2726
2677
2730
2632
2657
2624
2641
2597
2654
2592
2631
2716
2666
2605
2656
2675
2676
2695
2684
2710
2695
2596
2588
2505
2566
2492
2530
2476
2444
2394
2389
2328
2346
2364
2388
2356
2374
2355
2418
2307
2410
2384
2453
2466
2559
2431
2492
2469
2513
2507
2519
2484
2501
2476
2465
2445
2425
2418
2445
2440
2470
2471
2402
2417
2386
2411
2444
2345
2380
2355
2398
2421
2373
2429
2395
2341
2328
2354
2302
2348
2284
2219
2214
2284
2285
2380
2329
2311
2347
2251
2283
2139
2169
2102
2055
2054
2033
2114
2014
2020
1977
1971
1980
1949
1929
1916
1968
1922
1964
1921
1962
1960
1943
1998
1983
2045
2022
2110
2056
2071
2045
2087
2085
2171
2122
2142
2118
2111
2079
2094
2071
2045
2089
2097
2121
2109
2145
2082
2048
2098
2114
2182
2158
2210
2179
2207
2198
2243
2215
2188
2159
2200
2089
2146
2085
2135
2060
2059
2036
2016
2069
2075
2121
2178
2129
2153
2129
2051
2072
2059
2112
2081
2161
2137
2122
2085
2139
2054
2117
2124
2129
2099
2083
2111
2002
1982
1994
1965
1931
1935
1993
1980
1974
1925
1964
1952
1964
1980
1979
1975
1964
1955
1967
1986
1982
2072
2024
2063
2066
2075
2046
2034
2028
2044
2047
2060
2051
2070
2075
2080
2054
2082
2098
2077
2107
2171
2154
2090
2096
2078
2060
2058
1983
2052
1990
1993
1930
1952
1970
2021
1987
2027
2070
2088
2078
2147
2216
2140
2152
2089
2090
2081
2115
2094
2050
2077
2074
2109
2093
2059
2030
1999
1994
2022
1949
2046
1996
2083
2052
2110
2111
2077
2040
2008
1986
2019
1993
2057
1999
2025
1970
2042
2024
2033
2018
2026
2071
2042
2047
2061
2072
2060
2105
2095
2146
2142
2117
2119
2121
2112
2119
2106
2101
2128
2106
2166
2163
2193
2217
2235
2243
2284
2204
2197
2228
2180
2157
2179
2236
2164
2269
2239
2206
2212
2194
2194
2209
2174
2245
2169
2172
2145
2079
2128
2084
2040
2050
2079
2092
2072
2119
2086
2108
2104
2131
2141
2136
2185
2180
2256
2256
2260
2245
2220
2251
2181
2242
2153
2146
2103
2171
2163
2126
2121
2143
2122
2115
2110
2083
2118
2078
2110
2071
2070
2061
2013
2062
2044
2023
2085
2056
2123
2148
2161
2182
2172
2195
2186
2146
2220
2054
2130
2108
2067
2128
2136
2094
2098
2057
2086
2027
2029
2056
2075
2114
2154
2163
2195
2187
2198
2246
2249
2287
2221
2271
2277
2298
2291
2230
2260
2228
2210
2217
2258
2200
2198
2231
2159
2214
2166
2183
2212
2136
2188
2131
2084
2091
2122
2128
2123
2095
2057
2035
2066
2032
2128
2112
2130
2137
2144
2074
2068
2071
2054
2091
2108
2102
2098
2107
2131
2167
2146
2141
2191
2206
2148
2143
2098
2064
2071
2039
2078
2061
2074
2105
2061
2070
2080
2130
2134
2161
2157
2157
2150
2171
2236
2141
2168
2132
2156
2109
2137
2136
2155
2114
2152
2139
2165
2139
2099
2086
2080
2054
2076
2061
2083
2044
2063
2011
1979
1977
1921
1902
1885
1863
1903
1911
1929
2011
1955
1961
2002
2010
2075
2072
2111
2078
2119
2154
2143
2177
2153
2145
2104
2131
2108
2077
2114
2041
2056
2075
2084
2057
2074
2117
2205
2131
2133
2165
2116
2173
2083
2096
2118
2156
2101
2130
2127
2141
2207
2199
2219
2195
2176
2161
2137
2164
2128
2125
2119
2124
2145
2111
2140
2157
2163
2206
2187
2254
2232
2291
2229
2231
2211
2182
2212
2145
2234
2190
2183
2228
2166
2121
2111
2080
2071
2203
2144
2242
2207
2228
2157
2162
2152
2189
2134
2112
2084
2184
2125
2196
2169
2200
2051
2132
2044
2064
2077
2081
2070
2120
2078
2127
2091
2109
2115
2078
2114
2100
2090
2054
2038
