11879
13700
11589
11413
10705
10360
9913
9554
9378
8845
8563
8369
8291
8024
7851
7560
7404
7099
6840
6780
6592
6629
6313
6334
6144
6165
6041
5953
5829
5799
5735
5583
5554
5470
5530
5510
5465
5544
5461
5459
5372
5338
5329
5286
5341
5284
5297
5220
5262
5204
5217
5117
5105
5226
5143
5158
5128
5201
5057
5036
4871
4788
4778
4683
4720
4686
4559
4561
4449
4595
4440
4550
4451
4486
4488
4466
4489
4406
4431
4397
4347
4271
4259
4167
4151
4100
4146
4056
4176
4034
4112
4030
4005
3988
3954
3888
3910
3786
3799
3797
3799
3742
3678
3661
3757
3708
3748
3754
3737
3702
3768
3732
3683
3662
3639
3658
3575
3640
3661
3638
3614
3642
3520
3462
3428
3493
3467
3529
3476
3535
3584
3503
3614
3496
3465
3399
3472
3382
3469
3437
3441
3399
3341
3419
3341
3445
3451
3401
3450
3406
3383
3339
3419
3405
3405
3389
3346
3414
3342
3365
3335
3296
3264
3248
3226
3195
3207
3221
3262
3198
3187
3223
3257
3271
3290
3140
3208
3182
3183
3180
3161
3098
3132
3113
3061
3035
2945
2920
2856
2862
2842
2801
2761
2757
2777
2723
2704
2710
2716
2798
2772
2824
2753
2783
2816
2819
2868
2819
2889
2868
2967
2934
3010
2898
2887
2876
2881
2888
2934
2970
2958
2964
2963
2993
3011
2994
3018
2943
2923
2918
2918
2936
2962
2794
2745
2683
2727
2718
2811
2715
2698
2653
2725
2604
2556
2615
2556
2553
2562
2635
2632
2718
2693
2734
2712
2696
2700
2728
2647
2672
2618
2644
2618
2616
2602
2593
2689
2704
2713
2714
2694
2697
2668
2766
2741
2712
2667
2684
2659
2683
2695
2581
2644
2493
2628
2530
2588
2511
2516
2513
2502
2545
2494
2520
2469
2519
2448
2514
2506
2524
2542
2522
2559
2564
2547
2525
2473
2482
2431
2430
2396
2411
2385
2414
2422
2413
2418
2413
2424
2430
2448
2425
2449
2394
2411
2391
2411
2382
2421
2405
2371
2395
2360
2344
2413
2419
2433
2435
2489
2420
2465
2415
2494
2347
2371
2330
2376
2342
2370
2398
2419
2416
2425
2411
2419
2408
2425
2417
2410
2439
2427
2423
2441
2386
2396
2382
2390
2375
2374
2371
2367
2349
2342
2325
2350
2414
2342
2355
2393
2354
2417
2379
2312
2356
2334
2332
2311
2364
2336
2320
2301
2370
2273
2309
2291
2312
2294
2267
2230
2269
2266
2248
2321
2292
2306
2360
2355
2334
2321
2275
2254
2275
2229
2204
2175
2152
2183
2152
2186
2170
2183
2141
2222
2229
2295
2264
2217
2213
2180
2187
2210
2159
2187
2191
2229
2190
2149
2144
2165
2183
2132
2163
2194
2210
2251
2219
2195
2151
2184
2141
2116
2049
2031
1996
2014
1997
2049
2076
2046
2107
2069
2060
2070
2022
2070
2084
2095
2110
2120
2094
2080
2104
2112
2117
2045
2020
2017
2027
2044
2112
2109
2079
2152
2106
2066
2088
2095
2123
2136
2129
2158
2072
2073
2060
2075
2079
2104
2087
2097
2074
2071
2077
2070
2060
2109
2104
2109
2138
2163
2171
2185
2229
2222
2168
2131
2172
2229
2133
2150
2163
2213
2221
2247
2284
2281
2295
2279
2329
2302
2310
2301
2348
2300
2314
2353
2317
2348
2303
2254
2176
2138
2102
2059
2044
2035
2070
2073
2143
2127
2127
2142
2156
2104
2081
2092
2097
2087
2064
1995
2024
2001
1951
1990
1993
1975
1923
1984
1968
1980
1946
1941
1932
1934
1925
1907
1866
1845
1862
1891
1848
1861
1822
1842
1817
1862
1842
1915
1877
1845
1851
1832
1871
1850
1827
1804
1831
1865
1843
1834
1782
1825
1801
1864
1828
1838
1823
1857
1853
1865
1855
1850
1842
1791
1790
1814
1755
1806
1750
1817
1790
1778
1773
1805
1798
1803
1821
1801
1845
1848
1855
1876
1906
1846
1865
1825
1825
1863
1848
1888
1866
1857
1844
1840
1818
1842
1822
1825
1768
1765
1792
1791
1812
1816
1832
1820
1851
1848
1886
1896
1917
1920
1892
1906
1938
1929
1900
1943
1885
1888
1917
1933
1960
1972
1980
1911
1924
1920
1887
1928
1848
1873
1841
1927
1843
1855
1873
1873
1914
1904
1917
1909
1887
1934
1925
1877
1920
1870
1875
1866
1834
1842
1829
1812
1780
1792
1776
1766
1727
1708
1698
1699
1660
1668
1677
1686
1705
1665
1657
1674
1676
1665
1671
1664
1677
1721
1739
1762
1778
1780
1751
1721
1766
1749
1782
1758
1800
1739
1786
1770
1778
1777
1752
1794
1783
1798
1852
1859
1848
1840
1845
1827
1819
1800
1850
1816
1814
1754
1732
1728
1703
1743
1712
1712
1704
1695
1715
1733
1740
1718
1757
1716
1736
1714
1715
1724
1746
1786
1771
1789
1767
1808
1794
1812
1777
1806
1784
1818
1802
1780
1800
1770
1744
1752
1721
1730
1736
1709
1745
1754
1748
1776
1771
1806
1789
1816
1858
1878
1857
1890
1907
1878
1893
1854
1901
1873
1884
1863
1883
1829
1840
1792
1843
1837
1856
1886
1882
1841
1830
1802
1816
1810
1813
1793
1797
1764
1732
1702
1690
1699
1710
1710
1701
1753
1721
1721
1726
1678
1715
1699
1721
1696
1665
1701
1679
1714
1715
1696
1754
1702
1740
1722
1749
1771
1776
1814
1761
1788
1767
1796
1816
1782
1787
1832
1817
1834
1882
1811
1828
1802
1848
1819
1777
1734
1719
1709
1711
1732
1721
1671
1673
1626
1650
1602
1565
1557
1586
1581
1580
1591
1614
1603
1603
1594
1588
1544
1579
1561
1556
1540
1561
1541
1554
1542
1552
1555
1526
1553
1563
1574
1595
1596
1624
1588
1606
1559
1607
1605
1620
1647
1681
1676
1665
1667
1691
1682
1680
1661
1664
1653
1659
1676
1665
1686
1617
1633
1644
1617
1625
1661
1687
1676
1697
1665
1686
1715
1709
1698
1709
1675
1699
1674
1666
1640
1681
1669
1732
1708
1728
1662
1694
1677
1669
1631
1647
1673
1679
1641
1669
1627
1644
1604
1654
1621
1648
1650
1657
1643
1631
1626
1635
1625
1608
1612
1607
1616
1597
1600
1575
1594
1610
