11892
13609
11470
11363
10567
10357
10090
9857
9537
9369
9014
8756
8607
8344
7970
7767
7540
7487
7322
7262
7129
7024
7011
6842
6752
6657
6490
6532
6386
6470
6238
6245
6097
5927
5909
5879
5998
5761
5704
5593
5528
5553
5540
5422
5256
5170
5123
4975
4974
4951
4935
4872
4911
4810
4758
4773
4756
4750
4624
4646
4587
4589
4434
4380
4407
4371
4370
4226
4290
4193
4266
4435
4299
4294
4264
4287
4226
4230
4203
4167
4173
4150
4131
4229
4208
4142
4158
4192
4166
4140
4102
4061
4049
3933
3975
3871
3836
3926
3977
3958
3901
3938
3990
3965
3972
3899
3899
3855
3991
3980
3914
3892
3849
3903
3942
3895
3925
3918
3912
3887
3897
3832
3805
3800
3758
3839
3917
3845
3821
3752
3737
3764
3594
3598
3509
3505
3482
3468
3464
3498
3487
3471
3533
3527
3483
3500
3510
3555
3540
3583
3613
3498
3649
3593
3637
3581
3612
3578
3733
3691
3737
3743
3713
3686
3725
3700
3701
3731
3683
3679
3593
3632
3501
3578
3505
3539
3433
3379
3359
3343
3260
3293
3296
3383
3373
3427
3417
3508
3487
3560
3515
3578
3539
3542
3575
3547
3553
3618
3605
3502
3478
3407
3426
3330
3351
3343
3282
3173
3160
3202
3264
3246
3304
3309
3276
3281
3272
3151
3222
3260
3288
3213
3393
3356
3518
3433
3459
3451
3381
3365
3348
3316
3375
3370
3319
3365
3347
3421
3377
3357
3428
3404
3445
3409
3428
3433
3404
3398
3371
3424
3337
3315
3345
3309
3410
3425
3384
3478
3366
3447
3421
3380
3373
3363
3336
3283
3229
3244
3183
3234
3157
3182
3205
3143
3143
3043
3083
3027
3052
3027
3011
2937
2965
2942
2905
2918
2898
2884
2889
2885
2940
2927
2972
2950
2884
2933
2914
2873
2804
2875
2853
2835
2810
2814
2750
2723
2771
2763
2756
2763
2773
2777
2844
2852
2804
2788
2785
2775
2858
2858
2868
2816
2907
2862
2886
2817
2892
2839
2865
2898
2864
2857
2813
2772
2786
2702
2658
2687
2637
2610
2573
2579
2556
2577
2569
2597
2594
2568
2607
2581
2635
2563
2562
2530
2495
2440
2416
2398
2414
2415
2401
2423
2395
2362
2339
2329
2262
2286
2258
2330
2342
2356
2373
2382
2370
2381
2412
2393
2375
2363
2312
2317
2242
2282
2270
2245
2242
2192
2148
2192
2164
2127
2155
2160
2134
2160
2123
2117
2114
2117
2130
2134
2217
2193
2201
2224
2242
2233
2237
2263
2228
2240
2275
2335
2271
2278
2244
2290
2262
2270
2266
2299
2261
2278
2233
2274
2300
2278
2249
2301
2353
2392
2378
2443
2446
2487
2506
2461
2436
2470
2456
2508
2551
2568
2566
2532
2490
2504
2545
2479
2553
2531
2551
2560
2541
2558
2488
2463
2488
2462
2468
2435
2422
2454
2456
2490
2496
2568
2537
2543
2540
2522
2515
2560
2516
2536
2467
2487
2511
2542
2566
2588
2570
2587
2635
2632
2686
2639
2690
2628
2705
2691
2663
2617
2681
2715
2702
2772
2735
2770
2757
2702
2728
2703
2712
2620
2692
2625
2693
2637
2680
2678
2698
2721
2681
2639
2660
2633
2616
2623
2642
2653
2513
2514
2484
2458
2480
2453
2471
2423
2465
2431
2464
2465
2442
2471
2436
2435
2489
2430
2406
2333
2364
2361
2365
2361
2344
2349
2366
2318
2359
2322
2351
2263
2313
2240
2262
2224
2236
2236
2227
2228
2225
2265
2192
2276
2256
2353
2317
2412
2355
2432
2389
2290
2276
2316
2262
2313
2212
2307
2247
2242
2261
2224
2238
2198
2232
2232
2264
2247
2250
2229
2296
2214
2227
2261
2301
2257
2242
2244
2252
2226
2171
2133
2175
2146
2121
2118
2106
2083
2136
1988
2012
1990
2045
2091
2047
2075
2108
2080
2089
2112
2128
2131
2148
2222
2130
2185
2160
2205
2168
2194
2126
2084
2033
2071
2093
2109
2105
2085
2036
2023
2018
1993
2024
2018
2051
2071
2104
2108
2035
2122
2099
2155
2159
2166
2125
2146
2103
2072
2053
2071
2045
2088
2059
2095
2047
2134
2050
2040
2010
1967
1936
1961
1929
1969
1959
1995
2002
2018
2008
1993
1997
1994
1928
1902
1896
1904
1916
1941
1947
1970
1935
1951
1953
1959
1953
1990
1974
1987
2007
2012
2033
2093
2016
2044
2035
2058
2012
2017
2012
2014
2036
2112
2011
2117
2043
2090
2080
2105
2049
2069
2057
2062
2019
1993
1969
1957
1877
1891
1849
1827
1838
1857
1916
1857
1917
1897
1917
1909
1904
1887
1964
1939
1976
1958
1953
1911
1935
1941
1916
1941
1937
1929
1941
1932
1938
1914
1960
1924
1942
1918
1950
1938
2002
2001
2008
1950
1975
1935
1926
1929
1917
1907
1884
1917
1923
1898
1876
1898
1862
1892
1883
1895
1839
1871
1824
1846
1821
1874
1890
1909
1892
1919
1916
1916
1931
1950
1971
1923
1970
1915
1926
1927
1941
1963
1942
1929
1940
1908
1879
1876
1897
1858
1885
1846
1848
1837
1839
1839
1789
1802
1810
1758
1771
1792
1805
1864
1872
1894
1916
1939
1951
1978
1926
1921
1921
1909
1876
1918
1893
1950
1931
1987
1930
1967
1866
1915
1907
1955
1919
1982
1934
1889
1858
1903
1853
1870
1817
1858
1904
1836
1843
1863
1848
1872
1810
1814
1807
1804
1818
1822
1818
1821
1839
1858
1893
1859
1891
1900
1922
1892
1927
1925
1917
1904
1915
1880
1856
1811
1824
1845
1803
1815
1806
1859
1844
1871
1867
1873
1890
1813
1849
1818
1873
1828
1885
1834
1821
1800
1798
1784
1782
1787
1824
1791
1759
1767
1740
1738
1735
1745
1705
1744
1736
1759
1795
1766
1755
1736
1738
1730
1767
1762
1768
1765
1780
1781
1784
1811
1843
1842
1953
1886
1880
1836
1847
1805
1828
1818
1828
1804
1818
1804
1797
1829
1768
1769
1747
1768
1795
1793
1826
1768
1806
1787
1781
1767
1778
1804
1828
1804
1815
1804
1762
1796
1778
1814
1838
1852
1858
1830
1881
1887
1894
1872
1902
1933
1937
1892
1908
1924
1915
1932
1932
1901
1909
1918
1893
1877
