11927
13694
11542
11541
10775
10492
9907
9591
9285
9075
8782
8363
8191
7957
7675
7410
7351
7137
7027
6835
6724
6657
6717
6322
6431
6201
6170
6171
6067
6125
6089
6013
5830
5769
5807
5589
5570
5486
5399
5402
5382
5329
5256
5275
5099
5049
5061
5081
4964
5000
4933
4868
4919
4748
4803
4815
4743
4753
4638
4681
4629
4563
4549
4589
4566
4527
4468
4371
4349
4229
4271
4183
4295
4312
4377
4299
4242
4253
4230
4167
4173
4095
4156
4135
4137
3930
3974
3968
3890
3913
3912
3901
3875
3919
3842
3872
3830
3842
3909
3882
3923
3956
3956
3850
3872
3865
3921
3902
3822
3790
3666
3695
3724
3629
3717
3645
3693
3664
3699
3697
3662
3630
3576
3618
3618
3584
3585
3599
3588
3620
3527
3501
3501
3416
3485
3567
3522
3462
3448
3457
3429
3347
3360
3339
3331
3300
3290
3175
3185
3121
3131
3069
3166
3172
3186
3141
3089
3105
3122
3244
3293
3354
3273
3211
3218
3158
3166
3140
3144
3104
3111
3152
3036
3049
3053
3002
3098
3028
3087
2986
2985
3025
3016
3057
2990
3119
3117
3140
3105
3119
3009
3043
2983
2955
2969
3008
2990
2983
2978
2895
2928
2890
2962
2872
2868
2923
2806
2803
2823
2791
2826
2764
2784
2823
2772
2816
2717
2730
2722
2708
2704
2675
2750
2700
2733
2731
2721
2717
2739
2682
2711
2651
2709
2727
2768
2767
2834
2791
2834
2767
2824
2673
2691
2685
2683
2766
2715
2792
2776
2772
2732
2801
2820
2799
2793
2744
2790
2815
2895
2909
2889
2812
2759
2800
2773
2799
2783
2767
2705
2711
2734
2633
2692
2693
2746
2666
2624
2596
2508
2494
2476
2470
2414
2436
2495
2487
2513
2491
2506
2459
2544
2494
2469
2501
2515
2517
2561
2461
2500
2495
2457
2491
2446
2478
2504
2472
2498
2496
2569
2544
2599
2542
2529
2538
2504
2399
2419
2427
2414
2470
2484
2490
2546
2446
2465
2396
2398
2376
2437
2390
2377
2369
2400
2370
2342
2357
2322
2322
2359
2383
2376
2340
2385
2361
2396
2264
2280
2299
2253
2273
2244
2251
2212
2214
2202
2190
2249
2288
2309
2321
2301
2314
2338
2289
2287
2285
2299
2278
2276
2300
2278
2261
2234
2334
2330
2332
2347
2304
2321
2319
2289
2331
2290
2312
2331
2356
2374
2342
2373
2400
2389
2375
2388
2358
2302
2300
2226
2229
2192
2205
2226
2271
2233
2215
2239
2265
2207
2239
2197
2187
2178
2209
2185
2230
2190
2254
2143
2151
2137
2111
2127
2105
2108
2150
2123
2164
2169
2187
2158
2265
2212
2282
2233
2267
2293
2219
2226
2257
2282
2327
2338
2349
2339
2317
2385
2366
2388
2372
2378
2386
2309
2321
2287
2320
2304
2370
2365
2351
2323
2380
2284
2367
2346
2341
2333
2417
2293
2315
2290
2242
2290
2288
2263
2318
2317
2290
2352
2312
2333
2312
2238
2264
2183
2212
2196
2241
2169
2217
2168
2203
2145
2145
2120
2161
2166
2174
2177
2216
2201
2245
2216
2231
2241
2241
2214
2272
2218
2211
2231
2217
2222
2257
2252
2304
2223
2216
2252
2296
2264
2282
2285
2286
2295
2238
2190
2185
2190
2201
2184
2208
2193
2227
2204
2163
2199
2183
2242
2276
2270
2317
2351
2378
2330
2344
2309
2358
2342
2361
2364
2316
2322
2290
2402
2338
2325
2333
2284
2258
2243
2215
2294
2288
2262
2236
2253
2209
2217
2225
2290
2276
2287
2192
2229
2231
2225
2249
2258
2197
2273
2277
2314
2352
2344
2378
2401
2437
2421
2423
2421
2401
2486
2428
2509
2444
2444
2470
2441
2477
2334
2408
2342
2336
2329
2287
2343
2327
2321
2326
2312
2321
2372
2428
2377
2428
2397
2456
2424
2428
2470
2448
2494
2511
2547
2494
2521
2533
2575
2552
2565
2534
2591
2584
2599
2556
2588
2607
2633
2642
2682
2710
2648
2672
2720
2669
2648
2597
2576
2541
2479
2478
2444
2490
2407
2441
2424
2489
2517
2473
2486
2543
2509
2520
2506
2440
2421
2353
2352
2405
2404
2421
2455
2422
2366
2363
2374
2401
2364
2410
2377
2384
2322
2367
2303
2339
2309
2273
2195
2240
2260
2248
2218
2253
2276
2248
2270
2288
2321
2288
2302
2307
2302
2318
2262
2314
2220
2259
2275
2266
2233
2272
2233
2201
2180
2202
2166
2197
2159
2218
2177
2205
2221
2241
2300
2299
2228
2215
2196
2174
2167
2149
2108
2142
2185
2181
2166
2242
2228
2239
2206
2228
2248
2241
2223
2288
2252
2243
2232
2192
2186
2177
2161
2154
2100
2075
2090
2103
2044
2035
1970
1999
2009
2023
1972
2043
2031
2070
2049
2076
2111
2023
2037
2042
2003
2032
2072
2131
2123
2092
2123
2128
2143
2160
2140
2138
2114
2092
2139
2106
2109
2080
2087
2084
2084
2060
1977
1994
1990
2009
2019
2060
2045
2082
2063
2060
2048
2030
2027
2024
2019
2099
2062
2102
2083
2080
2149
2101
2076
2116
2080
2143
2067
2163
2126
2203
2186
2190
2232
2159
2224
2207
2184
2192
2223
2170
2156
2165
2143
2133
2189
2226
2200
2167
2184
2120
2106
2076
2078
2089
2092
2043
2027
2003
2024
1998
2062
2038
2119
2127
2135
2108
2138
2071
2136
2101
2123
2115
2129
2141
2106
2138
2140
2117
2130
2084
2097
2086
2107
2094
2094
2097
2111
2084
2086
2073
2123
2111
2111
2148
2101
2172
2136
2171
2111
2137
2150
2174
2175
2205
2223
2276
2256
2342
2324
2421
2365
2393
2311
2311
2336
2253
2264
2253
2275
2236
2221
2271
2266
2288
2273
2267
2308
2298
2232
2159
2171
2142
2139
2152
2203
2132
2161
2113
2091
2091
2046
2105
2083
2089
2051
2071
2026
2048
2013
2005
2001
2040
2001
2027
2011
2038
2010
2007
2012
2025
2002
2002
2014
1927
1957
1949
2009
1947
1972
1951
1921
1921
1911
1928
1912
1961
1954
2002
2015
1990
1956
1973
1960
1953
1919
1919
1954
1947
1908
1860
1903
1823
1839
1826
1820
1841
1841
1816
1855
1805
1826
1846
1794
1832
1794
1780
