12093
13692
11802
11658
10977
10494
10062
9895
9504
9236
8794
8685
8258
7995
7869
7729
7433
7279
7149
6906
6933
6743
6641
6614
6530
6316
6294
6108
6076
5902
5851
5767
5751
5717
5610
5631
5566
5598
5605
5421
5387
5364
5363
5221
5257
5144
5275
5206
5120
5187
5084
5035
4979
4924
4910
4718
4791
4794
4777
4805
4843
4810
4736
4819
4754
4725
4661
4680
4619
4627
4483
4444
4426
4482
4524
4388
4470
4406
4405
4431
4349
4414
4344
4374
4326
4327
4293
4135
4142
4169
4049
4096
4145
4114
4029
4107
3972
3986
3910
3895
3884
3888
3956
3965
3921
3855
3906
3798
3831
3682
3717
3705
3723
3740
3717
3632
3632
3690
3669
3636
3607
3599
3544
3515
3498
3449
3399
3312
3263
3284
3284
3238
3284
3208
3133
3153
3118
3206
3094
3121
3113
3062
3088
2977
2961
3011
2993
2975
2968
2991
3087
3033
3039
3023
3082
3050
3083
3018
3060
3121
3151
3104
3174
3162
3172
3139
3083
3113
3027
3060
3063
3064
3027
3011
3102
3056
3074
3123
3092
3109
3073
3060
3062
3098
3109
3087
3111
3131
3036
3107
3030
3025
3075
2962
3007
3009
2988
2946
3053
2932
3007
2937
2943
2990
2962
3052
3025
2999
3048
3061
3041
3034
2982
2994
2933
2965
2919
2939
2982
2988
2982
2933
2912
2833
2882
2874
2831
2768
2754
2734
2756
2722
2773
2751
2782
2845
2843
2866
2834
2780
2830
2840
2835
2824
2826
2839
2757
2713
2707
2810
2713
2733
2701
2702
2635
2635
2612
2615
2592
2653
2621
2638
2617
2635
2613
2637
2602
2594
2595
2527
2515
2529
2515
2500
2485
2587
2587
2528
2563
2523
2541
2516
2533
2509
2496
2546
2530
2537
2532
2585
2522
2487
2521
2526
2498
2501
2583
2544
2576
2486
2518
2512
2592
2593
2565
2543
2513
2520
2437
2433
2427
2407
2423
2362
2428
2381
2445
2463
2484
2546
2505
2558
2563
2563
2484
2521
2465
2498
2495
2504
2499
2592
2577
2553
2500
2546
2495
2521
2491
2532
2503
2449
2470
2512
2489
2532
2496
2569
2551
2538
2514
2524
2594
2557
2603
2629
2572
2592
2625
2649
2585
2635
2557
2604
2601
2616
2588
2582
2587
2556
2542
2484
2469
2427
2415
2417
2365
2375
2385
2377
2388
2361
2306
2278
2274
2282
2224
2242
2236
2204
2207
2252
2213
2257
2241
2209
2208
2171
2171
2176
2208
2182
2210
2206
2188
2198
2158
2168
2240
2190
2206
2178
2132
2142
2128
2096
2094
2107
2130
2107
2127
2035
2014
1937
1984
1904
1941
1915
1915
1921
1921
1871
1919
1920
1854
1872
1854
1884
1861
1914
1831
1930
1914
1931
1975
1992
2024
2014
2059
2032
2018
2011
1991
2008
2019
2074
2102
2042
1991
2032
2072
2063
2083
2044
2121
2061
2079
2051
2050
2061
2020
2040
2072
2049
2024
2040
2031
1996
2009
2028
2008
2042
2119
2011
2063
2014
2079
2038
2067
2043
2093
2039
2108
2084
2061
2080
2066
2073
2050
2060
2084
2096
2053
2091
2110
2079
2112
2072
2042
2004
2008
1995
2032
2025
2044
2021
2034
2035
2026
2068
2057
2094
2096
2026
2026
1942
2041
1929
1959
1957
1965
2014
1966
1956
1953
1908
1928
1953
1938
1936
1888
1895
1887
1887
1942
1902
1904
1920
1928
1961
1979
2015
1966
1997
1985
1961
1903
1891
1909
1938
1920
1914
1873
1894
1899
1891
1871
1939
1899
1936
1854
1879
1832
1882
1859
1911
1789
1856
1891
1947
1900
1874
1856
1839
1847
1860
1867
1897
1845
1915
1882
1957
1908
2006
1982
2051
2034
2055
2024
1965
2006
2013
2051
2060
2084
2062
2040
2110
2064
2019
2041
2137
2110
2150
2105
2092
2045
2046
2042
2040
2053
2039
2093
2026
2059
1988
2060
2073
2083
2139
2153
2125
2140
2037
2027
2039
2060
2049
2019
2030
2013
2010
2008
1988
2010
2020
2026
1983
1997
1902
1906
1881
1908
1904
1937
1901
1915
1835
1852
1877
1860
1884
1855
1835
1819
1815
1757
1746
1737
1730
1755
1754
1782
1813
1774
1724
1789
1796
1785
1816
1763
1769
1744
1747
1716
1703
1713
1678
1694
1670
1683
1683
1678
1646
1652
1636
1672
1705
1696
1685
1686
1744
1664
1687
1652
1666
1691
1728
1782
1821
1799
1804
1830
1780
1822
1799
1840
1833
1844
1817
1839
1811
1827
1800
1843
1821
1814
1807
1725
1689
1683
1716
1695
1767
1722
1704
1722
1694
1734
1644
1691
1616
1638
1636
1647
1635
1618
1596
1635
1641
1576
1607
1580
1607
1650
1613
1595
1630
1619
1623
1629
1668
1668
1687
1664
1685
1651
1682
1634
1680
1674
1678
1693
1632
1662
1640
1614
1647
1625
1638
1604
1642
1648
1563
1542
1550
1517
1495
1509
1517
1522
1533
1500
1422
1433
1392
1388
1344
1343
1330
1322
1306
1308
1304
1285
1303
1327
1319
1344
1334
1319
1311
1301
1322
1331
1341
1331
1369
1395
1392
1392
1366
1390
1384
1380
1361
1382
1367
1368
1355
1369
1386
1387
1387
1379
1402
1414
1409
1393
1385
1375
1376
1381
1395
1399
1409
1414
1408
1431
1446
1450
1457
1435
1437
1449
1456
1456
1417
1438
1449
1469
1446
1415
1437
1424
1439
1450
1440
1435
1425
1434
1428
1439
1437
1451
1487
1455
1503
1499
1495
1499
1496
1516
1493
1522
1490
1494
1491
1491
1504
1479
1495
1475
1495
1500
1479
1518
1498
1500
1494
1519
1492
1493
1474
1438
1426
1412
1397
1411
1364
1374
1366
1389
1394
1404
1376
1385
1384
1380
1342
1364
1353
1375
1370
1366
1392
1376
1409
1405
1412
1384
1387
1416
1386
1410
1379
1375
1362
1363
1371
1382
1414
1442
1422
1453
1455
1446
1470
1459
1469
1435
1454
1441
1446
1473
1452
1442
1431
1459
1410
1427
1463
1484
1481
1464
1483
1485
1489
1475
1449
1469
1484
1464
1500
1462
1513
1503
1550
1503
1511
1485
1500
1520
1517
1492
1502
1472
1497
1454
1461
1466
1420
1448
1426
1407
1441
1427
1456
1436
1437
