12057
13912
11546
11578
10858
10561
10024
9849
9613
9405
8959
8705
8413
8214
8004
7809
7490
7327
7065
6995
6915
6868
6696
6686
6440
6369
6279
6267
6113
5990
5993
5821
5879
5726
5628
5604
5457
5545
5380
5344
5323
5186
5182
5098
5037
4969
4888
4855
4858
4705
4767
4667
4614
4588
4488
4411
4357
4263
4170
4216
4240
4140
4210
4082
4085
4119
4071
3988
3917
3877
3851
3795
3759
3824
3820
3805
3755
3714
3692
3657
3627
3649
3734
3694
3778
3823
3825
3852
3852
3857
3871
3828
3847
3770
3880
3831
3851
3764
3810
3814
3893
3901
3926
3876
3981
3799
3850
3739
3779
3660
3793
3655
3587
3632
3566
3585
3536
3595
3543
3509
3610
3561
3457
3457
3353
3416
3314
3356
3263
3318
3319
3453
3446
3429
3460
3511
3511
3444
3391
3269
3359
3319
3319
3306
3313
3307
3276
3258
3200
3230
3244
3279
3205
3244
3262
3215
3197
3127
3140
3107
3085
3034
3144
3080
3017
3070
3099
3057
3053
3007
2978
2940
2927
2982
3001
2959
3073
3060
3123
2972
3042
2975
3026
3030
3054
3034
2971
3070
2988
2977
2980
3057
3063
3105
3057
3066
2915
2978
2855
2862
2792
2855
2808
2832
2767
2740
2716
2771
2753
2814
2762
2835
2788
2854
2857
2808
2820
2769
2799
2848
2896
2896
2845
2730
2749
2730
2739
2694
2685
2640
2690
2640
2622
2578
2504
2595
2587
2644
2607
2618
2577
2634
2602
2602
2594
2581
2634
2590
2650
2591
2596
2614
2572
2605
2562
2587
2618
2576
2529
2508
2554
2555
2632
2510
2548
2548
2612
2605
2571
2603
2610
2493
2508
2468
2497
2474
2442
2388
2430
2452
2425
2382
2371
2381
2405
2436
2451
2442
2465
2435
2479
2494
2444
2444
2352
2404
2419
2430
2444
2485
2474
2406
2446
2441
2460
2465
2451
2418
2420
2435
2438
2395
2396
2401
2448
2502
2512
2488
2490
2450
2490
2448
2411
2366
2384
2417
2400
2397
2411
2428
2416
2403
2411
2437
2523
2490
2576
2526
2561
2475
2515
2490
2587
2494
2538
2446
2416
2367
2370
2285
2275
2319
2339
2422
2419
2475
2502
2462
2411
2424
2404
2391
2378
2416
2437
2427
2408
2395
2356
2404
2371
2415
2477
2427
2435
2440
2499
2490
2484
2428
2458
2413
2428
2435
2525
2483
2579
2544
2588
2519
2598
2457
2527
2496
2565
2462
2507
2447
2503
2464
2418
2489
2431
2502
2448
2530
2474
2502
2534
2508
2510
2507
2509
2552
2516
2512
2522
2508
2484
2472
2435
2414
2412
2451
2358
2345
2300
2315
2351
2316
2277
2216
2208
2227
2178
2162
2196
2148
2192
2156
2047
2125
2030
2064
2022
2038
2034
2070
2101
2119
2101
2154
2132
2162
2228
2283
2297
2294
2289
2260
2310
2250
2350
2295
2313
2378
2354
2349
2314
2262
2282
2250
2318
2324
2300
2313
2289
2292
2185
2235
2119
2117
2137
2149
2130
2093
2043
2028
2020
2031
2065
2043
2069
2064
2043
2045
2019
2050
2048
2005
2015
2037
2050
2013
2009
1975
1999
1952
1946
1963
1995
1960
2028
1986
1972
1917
1934
1961
1892
1934
1923
1937
1870
1920
1935
1942
2003
1955
2013
1954
1970
1962
1888
1885
1885
1933
1935
1941
1977
2006
1976
1956
1952
1977
1952
2028
2048
2078
2057
2098
2098
2131
2122
2128
2115
2176
2113
2122
2051
2125
2105
2139
2170
2075
2086
2111
2122
2216
2074
2131
2081
2128
2087
2085
2015
2074
2016
2023
1997
2047
2051
2113
2060
2140
2117
2172
2104
2162
2096
2065
2113
2094
2106
2103
2078
2146
2081
2064
2060
2048
2028
2056
1970
1984
2029
2041
2036
2015
2016
1979
1980
1908
1925
1936
1888
1879
1847
1815
1799
1800
1832
1790
1862
1850
1823
1907
1877
1897
1873
1894
1923
1893
1899
1872
1858
1818
1851
1831
1868
1873
1915
1890
1857
1855
1860
1832
1856
1812
1870
1796
1828
1812
1800
1840
1856
1855
1856
1867
1895
1903
1889
1897
1864
1865
1896
1845
1812
1762
1788
1747
1812
1829
1812
1802
1836
1783
1777
1786
1779
1765
1752
1775
1816
1752
1823
1763
1746
1787
1764
1802
1823
1812
1835
1837
1856
1859
1888
1882
1905
1883
1914
1881
1873
1853
1837
1816
1821
1796
1848
1816
1868
1854
1900
1912
1900
1889
1873
1892
1894
1878
1905
1894
1896
1876
1841
1911
1832
1864
1883
1892
1839
1894
1845
1903
1830
1821
1828
1824
1777
1818
1824
1846
1889
1875
1886
1868
1857
1823
1791
1818
1866
1887
1875
1895
1891
1907
1920
1930
1973
1960
1941
1959
1940
1926
1916
1875
1955
1881
1900
1869
1903
1873
1910
1876
1941
1902
1923
1939
1989
1965
1960
1926
1974
1975
1964
1969
1976
1995
1963
1950
1953
1972
1951
2001
1940
1983
1931
1948
1923
1986
1912
1951
1909
1941
1941
1930
1933
1925
1895
1857
1881
1812
1803
1846
1804
1819
1795
1796
1803
1759
1805
1802
1822
1859
1818
1832
1808
1837
1824
1807
1809
1803
1797
1807
1831
1848
1823
1833
1785
1809
1814
1814
1810
1820
1838
1806
1843
1789
1782
1802
1809
1841
1834
1852
1838
1842
1843
1845
1835
1858
1847
1832
1775
1806
1789
1799
1791
1794
1761
1779
1739
1756
1763
1772
1764
1756
1759
1801
1797
1806
1798
1790
1793
1835
1829
1812
1816
1777
1770
1776
1792
1759
1791
1794
1793
1765
1741
1760
1761
1761
1737
1757
1777
1836
1768
1788
1814
1821
1833
1842
1850
1893
1842
1864
1867
1851
1873
1850
1876
1797
1800
1774
1832
1828
1863
1856
1901
1924
1907
1879
1878
1856
1851
1843
1825
1803
1801
1760
1790
1765
1774
1776
1750
1734
1731
1693
1675
1706
1663
1687
1675
1685
1692
1725
1697
1671
1689
1662
1675
1661
1709
1707
1722
1747
1741
1711
1734
1706
1701
1692
1738
1711
1722
1701
1685
1726
1678
1745
1700
1713
1720
1758
1727
1700
1690
1705
1708
1689
1707
1674
1735
1724
1731
1760
1797
1740
1769
1772
1768
1762
