12079
13890
11689
11535
10931
10437
10042
9598
9323
8864
8783
8446
8322
8108
7804
7712
7629
7482
7330
7165
7091
6955
6767
6664
6451
6370
6284
6177
6074
5963
6010
5781
5882
5854
5747
5663
5718
5673
5654
5569
5499
5441
5422
5451
5439
5486
5359
5402
5335
5407
5219
5287
5221
5249
5223
5258
5249
5044
5077
5029
5118
4978
5010
4924
4781
4729
4600
4655
4641
4588
4492
4481
4449
4496
4415
4490
4589
4566
4575
4613
4478
4516
4358
4353
4315
4226
4179
4185
3985
4000
3934
3939
3810
3827
3827
3721
3679
3668
3648
3587
3577
3589
3555
3600
3604
3546
3531
3564
3564
3514
3504
3578
3585
3618
3633
3552
3592
3652
3497
3576
3625
3757
3826
3744
3658
3706
3664
3668
3632
3574
3687
3569
3626
3652
3658
3705
3635
3716
3675
3620
3537
3623
3565
3634
3611
3671
3594
3639
3554
3513
3532
3477
3425
3460
3416
3436
3435
3408
3481
3432
3490
3425
3564
3504
3467
3445
3373
3311
3240
3205
3162
3174
3224
3207
3098
3130
3073
3125
3168
3206
3238
3276
3378
3242
3255
3218
3245
3234
3287
3290
3322
3318
3263
3317
3215
3271
3248
3321
3309
3221
3295
3263
3297
3231
3318
3309
3327
3314
3286
3306
3281
3349
3261
3225
3179
3195
3266
3253
3327
3213
3284
3317
3250
3260
3136
3152
3171
3158
3117
3075
2941
2969
2908
2947
2914
2942
2804
2866
2837
2887
2825
2931
2867
2832
2893
2866
2844
2866
2870
2900
2920
2913
2918
2926
2936
2898
2974
2938
2949
2908
2921
2931
2952
2894
2970
2919
2928
2863
2866
2794
2817
2836
2865
2840
2895
2886
2909
2911
2901
2882
2845
2869
2797
2747
2700
2673
2669
2697
2700
2654
2636
2612
2633
2574
2638
2666
2615
2727
2672
2665
2696
2628
2677
2639
2647
2642
2686
2711
2653
2690
2680
2634
2611
2642
2594
2611
2688
2615
2597
2605
2576
2546
2559
2559
2616
2549
2586
2540
2564
2523
2583
2553
2596
2601
2627
2595
2643
2630
2651
2665
2710
2759
2594
2662
2598
2493
2481
2479
2499
2493
2534
2503
2481
2445
2534
2534
2577
2578
2640
2544
2573
2529
2582
2548
2631
2590
2632
2644
2609
2639
2635
2712
2631
2568
2523
2496
2513
2495
2517
2502
2505
2546
2509
2532
2500
2475
2449
2457
2409
2402
2403
2384
2419
2360
2442
2472
2415
2460
2410
2444
2418
2473
2450
2532
2532
2571
2505
2539
2440
2519
2427
2459
2395
2438
2378
2403
2362
2325
2400
2364
2393
2309
2307
2314
2424
2440
2408
2418
2382
2415
2354
2353
2388
2389
2398
2298
2311
2269
2327
2339
2340
2358
2344
2379
2382
2277
2374
2367
2393
2418
2381
2380
2399
2407
2396
2475
2445
2507
2471
2506
2582
2497
2534
2497
2440
2450
2397
2359
2337
2335
2383
2326
2353
2336
2375
2451
2347
2427
2393
2315
2325
2291
2307
2253
2365
2250
2275
2258
2343
2346
2360
2384
2338
2317
2374
2401
2367
2367
2412
2382
2383
2313
2309
2338
2278
2257
2197
2267
2243
2253
2259
2266
2301
2278
2258
2314
2277
2237
2301
2232
2263
2207
2237
2207
2193
2195
2203
2233
2320
2297
2349
2363
2296
2292
2309
2374
2364
2324
2381
2430
2343
2352
2391
2340
2409
2324
2372
2324
2358
2296
2300
2225
2216
2167
2208
2188
2199
2185
2171
2154
2147
2230
2184
2212
2130
2158
2139
2147
2189
2150
2119
2220
2149
2172
2119
2078
2082
2075
2014
2028
2011
2048
2038
2053
2028
2010
1984
1944
1924
1939
1881
1876
1884
1833
1860
1837
1877
1822
1856
1811
1898
1857
1868
1915
1943
1915
1927
1945
1928
1900
1906
1890
1897
1869
1920
1919
1928
1971
1948
1966
1967
1892
1917
1911
1893
1834
1827
1821
1807
1827
1816
1856
1830
1837
1832
1838
1851
1831
1801
1810
1768
1769
1755
1772
1786
1789
1836
1813
1803
1791
1760
1775
1788
1837
1810
1803
1803
1788
1783
1777
1785
1759
1784
1794
1756
1747
1754
1749
1737
1754
1784
1811
1814
1790
1808
1778
1812
1784
1818
1784
1774
1732
1712
1659
1650
1655
1640
1692
1656
1648
1644
1653
1673
1651
1632
1621
1623
1616
1653
1639
1660
1644
1708
1700
1731
1666
1682
1653
1710
1703
1698
1725
1741
1747
1714
1758
1785
1796
1791
1779
1779
1807
1780
1751
1780
1774
1762
1826
1796
1810
1786
1793
1786
1791
1784
1797
1775
1835
1819
1887
1846
1900
1875
1878
1863
1889
1860
1927
1861
1896
1894
1863
1911
1850
1842
1826
1816
1817
1830
1867
1911
1943
1931
1860
1891
1871
1830
1795
1841
1815
1810
1790
1772
1778
1787
1774
1785
1755
1755
1749
1696
1687
1644
1659
1631
1623
1630
1609
1659
1641
1643
1631
1630
1617
1635
1636
1633
1632
1647
1667
1664
1670
1623
1672
1658
1654
1631
1626
1599
1642
1629
1671
1636
1643
1670
1651
1673
1681
1698
1723
1732
1734
1753
1685
1713
1689
1669
1701
1682
1725
1737
1692
1677
1740
1716
1776
1764
1723
1794
1744
1781
1714
1772
1788
1793
1812
1792
1811
1794
1760
1766
1798
1815
1824
1891
1906
1906
1881
1851
1905
1858
1867
1881
1892
1854
1871
1911
1912
1878
1816
1876
1836
1826
1851
1835
1836
1846
1850
1843
1871
1893
1860
1912
1883
1887
1834
1826
1842
1817
1809
1821
1840
1870
1840
1856
1836
1906
1825
1885
1876
1887
1891
1925
1923
1920
1921
1907
1963
1903
1916
1892
1901
1814
1837
1803
1777
1785
1781
1763
1734
1700
1680
1694
1719
1694
1712
1718
1737
1719
1724
1756
1729
1762
1707
1725
1703
1781
1708
1720
1727
1748
1776
1643
1606
1604
1585
1579
1557
1510
1510
1523
1513
1539
1558
1596
1612
1607
1599
1631
1591
1653
1603
1635
1614
1604
1566
1615
1549
1609
1611
1628
1653
1615
1629
1635
1647
1616
1597
1537
1551
1560
1531
1513
1532
1537
1542
1541
1524
1524
1532
1480
1488
1473
1518
1506
1535
1498
1487
1475
1522
