12016
13622
11687
11175
10718
10230
9898
9472
9079
8762
8398
8264
8085
7791
7702
7585
7330
7193
7041
6899
6707
6702
6498
6413
6203
6171
6054
6057
5907
5804
5813
5730
5809
5744
5690
5620
5600
5554
5562
5513
5456
5476
5351
5356
5327
5230
5089
5042
5081
5066
4973
4948
4934
4732
4775
4730
4754
4710
4785
4627
4638
4707
4579
4674
4566
4684
4523
4449
4349
4377
4218
4212
4088
4053
4064
4166
4128
4211
4169
4254
4214
4212
4160
4281
4056
4169
4105
4084
4011
4081
4027
4074
4063
3989
3936
3903
3916
3816
3843
3661
3654
3600
3616
3657
3538
3609
3621
3447
3484
3441
3388
3400
3368
3465
3408
3425
3516
3509
3446
3485
3388
3422
3350
3400
3357
3286
3242
3309
3150
3201
3101
3134
3108
3134
3161
3170
3126
3214
3149
3196
3188
3200
3211
3193
3182
3228
3227
3258
3224
3208
3093
3083
3089
3022
3037
3017
2978
3052
2959
3055
3031
3039
3003
2967
3022
3012
3070
3059
3040
3081
3163
3195
3124
3206
3148
3220
3185
3196
3177
3087
3117
3058
3058
3074
3061
3084
3012
3081
2996
3045
3030
3058
3041
3002
2969
2972
2944
2880
2901
2869
2893
2889
2760
2712
2710
2725
2713
2685
2740
2729
2674
2661
2658
2702
2671
2720
2682
2703
2615
2602
2685
2704
2643
2636
2620
2587
2607
2600
2702
2755
2736
2808
2848
2813
2715
2709
2746
2804
2708
2768
2714
2682
2712
2702
2701
2612
2572
2548
2560
2532
2562
2535
2584
2535
2509
2435
2468
2492
2467
2508
2403
2381
2355
2353
2334
2345
2335
2363
2317
2296
2273
2316
2341
2361
2382
2412
2420
2400
2414
2430
2455
2491
2478
2461
2458
2455
2543
2522
2490
2555
2605
2588
2599
2669
2620
2727
2586
2568
2528
2560
2494
2490
2471
2514
2466
2516
2508
2554
2504
2520
2516
2573
2570
2593
2541
2565
2527
2548
2553
2477
2500
2416
2373
2390
2338
2313
2336
2302
2351
2255
2250
2270
2216
2255
2214
2228
2215
2186
2227
2182
2178
2133
2181
2240
2214
2241
2234
2264
2278
2294
2242
2269
2194
2132
2107
2116
2072
2122
2085
2079
2066
2076
2099
2084
2098
2060
2028
2045
2009
2008
2038
2090
2129
2139
2173
2213
2212
2197
2178
2279
2225
2241
2218
2255
2188
2237
2236
2252
2205
2190
2219
2275
2224
2255
2183
2257
2187
2267
2212
2249
2145
2166
2193
2225
2214
2237
2280
2287
2299
2298
2280
2244
2216
2163
2182
2154
2129
2133
2124
2140
2156
2092
2059
2096
2112
2080
2060
2074
2030
2062
2018
2062
2068
2108
2149
2154
2114
2172
2172
2180
2165
2231
2184
2253
2235
2285
2249
2229
2178
2193
2179
2201
2162
2211
2154
2131
2165
2202
2218
2195
2153
2190
2162
2150
2158
2132
2177
2147
2221
2084
2106
2073
2114
2102
2147
2163
2197
2150
2209
2170
2188
2212
2174
2182
2148
2153
2111
2108
2105
2088
2103
2054
2090
2162
2184
2211
2223
2256
2296
2281
2257
2205
2202
2205
2190
2229
2234
2247
2197
2123
2118
2144
2166
2221
2185
2256
2236
2232
2318
2257
2269
2263
2288
2267
2345
2272
2317
2304
2335
2277
2301
2319
2370
2285
2294
2313
2335
2366
2333
2286
2335
2352
2319
2314
2303
2311
2250
2250
2194
2144
2257
2198
2269
2225
2331
2226
2311
2317
2272
2241
2256
2230
2275
2263
2274
2347
2356
2357
2349
2335
2371
2356
2415
2347
2417
2433
2485
2505
2477
2470
2455
2494
2462
2548
2604
2516
2572
2507
2519
2580
2616
2601
2563
2511
2521
2609
2649
2609
2618
2673
2600
2630
2626
2611
2592
2600
2607
2578
2595
2576
2586
2560
2544
2505
2518
2460
2508
2468
2557
2474
2555
2485
2552
2519
2619
2493
2586
2459
2480
2454
2421
2457
2420
2384
2400
2330
2367
2400
2384
2350
2382
2338
2375
2395
2365
2340
2374
2322
2323
2262
2283
2258
2288
2299
2331
2371
2368
2379
2392
2372
2380
2320
2297
2264
2292
2269
2278
2249
2210
2191
2181
2207
2181
2252
2223
2238
2226
2227
2210
2227
2233
2236
2276
2282
2202
2227
2230
2210
2168
2172
2153
2131
2149
2136
2149
2148
2147
2152
2203
2218
2168
2219
2156
2110
2091
2079
2107
2126
2101
2140
2102
2155
2101
2122
2111
2171
2138
2168
2146
2125
2172
2170
2204
2198
2192
2237
2154
2197
2164
2162
2151
2151
2155
2125
2146
2140
2194
2153
2171
2151
2189
2191
2214
2179
2183
2137
2126
2155
2166
2141
2155
2190
2221
2222
2192
2166
2190
2247
2258
2211
2167
2245
2233
2271
2247
2240
2221
2221
2255
2238
2215
2203
2183
2178
2183
2200
2252
2202
2143
2137
2137
2118
2102
2128
2158
2095
2117
2042
2051
2052
2008
1986
1936
1961
1952
1929
1977
1957
1999
1974
1987
1973
1991
1932
1923
1933
1911
1923
1905
1919
1932
1856
1872
1864
1864
1860
1856
1841
1893
1810
1901
1824
1847
1854
1841
1875
1854
1873
1839
1836
1864
1843
1799
1758
1804
1740
1769
1773
1799
1778
1793
1781
1766
1758
1737
1742
1756
1761
1758
1773
1810
1785
1795
1806
1820
1786
1797
1845
1771
1765
1688
1731
1707
1745
1722
1719
1741
1720
1707
1659
1677
1696
1733
1695
1707
1689
1639
1617
1595
1598
1631
1576
1661
1597
1671
1650
1669
1668
1718
1684
1682
1691
1618
1650
1609
1569
1585
1606
1595
1551
1578
1603
1606
1656
1647
1665
1641
1665
1622
1647
1621
1616
1590
1605
1615
1609
1612
1612
1636
1631
1621
1668
1655
1646
1702
1698
1679
1676
1696
1649
1685
1664
1716
1704
1670
1694
1697
1710
1744
1746
1740
1747
1736
1758
1726
1730
1719
1750
1713
1776
1768
1800
1764
1737
1706
1735
1715
1716
1736
1704
1686
1660
1617
1638
1658
1644
1633
1640
1616
1623
1624
1633
1648
1605
1632
1605
1627
1608
1618
1595
1619
1565
1577
1590
1595
1561
1569
1594
1596
1567
1542
1529
1538
1543
1526
1509
1522
1537
1507
1528
