12017
14004
11607
11440
10760
10460
9939
9589
9161
9001
8619
8368
8173
8013
7865
7624
7539
7189
7106
6948
6879
6961
6837
6748
6679
6498
6531
6329
6357
6153
6135
6172
5993
5977
5812
5729
5678
5709
5679
5614
5517
5483
5386
5374
5291
5272
5168
5110
5046
4965
4891
4884
4864
4836
4703
4752
4693
4668
4677
4635
4589
4531
4526
4407
4395
4404
4478
4464
4347
4343
4296
4315
4276
4200
4129
4119
4041
4088
4031
4086
4009
4044
4049
4086
4025
4042
4087
4115
4137
4150
4130
4060
4066
3989
4040
4015
4033
4040
4067
4117
4066
4029
3991
3972
3929
3876
3915
3879
3868
3853
3812
3838
3823
3805
3741
3739
3774
3743
3801
3722
3646
3747
3729
3691
3667
3689
3662
3676
3603
3630
3619
3617
3606
3679
3729
3660
3631
3739
3686
3681
3710
3737
3645
3675
3635
3534
3584
3497
3478
3384
3336
3382
3363
3395
3253
3327
3265
3318
3299
3341
3323
3401
3371
3352
3319
3271
3272
3271
3301
3292
3301
3341
3347
3401
3325
3425
3392
3352
3441
3400
3364
3313
3251
3260
3234
3248
3253
3192
3206
3150
3149
3155
3168
3161
3087
3203
3164
3196
3045
3024
2964
2950
2983
2992
2930
3010
3013
3017
3098
3066
3125
3130
3163
3085
3128
3120
3166
3183
3164
3099
3014
2934
2930
2938
2892
3005
2873
2864
2873
2849
2870
2865
2892
2863
2777
2700
2709
2697
2698
2688
2742
2685
2771
2756
2731
2760
2757
2705
2757
2785
2785
2750
2832
2826
2845
2816
2816
2777
2774
2727
2723
2722
2758
2787
2775
2743
2826
2751
2713
2692
2697
2707
2707
2748
2790
2810
2797
2863
2904
2848
2861
2833
2868
2847
2833
2876
2879
2856
2829
2848
2881
2790
2814
2749
2731
2667
2696
2658
2601
2551
2551
2570
2537
2571
2563
2578
2543
2502
2494
2535
2465
2419
2409
2481
2455
2544
2506
2560
2573
2530
2556
2607
2550
2548
2552
2513
2502
2514
2502
2525
2545
2511
2495
2497
2608
2545
2592
2567
2609
2575
2567
2634
2632
2653
2589
2659
2607
2670
2676
2747
2776
2842
2841
2848
2757
2808
2772
2805
2767
2852
2836
2887
2828
2892
2888
2941
2995
2929
2874
2887
2884
2939
2843
2832
2764
2840
2751
2733
2738
2702
2725
2729
2733
2816
2784
2773
2767
2707
2772
2655
2730
2645
2714
2662
2657
2731
2673
2678
2700
2698
2706
2748
2764
2750
2728
2749
2723
2751
2717
2716
2716
2705
2658
2661
2663
2635
2638
2669
2609
2635
2613
2711
2718
2749
2715
2687
2737
2746
2725
2839
2784
2730
2775
2668
2722
2659
2592
2613
2594
2617
2551
2578
2541
2597
2585
2521
2515
2542
2536
2573
2549
2572
2570
2530
2539
2520
2533
2519
2624
2518
2568
2582
2602
2527
2604
2545
2541
2517
2487
2478
2391
2390
2396
2395
2404
2431
2378
2381
2324
2342
2372
2351
2378
2394
2335
2302
2295
2294
2227
2216
2187
2170
2189
2178
2209
2184
2180
2165
2184
2153
2165
2166
2144
2180
2204
2196
2220
2163
2212
2188
2146
2170
2132
2151
2117
2163
2151
2145
2142
2057
2054
2057
2112
2069
2141
2084
2086
2081
2103
2138
2141
2151
2231
2247
2235
2318
2338
2309
2367
2372
2401
2335
2389
2394
2357
2407
2421
2480
2416
2484
2471
2471
2526
2485
2470
2450
2445
2457
2462
2542
2515
2520
2459
2561
2479
2506
2463
2483
2467
2503
2479
2594
2613
2609
2585
2541
2588
2601
2635
2571
2622
2564
2584
2555
2599
2589
2647
2552
2531
2573
2567
2505
2443
2481
2481
2582
2557
2509
2503
2527
2543
2525
2580
2599
2559
2599
2574
2606
2528
2585
2566
2584
2520
2526
2497
2497
2506
2479
2503
2458
2393
2399
2420
2394
2367
2360
2384
2256
2295
2302
2292
2239
2240
2238
2247
2263
2265
2265
2285
2278
2246
2251
2232
2208
2203
2182
2174
2202
2210
2178
2190
2188
2191
2220
2159
2151
2178
2163
2216
2141
2195
2169
2165
2159
2179
2155
2164
2105
2074
2103
2131
2096
2113
2129
2133
2193
2145
2163
2164
2236
2171
2207
2174
2240
2152
2166
2160
2131
2078
2111
2102
2064
2093
2114
2143
2167
2176
2191
2228
2177
2234
2215
2246
2227
2293
2249
2210
2225
2205
2180
2174
2113
2024
2009
2016
2041
2074
2015
2042
2020
2053
2074
2046
2040
2000
2031
2047
2020
2052
2062
2030
2023
2045
2066
2007
2080
2015
2042
1964
2045
1983
2041
2018
2056
2024
2028
2049
2067
2035
2038
2030
2015
2019
2030
1992
2021
1994
2004
1964
1975
1950
1928
1978
1988
1923
1933
1932
1992
1960
1968
1982
1964
1966
1998
1908
1913
1901
1914
1869
1892
1841
1860
1841
1839
1857
1847
1801
1835
1812
1838
1820
1793
1826
1869
1877
1889
1875
1894
1921
1950
1894
1901
1897
1965
1968
1963
1928
1969
1982
2004
2007
1943
2004
2007
2042
2003
1996
1980
1990
1985
1972
1979
2011
2025
2047
1986
1983
1950
1999
1941
1968
1956
1997
1938
1987
1875
1928
1899
1870
1922
1879
1932
1898
1932
1909
1911
1934
1912
1892
1912
1824
1792
1768
1723
1712
1744
1747
1708
1721
1745
1784
1721
1760
1696
1699
1672
1637
1628
1673
1635
1650
1653
1665
1646
1645
1622
1598
1623
1577
1565
1563
1598
1602
1613
1612
1634
1616
1576
1588
1640
1640
1628
1606
1652
1607
1596
1602
1586
1597
1589
1575
1600
1585
1608
1601
1604
1622
1629
1642
1648
1684
1691
1690
1729
1732
1749
1788
1783
1812
1764
1766
1778
1768
1767
1783
1796
1750
1740
1713
1725
1740
1744
1765
1748
1734
1758
1700
1688
1688
1725
1688
1664
1666
1695
1699
1727
1694
1739
1698
1699
1715
1731
1738
1730
1751
1748
1819
1808
1826
1785
1790
1794
1809
1813
1794
1804
1791
1809
1790
1793
1814
1820
1769
1784
1778
1790
1824
1852
1800
1864
1824
1785
1794
1794
1765
1793
1819
1761
1810
1797
1800
1787
1818
1833
1853
1858
1838
1834
1810
1804
