12105
13975
11655
11420
10825
10373
10011
9716
9312
9148
8882
8623
8394
8091
7966
7705
7636
7494
7411
7250
7125
6934
6900
6727
6689
6573
6370
6292
6245
6164
6010
5977
5739
5817
5786
5644
5527
5504
5544
5335
5163
5142
5029
5055
4933
4934
4735
4827
4789
4874
4795
4810
4714
4859
4812
4884
4809
4660
4638
4645
4629
4606
4582
4454
4475
4398
4375
4301
4288
4281
4241
4264
4254
4169
4232
4194
4177
4155
4142
4099
4053
4004
3900
3975
3940
3893
3933
3990
3915
3914
3880
3901
4022
3988
4093
3983
4103
3994
4026
3974
4090
4069
4143
4185
4128
4193
4218
4240
4231
4141
4171
4149
4196
4243
4117
4136
4048
4049
4050
4021
3999
3881
3840
3818
3840
3789
3838
3904
3841
3770
3767
3798
3697
3682
3618
3666
3598
3606
3576
3609
3574
3628
3501
3604
3462
3565
3426
3520
3400
3364
3345
3374
3394
3385
3365
3373
3391
3447
3403
3519
3464
3571
3593
3554
3494
3580
3431
3497
3389
3477
3530
3559
3458
3483
3378
3394
3379
3334
3369
3438
3369
3433
3412
3458
3409
3382
3306
3356
3334
3263
3321
3265
3238
3138
3167
3143
3212
3205
3282
3251
3228
3242
3292
3276
3238
3198
3146
3221
3161
3121
3152
3160
3161
3211
3209
3241
3123
3201
3183
3206
3138
3165
3117
3103
3102
3055
3095
3049
3106
3038
3076
2990
2982
2972
2966
2909
2934
3044
2966
3014
2961
2992
3033
3034
2995
3037
3056
3005
2986
3023
3034
3065
3043
2987
2992
3035
2989
2954
2940
2910
2993
2906
2855
2828
2756
2768
2701
2745
2756
2710
2776
2762
2814
2771
2793
2784
2786
2793
2828
2852
2925
2854
2871
2876
2906
2923
3022
2937
2965
2936
2968
2818
2947
2884
2857
2896
2907
2912
2929
2878
2865
2845
2830
2866
2968
2854
2916
2920
2965
2901
2879
2853
2907
2890
2966
2978
3034
2971
3024
2925
2917
2889
2842
2835
2890
2922
2876
2903
2948
2969
2942
2972
3072
3006
3057
3038
3096
3055
3052
3020
3001
2964
2963
2879
2835
2807
2819
2770
2830
2810
2808
2772
2840
2721
2758
2732
2772
2785
2786
2744
2839
2759
2856
2760
2797
2760
2777
2708
2681
2634
2623
2638
2636
2632
2621
2623
2546
2590
2572
2618
2593
2596
2645
2618
2619
2542
2555
2492
2535
2536
2640
2597
2602
2605
2619
2633
2600
2541
2494
2483
2520
2446
2466
2435
2413
2403
2354
2408
2390
2386
2386
2436
2389
2376
2349
2344
2292
2302
2282
2328
2246
2294
2271
2253
2225
2238
2249
2251
2236
2278
2259
2310
2310
2306
2272
2257
2252
2291
2275
2282
2255
2202
2239
2254
2259
2250
2243
2266
2277
2284
2270
2288
2283
2273
2242
2237
2243
2262
2189
2212
2200
2176
2217
2161
2180
2158
2238
2183
2282
2189
2214
2173
2162
2184
2209
2215
2227
2207
2216
2219
2189
2194
2207
2113
2175
2131
2109
2113
2087
2132
2128
2112
2132
2099
2050
2048
2034
2062
2043
2058
2030
2037
2061
2010
2027
2027
2032
2019
2051
2033
1999
1969
1942
2013
1982
1952
1958
1947
1882
1961
1884
1895
1869
1854
1835
1843
1844
1807
1828
1807
1825
1789
1836
1889
1886
1894
1922
1943
1969
1949
2008
1985
2026
1937
1993
1977
1950
1969
1896
1957
1899
1908
1889
1903
1884
1855
1859
1880
1863
1887
1913
1908
1919
1880
1897
1889
1951
1916
1945
1934
1920
1966
1924
1935
1928
1903
1900
1908
1880
1885
1898
1877
1864
1850
1882
1877
1847
1896
1849
1869
1865
1803
1813
1839
1790
1778
1745
1727
1771
1734
1721
1749
1740
1762
1726
1743
1706
1724
1682
1722
1771
1795
1800
1795
1810
1771
1750
1808
1790
1773
1759
1761
1715
1740
1685
1731
1710
1705
1708
1691
1690
1680
1695
1688
1636
1669
1667
1699
1715
1722
1718
1705
1706
1722
1723
1759
1742
1777
1750
1765
1784
1770
1744
1774
1751
1760
1782
1789
1819
1807
1745
1760
1769
1777
1759
1768
1778
1750
1735
1745
1737
1717
1742
1757
1764
1819
1791
1845
1805
1806
1814
1835
1768
1819
1782
1786
1793
1799
1790
1784
1789
1823
1799
1825
1829
1781
1817
1782
1824
1784
1814
1777
1754
1763
1770
1792
1805
1761
1778
1766
1747
1769
1774
1740
1727
1713
1715
1705
1691
1713
1699
1709
1686
1688
1678
1640
1648
1638
1627
1624
1594
1668
1643
1685
1652
1644
1654
1673
1692
1736
1702
1717
1686
1692
1634
1625
1628
1622
1623
1618
1643
1636
1673
1620
1622
1629
1625
1626
1626
1642
1630
1595
1568
1565
1565
1581
1580
1604
1595
1609
1592
1614
1592
1628
1604
1651
1607
1645
1655
1663
1667
1684
1726
1701
1715
1688
1699
1670
1631
1642
1628
1631
1646
1635
1630
1655
1606
1640
1649
1618
1632
1622
1605
1634
1650
1623
1652
1621
1605
1611
1628
1596
1660
1649
1683
1631
1626
1621
1628
1640
1670
1670
1685
1676
1659
1678
1668
1633
1651
1630
1633
1609
1627
1628
1636
1628
1601
1583
1600
1580
1599
1595
1593
1616
1615
1576
1602
1585
1585
1575
1608
1637
1648
1703
1663
1744
1699
1725
1735
1760
1748
1780
1773
1748
1722
1732
1733
1753
1724
1704
1701
1668
1675
1713
1679
1722
1742
1750
1757
1740
1795
1784
1837
1786
1847
1845
1841
1827
1838
1813
1778
1815
1819
1855
1843
1858
1801
1821
1812
1851
1835
1861
1852
1841
1819
1832
1823
1771
1776
1806
1786
1722
1748
1754
1747
1751
1713
1698
1707
1694
1708
1745
1735
1759
1762
1789
1791
1836
1833
1801
1824
1841
1812
1795
1809
1823
1783
1799
1722
1736
1729
1710
1698
1712
1720
1676
1680
1671
1640
1665
1637
1651
1676
1667
1625
1647
1657
1600
1616
1628
1609
1633
1635
1630
1596
1616
1623
1669
1621
1689
1637
1692
1666
1668
1678
1710
1722
1724
1759
1744
1706
1734
1732
1750
1772
1749
1770
1789
1759
1804
1791
1738
1783
1777
1795
1828
1796
1768
1765
1726
