11954
13530
11653
11464
10849
10434
9878
9535
9251
9106
8738
8514
8335
8178
7989
7781
7591
7174
7101
6895
6761
6629
6470
6529
6368
6297
6212
5965
6040
5904
5849
5924
5947
5843
5849
5682
5685
5545
5422
5436
5460
5346
5313
5153
5106
4902
4889
4781
4729
4764
4794
4769
4737
4653
4581
4542
4492
4395
4446
4338
4270
4288
4338
4135
4258
4091
4075
4089
3993
4061
3922
4037
3885
3862
3841
3804
3811
3718
3754
3746
3726
3732
3787
3765
3760
3650
3708
3660
3696
3667
3769
3716
3617
3584
3624
3620
3610
3574
3689
3552
3614
3543
3518
3584
3596
3434
3479
3454
3507
3469
3536
3486
3483
3475
3537
3457
3445
3433
3447
3417
3410
3416
3454
3433
3511
3498
3511
3470
3461
3553
3432
3457
3515
3453
3418
3291
3253
3207
3108
3094
3043
3089
3059
3127
3155
3183
3253
3278
3179
3181
3058
3078
3117
3043
3153
3043
3093
3035
3110
3053
3048
3027
3034
2940
3016
3010
3025
2936
2962
2928
2945
2926
2932
2897
2942
3013
3005
2909
2852
2854
2872
2832
2826
2789
2859
2926
2948
2927
2989
2953
2985
3030
2990
2927
2922
2860
2782
2764
2753
2762
2813
2851
2835
2851
2828
2846
2839
2815
2854
2861
2785
2819
2724
2779
2672
2753
2690
2742
2719
2709
2706
2803
2791
2745
2695
2733
2784
2711
2758
2816
2755
2815
2813
2784
2786
2787
2786
2853
2865
2887
2817
2927
2824
2877
2799
2889
2858
2961
2863
2836
2895
2866
2809
2804
2868
2877
2984
2899
2913
2978
2959
3043
2981
3009
3019
2974
2970
3048
2956
2911
2926
2885
2870
2778
2797
2763
2765
2724
2727
2701
2685
2668
2706
2665
2682
2687
2674
2695
2664
2656
2593
2654
2649
2517
2477
2524
2492
2445
2420
2428
2424
2423
2479
2493
2580
2557
2479
2471
2456
2426
2378
2453
2373
2387
2396
2373
2425
2432
2375
2416
2391
2418
2381
2431
2420
2432
2408
2450
2425
2463
2447
2514
2432
2502
2467
2461
2458
2456
2421
2470
2494
2445
2437
2406
2396
2290
2340
2309
2288
2374
2282
2329
2234
2312
2257
2271
2243
2230
2157
2240
2153
2132
2089
2066
2030
1997
2003
1971
1990
2008
1978
2025
1977
2021
1998
1990
1989
1984
2008
2051
2078
2121
2106
2075
2071
2048
2058
2034
2033
2018
2025
2012
1999
2051
2055
2052
2054
2094
2084
2123
2127
2132
2104
2107
2119
2092
2122
2106
2076
2123
2113
2138
2133
2154
2072
2046
2010
2022
1978
2024
2033
2058
2065
2152
2170
2164
2146
2128
2146
2151
2114
2186
2172
2196
2180
2159
2181
2142
2191
2146
2196
2195
2219
2175
2210
2173
2130
2097
2058
2115
2038
2048
2034
2021
2048
2090
2094
2093
2101
2085
2047
2076
2066
2031
2031
2045
2027
2061
2034
2048
2052
2064
2053
2067
2039
2042
2000
1983
2005
1985
1985
1997
1952
1962
2015
1918
1973
1891
1908
1840
1836
1822
1843
1893
1874
1954
1909
1973
1977
2039
2028
2094
2074
2129
2082
2065
2085
2080
2061
2137
2041
2066
2039
2093
2025
2085
2066
2056
2020
2008
2004
2005
2012
2040
2045
2042
2032
2028
2006
2009
2033
2007
2034
2024
1940
1964
1960
1922
1899
1930
1959
1945
1895
1974
1884
1874
1881
1904
1921
1897
1983
2006
1974
1978
1994
2058
1955
2098
1978
2049
1984
1975
1952
1942
1974
2011
1969
2002
1963
1989
1928
1956
1864
1886
1848
1831
1817
1793
1822
1811
1813
1798
1809
1828
1826
1845
1842
1909
1910
1871
1911
1883
1938
1943
1942
2032
2022
2025
1930
1992
1968
1985
2045
1978
1999
1990
2006
1992
1993
2067
2047
2039
2035
1990
2015
1935
1939
1955
1955
2012
1955
1980
2030
2013
2014
2055
2065
2042
2021
2050
2027
2032
2015
2063
2032
2038
2090
2087
2116
2073
2072
2116
2149
2046
2053
2051
2086
2042
2080
2057
2008
2033
2026
2010
1966
2021
1987
2002
1985
2004
1935
1961
1962
1973
1972
1977
2010
1991
2041
2039
2089
2114
2097
2056
2069
2035
2031
2059
2055
2085
2095
2087
2125
2064
2079
2087
2030
2041
1981
1986
1943
1943
1948
1988
1988
1982
1969
2014
2002
2042
2071
2002
2060
2077
2107
2091
2028
2033
2084
2123
2077
2086
2036
2013
2020
2016
2092
2022
2078
2116
2098
2151
2082
2087
2065
2064
2038
2043
1982
2023
1890
1958
1917
1958
1975
1964
1955
1967
1957
1921
1939
1945
1942
1907
1918
1918
1986
1957
1974
1949
1983
1955
1928
1931
1925
1927
1953
1971
1955
2019
1979
1963
1948
1973
1940
1982
1979
2001
1971
1919
1941
1932
1928
1932
1919
1920
1915
1894
1904
1894
1825
1760
1813
1802
1822
1789
1823
1838
1843
1871
1872
1873
1889
1918
1914
1947
1916
1836
1829
1834
1839
1829
1795
1777
1749
1778
1783
1828
1779
1833
1819
1857
1832
1817
1828
1828
1811
1805
1831
1844
1794
1776
1757
1745
1786
1768
1766
1761
1782
1736
1770
1749
1727
1745
1701
1722
1699
1668
1693
1704
1712
1738
1740
1756
1728
1717
1748
1750
1701
1695
1685
1672
1667
1680
1676
1678
1710
1675
1718
1670
1699
1707
1685
1734
1718
1764
1709
1717
1698
1670
1697
1687
1644
1712
1651
1669
1660
1640
1674
1671
1693
1736
1691
1709
1721
1674
1706
1685
1719
1715
1775
1711
1739
1731
1738
1739
1685
1687
1662
1689
1675
1660
1637
1679
1651
1689
1693
1647
1675
1627
1647
1679
1633
1644
1612
1607
1600
1627
1606
1594
1602
1602
1653
1637
1640
1634
1641
1677
1669
1673
1643
1651
1648
1648
1648
1686
1705
1722
1685
1693
1651
1687
1668
1693
1718
1725
1740
1751
1747
1777
1757
1726
1737
1756
1752
1755
1755
1759
1761
1767
1793
1772
1754
1778
1770
1730
1711
1771
1704
1726
1678
1678
1636
1667
1652
1669
1632
1639
1627
1663
1672
1699
1683
1691
1715
1738
1724
1760
1727
1737
1688
1672
1662
1655
1658
1629
1631
1621
1642
1636
