12016
13836
11725
11580
10740
10676
10019
9859
9290
9065
8695
8661
8270
8220
8112
7686
7490
7486
7243
7069
6898
6703
6600
6441
6440
6255
6184
6289
6039
5927
5775
5882
5667
5675
5657
5599
5646
5556
5451
5291
5282
5208
5156
5198
5044
5072
4770
4840
4690
4638
4703
4648
4672
4530
4590
4389
4409
4404
4268
4323
4267
4225
4159
4202
4190
4272
4151
4089
4085
4088
4130
4165
4174
4225
4275
4234
4233
4168
4200
4190
4179
4124
4107
4021
4048
4072
4030
4044
4012
4002
3918
3901
3897
3933
3916
3879
3854
3805
3859
3780
3955
3834
3795
3787
3782
3650
3658
3593
3562
3655
3739
3739
3767
3717
3688
3689
3680
3691
3643
3624
3696
3727
3693
3634
3538
3503
3515
3500
3466
3549
3497
3534
3490
3595
3504
3546
3413
3379
3380
3291
3225
3251
3248
3193
3292
3237
3260
3255
3218
3230
3226
3089
3128
3119
3171
3094
3124
3052
3072
3045
3113
3191
3164
3257
3183
3256
3250
3230
3331
3272
3298
3266
3382
3315
3320
3267
3274
3285
3250
3155
3145
3091
3089
3074
2973
3093
3074
3155
3060
3106
3089
3105
3117
3127
3104
3153
3131
3122
3127
3114
3116
3085
3076
3147
3094
3129
3024
3099
3058
2949
2963
2967
2869
3026
2922
2966
2889
2950
2867
2873
2944
2864
2897
2883
2900
2916
2870
2879
2909
2907
2997
2996
3105
3114
3120
3189
3152
3230
3199
3200
3262
3197
3210
3181
3125
3090
3081
3026
3070
3032
2999
2994
2964
3017
3003
3031
2988
2989
2964
2986
3073
3043
3064
2970
2929
2899
2971
2893
2954
2878
2868
2815
2879
2830
2851
2795
2916
2777
2851
2743
2805
2757
2810
2766
2761
2697
2673
2578
2632
2573
2647
2578
2615
2603
2603
2608
2660
2664
2661
2643
2721
2682
2708
2793
2760
2769
2816
2732
2727
2703
2697
2703
2746
2718
2752
2722
2689
2731
2741
2703
2757
2768
2812
2856
2895
2935
2998
2847
2964
2874
2907
2774
2857
2769
2773
2706
2775
2678
2751
2681
2725
2696
2633
2638
2583
2576
2578
2631
2615
2625
2625
2608
2617
2600
2608
2643
2541
2535
2584
2537
2558
2552
2517
2554
2585
2512
2482
2448
2412
2419
2411
2433
2375
2458
2437
2482
2416
2474
2458
2465
2498
2507
2587
2625
2541
2587
2584
2523
2524
2515
2526
2553
2512
2513
2474
2581
2513
2579
2531
2478
2541
2453
2462
2483
2529
2502
2455
2503
2491
2471
2492
2537
2538
2575
2507
2550
2452
2503
2387
2392
2366
2399
2328
2379
2330
2351
2393
2408
2445
2423
2473
2551
2547
2564
2526
2591
2481
2561
2450
2499
2504
2529
2592
2573
2543
2506
2488
2483
2462
2415
2432
2369
2403
2331
2360
2286
2293
2324
2264
2275
2276
2340
2336
2331
2337
2339
2408
2334
2370
2407
2424
2373
2383
2416
2400
2398
2463
2446
2470
2493
2541
2539
2521
2511
2502
2528
2517
2559
2600
2635
2558
2589
2529
2517
2561
2559
2607
2523
2555
2495
2536
2484
2484
2454
2504
2482
2532
2464
2483
2444
2406
2434
2367
2370
2319
2278
2254
2313
2252
2334
2246
2263
2231
2265
2276
2295
2210
2201
2188
2155
2145
2132
2101
2079
2084
2094
2112
2163
2143
2113
2126
2140
2152
2123
2143
2145
2201
2159
2206
2092
2101
2134
2109
2028
2034
2082
2060
2017
2039
2064
2053
2009
2031
2020
2068
1991
2008
2049
2014
2000
2015
1939
1916
1899
1896
1840
1854
1848
1857
1833
1872
1851
1889
1845
1854
1863
1814
1822
1861
1868
1885
1822
1816
1771
1790
1807
1811
1805
1813
1791
1808
1823
1838
1858
1805
1821
1829
1816
1830
1836
1832
1835
1841
1857
1836
1861
1878
1891
1847
1865
1852
1882
1828
1832
1824
1825
1835
1808
1814
1790
1837
1797
1846
1820
1861
1856
1841
1846
1796
1842
1807
1781
1795
1770
1767
1761
1790
1807
1762
1770
1699
1711
1719
1701
1683
1678
1697
1723
1718
1749
1741
1775
1722
1762
1753
1747
1750
1762
1681
1702
1727
1732
1751
1736
1778
1748
1782
1770
1789
1777
1793
1767
1758
1789
1768
1778
1769
1760
1749
1740
1730
1721
1673
1696
1699
1713
1725
1709
1778
1747
1743
1749
1745
1749
1672
1731
1705
1759
1798
1783
1801
1825
1862
1808
1827
1799
1850
1867
1841
1786
1839
1822
1843
1844
1864
1871
1871
1845
1876
1825
1882
1861
1880
1879
1929
1940
1960
1954
1961
1963
1941
1932
1932
1955
1958
1976
1988
1932
1993
1977
1987
1976
1927
1890
1857
1808
1827
1821
1802
1791
1811
1832
1853
1875
1827
1828
1809
1803
1817
1799
1788
1779
1738
1730
1782
1723
1784
1785
1761
1769
1778
1749
1762
1732
1799
1759
1747
1729
1699
1739
1746
1709
1733
1731
1762
1676
1686
1643
1629
1614
1611
1643
1594
1626
1586
1555
1589
1537
1590
1552
1588
1553
1596
1515
1519
1518
1509
1538
1532
1503
1522
1508
1519
1495
1473
1495
1483
1512
1515
1487
1515
1506
1547
1541
1532
1557
1534
1544
1559
1527
1535
1526
1523
1555
1551
1559
1550
1525
1510
1517
1507
1522
1519
1532
1538
1560
1559
1609
1566
1616
1603
1612
1615
1651
1618
1660
1644
1603
1617
1628
1612
1591
1664
1615
1647
1638
1670
1671
1676
1652
1653
1661
1658
1620
1631
1619
1608
1597
1597
1600
1584
1597
1578
1639
1599
1592
1570
1553
1559
1534
1572
1550
1590
1566
1554
1568
1542
1565
1529
1532
1521
1528
1532
1513
1530
1531
1568
1559
1556
1564
1543
1565
1574
1584
1548
1567
1564
1567
1606
1590
1560
1561
1524
1549
1505
1539
1497
1528
1495
1542
1469
1517
1456
1467
1469
1457
1455
1456
1439
1405
1380
1380
1366
1396
1374
1358
1371
1367
1338
1321
1340
1327
1321
1352
1357
1398
1410
1421
1402
1394
1382
1378
1359
1341
1370
1353
1368
1372
1389
1392
1369
1372
1356
1341
1320
1311
1325
1316
1312
1314
1336
1337
1316
1326
1346
1331
1337
1324
1365
1341
