12093
13711
11873
11708
10939
10573
10171
9770
9462
9218
8989
8762
8446
8285
8029
7910
7669
7475
7454
7284
7180
6949
6862
6756
6600
6442
6344
6235
6042
6090
5963
5972
5771
5703
5660
5593
5539
5498
5402
5314
5333
5200
5131
4994
5082
4984
4893
4834
4862
4790
4777
4768
4764
4749
4663
4540
4585
4442
4504
4569
4440
4411
4356
4438
4254
4342
4225
4268
4287
4350
4392
4467
4499
4477
4360
4424
4498
4431
4501
4486
4496
4501
4354
4264
4160
4098
4085
4075
4055
4139
4027
3955
3988
3921
3858
3933
3892
3839
3829
3764
3796
3734
3754
3664
3773
3740
3809
3734
3766
3658
3764
3643
3623
3596
3628
3681
3674
3611
3579
3650
3611
3704
3641
3766
3679
3785
3768
3870
3859
3851
3865
3757
3717
3718
3721
3741
3701
3678
3632
3613
3580
3662
3743
3612
3697
3692
3632
3637
3623
3587
3597
3635
3640
3672
3644
3649
3580
3607
3585
3608
3479
3580
3521
3423
3385
3339
3413
3300
3318
3329
3294
3255
3341
3382
3370
3273
3332
3255
3273
3217
3290
3366
3303
3321
3312
3362
3378
3272
3357
3332
3423
3377
3380
3354
3344
3356
3394
3434
3345
3289
3299
3231
3161
3167
3218
3139
3124
3192
3200
3127
3216
3189
3261
3238
3196
3196
3160
3148
3117
3097
3046
3063
3196
3109
3077
3009
2990
2917
2952
2883
2908
2877
2946
2848
2915
2821
2851
2857
2871
2772
2708
2753
2676
2602
2567
2604
2619
2597
2611
2578
2667
2539
2530
2559
2545
2628
2566
2616
2610
2635
2540
2562
2523
2507
2387
2444
2365
2418
2386
2329
2377
2308
2369
2296
2295
2234
2233
2227
2248
2273
2270
2299
2316
2256
2252
2232
2240
2245
2253
2299
2361
2341
2376
2372
2353
2322
2293
2379
2307
2352
2339
2312
2329
2303
2356
2306
2375
2342
2415
2376
2400
2411
2436
2367
2415
2344
2359
2398
2418
2387
2399
2339
2313
2301
2282
2220
2187
2194
2176
2215
2218
2256
2290
2240
2330
2204
2303
2300
2278
2215
2270
2245
2148
2200
2115
2123
2072
2085
2096
2149
2170
2215
2246
2299
2229
2269
2292
2297
2242
2245
2212
2212
2170
2174
2137
2167
2141
2149
2163
2131
2152
2171
2166
2146
2215
2198
2255
2257
2208
2233
2215
2186
2179
2154
2121
2135
2146
2168
2203
2177
2173
2133
2175
2114
2110
2073
2055
2040
2050
2048
2073
2013
2077
1991
2046
2024
2024
2021
2012
2001
2035
1991
1996
1897
1874
1844
1871
1856
1861
1847
1813
1835
1830
1834
1832
1824
1841
1857
1825
1866
1886
1880
1888
1899
1859
1885
1908
1828
1830
1805
1806
1800
1776
1805
1818
1841
1863
1825
1841
1895
1846
1839
1846
1864
1898
1884
1911
1907
1892
1921
1930
1924
1916
1980
2038
2065
2018
2039
2050
2100
2042
2075
2037
2106
2080
2149
2099
2130
2155
2127
2165
2145
2149
2150
2088
2122
2084
2108
2028
2123
2111
2109
2139
2126
2126
2185
2186
2165
2157
2140
2142
2143
2141
2174
2203
2119
2139
2097
2159
2059
2132
2101
2142
2198
2193
2187
2200
2173
2172
2162
2163
2164
2112
2142
2075
2102
2050
2138
2100
2107
2140
2138
2188
2211
2189
2172
2147
2127
2130
2135
2137
2142
2111
2095
2163
2121
2149
2080
2094
2055
1997
2052
2008
2027
1967
2009
2002
2028
2005
1997
2006
1987
1979
1999
1977
1960
2006
1971
1944
1925
1890
1961
1906
2015
1953
1992
1934
2036
1969
2018
2006
1953
1939
1944
1922
1923
1940
1948
2006
1955
1990
1939
1929
1937
1969
1986
2008
2028
2057
2055
2069
2066
2073
2102
2053
2077
2046
2048
1992
2003
1952
2002
1974
2005
1999
1963
1924
1925
1943
1957
1958
1984
1987
1989
2033
1998
2070
2087
2050
2001
2048
2095
2067
2075
2103
2079
2110
2104
2097
2031
2050
2073
2135
2167
2138
2163
2225
2213
2183
2212
2172
2145
2160
2120
2130
2158
2151
2161
2184
2165
2184
2133
2113
2124
2138
2191
2165
2167
2186
2195
2130
2140
2140
2174
2184
2134
2179
2145
2153
2076
2101
2092
2097
2099
2149
2188
2207
2180
2157
2140
2152
2074
2077
2053
2074
2080
2068
2122
2047
2034
2041
2046
2029
2035
2070
2024
2070
2056
2041
2006
2028
1992
1985
1995
2068
2049
2074
2073
2071
2125
2121
2109
2120
2123
2182
2196
2220
2148
2209
2170
2172
2151
2153
2123
2065
2076
2037
2078
2042
1995
2052
2082
2133
2115
2099
2145
2111
2251
2169
2162
2087
2111
2090
2107
2009
2005
2028
2024
1970
2018
2005
1982
1960
1993
1994
1980
2022
1997
2008
1995
2015
2002
1998
2037
2049
2045
2037
2056
2041
2096
2049
2087
2070
2057
2070
2077
2085
2083
2083
2170
2131
2166
2135
2199
2176
2154
2197
2194
2229
2263
2364
2364
2356
2312
2264
2231
2193
2104
2126
2064
2166
2160
2081
2060
2055
2057
2113
2072
2153
2110
2167
2143
2115
2106
2119
2103
2082
2087
2109
2079
2110
2030
2053
2074
2075
2134
2044
2076
2023
2050
1999
2002
2022
2028
1983
1944
2006
1982
1986
2016
2012
2017
2036
2067
2072
2070
2021
2021
2009
2050
2076
2102
2125
2110
2089
2123
2125
2105
2089
2050
2071
2061
2048
2076
2079
2102
2139
2099
2139
2146
2161
2138
2145
2138
2108
2145
2125
2173
2187
2221
2170
2214
2168
2191
2193
2308
2198
2241
2151
2136
2146
2162
2129
2138
2123
2132
2138
2132
2169
2206
2264
2247
2197
2256
2222
2276
2271
2290
2260
2300
2220
2277
2198
2212
2148
2128
2021
2033
2027
2052
2046
2103
2014
2040
2040
2017
2032
2028
1992
1979
1928
1925
1901
1928
1927
1921
1993
1985
1991
1984
1985
1998
1997
1969
1938
1944
1926
1950
1931
1949
1901
1922
1876
1911
1866
1813
1882
1859
1928
1895
1964
1874
1904
1850
1850
1846
1907
1903
1948
1929
1898
1890
1874
1918
1902
1894
1909
1851
1861
1887
1898
1924
1944
1899
1955
1971
1981
1935
1959
1950
