12009
13715
11453
11539
10555
10437
10016
9507
9312
9072
8927
8428
8338
7923
7841
7524
7445
7283
7119
7008
6740
6773
6611
6542
6670
6338
6335
6364
6236
6375
6086
6098
5888
5743
5623
5558
5411
5325
5253
5097
5178
5053
5034
4870
5008
4909
4955
4954
4837
4891
4700
4844
4745
4750
4833
4840
4878
4808
4829
4867
4794
4730
4682
4623
4534
4589
4499
4528
4478
4502
4459
4340
4212
4219
4238
4137
4144
4091
4019
3957
3979
3955
3961
3926
3897
3930
3801
3779
3777
3694
3682
3692
3597
3700
3657
3660
3682
3650
3765
3678
3810
3704
3811
3786
3775
3675
3646
3594
3631
3555
3598
3684
3673
3698
3661
3720
3717
3693
3560
3563
3510
3473
3464
3454
3430
3423
3390
3490
3451
3470
3457
3362
3403
3412
3417
3427
3485
3517
3512
3586
3579
3599
3549
3533
3393
3480
3548
3494
3551
3495
3518
3500
3470
3377
3298
3336
3258
3289
3316
3334
3280
3239
3241
3180
3252
3172
3137
3144
3154
3124
3020
3069
3016
3058
2983
2961
3009
3018
3063
3028
3008
2982
2982
3008
2963
2924
2943
2947
2994
2919
2907
2904
2962
2872
2861
2879
2862
2866
2871
2863
2836
2814
2758
2773
2764
2811
2744
2770
2739
2781
2780
2763
2828
2710
2702
2748
2717
2775
2751
2752
2737
2709
2746
2812
2830
2898
2846
2868
2924
2906
2962
2859
2905
2886
2951
2999
2983
2986
2977
2937
2927
2901
2951
2917
2955
2973
3037
3031
3107
3046
3081
2902
2875
2820
2828
2793
2806
2778
2774
2875
2760
2791
2766
2727
2626
2687
2659
2604
2545
2613
2525
2567
2529
2525
2534
2554
2607
2575
2562
2502
2494
2540
2518
2550
2444
2468
2386
2396
2407
2410
2369
2376
2380
2431
2443
2431
2419
2454
2435
2447
2399
2369
2364
2353
2324
2339
2268
2305
2240
2266
2241
2227
2256
2268
2255
2280
2207
2273
2222
2241
2227
2234
2277
2296
2239
2316
2295
2367
2369
2391
2407
2399
2348
2411
2393
2497
2427
2419
2367
2356
2400
2405
2439
2460
2446
2463
2468
2410
2457
2369
2400
2348
2422
2382
2341
2390
2368
2420
2377
2405
2413
2380
2430
2395
2443
2441
2444
2486
2538
2474
2439
2440
2473
2550
2557
2592
2523
2545
2474
2539
2468
2516
2458
2467
2468
2455
2467
2545
2474
2505
2470
2495
2429
2379
2407
2481
2455
2482
2499
2435
2404
2423
2331
2424
2404
2337
2303
2326
2324
2267
2235
2290
2325
2284
2316
2297
2270
2287
2270
2180
2183
2163
2182
2204
2228
2251
2269
2215
2289
2212
2198
2200
2201
2208
2164
2182
2148
2179
2152
2138
2171
2176
2171
2128
2196
2143
2260
2210
2243
2252
2185
2254
2216
2267
2257
2238
2274
2275
2320
2256
2291
2269
2186
2214
2206
2188
2192
2192
2183
2190
2215
2208
2221
2186
2263
2229
2162
2180
2156
2137
2135
2079
2117
2074
2074
2077
2144
2065
2085
2076
2017
2001
1986
2017
2004
2019
2031
1994
2058
2014
2022
2010
2005
1985
1989
2023
2024
2076
2029
2071
2006
2050
1968
1976
1924
2021
1963
1996
2002
2016
2026
2021
2028
1964
1916
1856
1884
1871
1896
1890
1966
1973
2034
2019
2122
2029
2118
2092
2136
2121
2090
2089
2086
2040
2021
2072
2036
2063
2074
2036
1990
1959
1951
1936
1889
1863
1887
1877
1932
1883
1878
1880
1903
1905
1864
1930
1889
1933
1822
1830
1802
1760
1752
1807
1774
1788
1775
1790
1737
1762
1737
1744
1697
1703
1711
1713
1695
1707
1675
1682
1711
1746
1772
1782
1795
1750
1733
1728
1742
1724
1730
1684
1695
1682
1660
1652
1643
1674
1653
1654
1678
1676
1740
1732
1710
1721
1673
1720
1666
1702
1647
1617
1615
1629
1618
1627
1595
1602
1610
1595
1595
1583
1627
1630
1640
1642
1660
1701
1682
1733
1706
1752
1760
1746
1726
1708
1658
1687
1636
1633
1626
1657
1647
1642
1616
1611
1588
1629
1635
1641
1646
1626
1682
1672
1671
1671
1642
1683
1676
1682
1729
1766
1771
1795
1806
1828
1755
1803
1816
1848
1807
1855
1815
1853
1863
1809
1831
1834
1786
1829
1779
1804
1728
1765
1739
1724
1735
1705
1729
1730
1689
1686
1624
1673
1619
1681
1648
1641
1628
1640
1653
1656
1667
1689
1714
1755
1709
1695
1710
1735
1742
1728
1709
1749
1749
1751
1736
1769
1774
1811
1801
1806
1760
1756
1751
1778
1786
1805
1852
1882
1861
1931
1866
1897
1807
1821
1819
1832
1833
1873
1863
1888
1820
1892
1862
1876
1866
1878
1838
1877
1821
1850
1858
1913
1925
1991
2048
2034
2049
2084
2082
2065
2054
1996
2030
1999
2029
2032
1992
1994
1969
1976
1978
1966
1962
1967
2016
1966
2009
2025
2020
2012
2015
1997
2066
2012
2059
2047
2038
2005
1956
1940
1902
1890
1832
1863
1839
1854
1816
1832
1869
1881
1856
1863
1917
1902
1954
1878
1896
1853
1824
1804
1824
1781
1778
1778
1762
1750
1748
1729
1746
1732
1733
1757
1761
1721
1731
1692
1734
1725
1738
1720
1729
1740
1724
1725
1750
1712
1735
1740
1731
1736
1711
1710
1702
1754
1763
1753
1733
1711
1707
1729
1711
1695
1724
1712
1721
1710
1701
1718
1749
1723
1731
1730
1753
1733
1758
1743
1738
1683
1721
1687
1742
1717
1764
1737
1764
1770
1775
1823
1789
1872
1830
1857
1885
1922
1920
1910
1901
1907
1921
1905
1901
1868
1865
1820
1815
1803
1819
1826
1832
1847
1849
1905
1944
1961
1936
1995
1991
1958
2001
2021
2015
1995
1973
1963
2035
1981
1979
1988
1994
1981
1984
2002
1980
1960
2011
1988
1987
2005
1988
1951
1995
1999
2040
2031
2068
2010
2108
2068
2136
2099
2179
2082
2072
2116
2081
2055
2063
2004
2020
2056
2032
2080
2052
2077
2089
2088
2029
2027
1979
2015
2029
2014
2010
2017
2014
1995
1994
1992
2010
2003
2004
2062
1983
2027
1994
1976
1900
1908
1867
1913
1891
1895
1874
1888
1855
1882
1846
1904
