12097
13861
11753
11641
10761
10472
9932
9552
9190
8896
8677
8337
8040
7913
7704
7446
7331
7258
7220
6842
6944
6673
6642
6498
6533
6470
6393
6472
6383
6297
6253
6069
5999
6105
6028
6097
6007
5961
5781
5812
5810
5728
5616
5535
5531
5334
5420
5192
5157
5179
5041
4994
4849
4851
4891
4776
4877
4732
4808
4824
4830
4761
4693
4686
4659
4719
4731
4716
4661
4645
4728
4602
4572
4535
4578
4586
4534
4622
4556
4492
4416
4400
4293
4188
4212
4154
4144
4161
4119
4141
4041
4001
4091
4046
4087
4056
3990
4014
4011
3970
3987
4005
3960
3968
3970
3937
3831
3781
3718
3719
3739
3785
3752
3769
3662
3684
3741
3716
3730
3696
3797
3677
3689
3631
3647
3601
3564
3525
3488
3504
3502
3550
3526
3588
3435
3464
3535
3580
3503
3550
3586
3611
3544
3585
3579
3655
3569
3451
3475
3419
3402
3342
3322
3211
3196
3098
3113
3144
3170
3138
3116
3114
3096
3218
3253
3280
3233
3245
3261
3274
3308
3272
3254
3335
3267
3330
3382
3399
3434
3402
3354
3381
3411
3310
3393
3382
3352
3327
3337
3334
3303
3355
3213
3246
3327
3211
3250
3255
3236
3177
3159
3208
3142
3104
3078
3088
3083
3066
3011
3113
3101
3021
3048
2957
3046
2944
2969
2911
2951
2908
2962
2993
3064
2975
2939
2885
2929
2860
2880
2836
2882
2746
2762
2669
2711
2770
2702
2765
2755
2714
2826
2774
2894
2771
2871
2816
2839
2759
2807
2699
2757
2683
2766
2714
2785
2870
2786
2815
2775
2797
2776
2760
2753
2646
2686
2642
2627
2514
2604
2595
2591
2554
2551
2543
2558
2560
2569
2557
2543
2552
2564
2588
2609
2609
2497
2525
2499
2538
2495
2476
2438
2440
2457
2439
2440
2437
2331
2348
2309
2356
2418
2400
2420
2422
2475
2489
2537
2438
2510
2496
2577
2521
2529
2553
2471
2516
2491
2560
2527
2469
2549
2492
2479
2403
2439
2369
2421
2393
2410
2401
2354
2402
2350
2354
2359
2418
2430
2435
2460
2448
2393
2417
2357
2338
2370
2399
2401
2393
2385
2439
2485
2470
2558
2495
2509
2493
2503
2469
2506
2425
2418
2393
2402
2414
2447
2365
2415
2476
2476
2529
2512
2514
2571
2584
2607
2595
2574
2578
2578
2587
2596
2550
2537
2538
2601
2574
2529
2525
2547
2523
2517
2577
2471
2484
2431
2447
2470
2487
2443
2508
2491
2477
2449
2482
2475
2490
2502
2448
2487
2395
2403
2344
2341
2305
2314
2317
2325
2366
2425
2367
2398
2386
2401
2380
2384
2352
2327
2342
2368
2352
2447
2389
2455
2458
2420
2426
2452
2459
2513
2500
2438
2492
2479
2385
2400
2379
2336
2274
2293
2276
2335
2297
2315
2310
2316
2292
2229
2223
2234
2149
2207
2163
2200
2180
2168
2146
2121
2134
2140
2139
2168
2099
2126
2126
2145
2130
2167
2209
2218
2199
2217
2279
2270
2249
2260
2293
2308
2335
2344
2359
2279
2308
2261
2318
2301
2299
2309
2292
2226
2247
2219
2170
2155
2101
2086
2104
2058
2004
1968
1969
1924
1945
1951
1976
2009
1983
1946
1961
1929
1934
1961
1878
1881
1938
1874
1884
1889
1887
1893
1926
1910
1954
1913
1943
1968
1924
2023
1932
1937
1915
1988
1918
1944
1902
1929
1833
1845
1857
1884
1836
1863
1884
1876
1910
1896
1928
1981
1969
1999
1961
1964
1963
1959
1953
1968
1982
1998
2017
1984
1976
1983
2012
2030
2037
2027
1957
1959
1976
2004
2003
2000
1998
1998
1992
2060
2059
2069
2077
2142
2089
2075
2095
2064
2079
2134
2150
2220
2191
2227
2263
2208
2198
2155
2181
2156
2167
2153
2162
2139
2135
2106
2134
2176
2120
2239
2181
2200
2117
2161
2094
2060
2113
2115
2103
2055
1997
2006
2012
1969
2000
2009
2036
2010
2036
2015
2055
2032
2049
2074
2054
2057
1992
1937
2007
1990
2005
1946
1954
1953
1950
1957
1960
1930
1914
1953
1956
1960
1950
1946
1898
1927
1894
1871
1857
1880
1924
1911
1896
1927
1892
1946
1923
1981
2003
2031
2075
2061
2044
2040
2019
2081
2071
2032
2055
2066
2078
2085
2121
2083
2100
2065
2088
2104
2158
2081
2118
2079
2122
2086
2164
2081
2140
2043
2047
2030
2045
2054
2058
2101
2123
2162
2199
2222
2304
2250
2192
2140
2177
2169
2147
2186
2181
2144
2135
2189
2216
2234
2230
2207
2273
2294
2233
2217
2195
2183
2192
2170
2188
2145
2161
2117
2099
2083
2120
2112
2152
2112
2132
2116
2186
2161
2176
2177
2192
2254
2231
2166
2192
2138
2208
2123
2161
2108
2147
2131
2103
2094
2050
2016
2015
1958
1979
1975
1980
1961
1977
2051
1981
2014
1958
1939
1942
1911
1896
1861
1856
1883
1893
1839
1839
1830
1855
1867
1845
1875
1872
1902
1928
1947
1941
1991
1945
1991
1966
1930
1930
1932
1977
1964
1960
1984
1968
1973
2006
2021
2013
2000
2041
2040
2082
2091
2136
2079
2083
2101
2110
2094
2116
2110
2185
2142
2100
2045
2042
2064
2138
2075
2084
2079
2066
2097
2088
2079
2036
2084
2065
2087
2067
2163
2081
2155
2112
2089
2119
2110
2089
2142
2104
2135
2055
2039
2002
2008
1974
2017
2035
2050
2065
2055
2008
2043
2076
2046
2064
2049
2047
2003
2006
1996
1992
2031
2053
2074
2072
2072
2049
2032
2044
1993
1972
1963
2053
2025
2062
2082
2090
2106
2124
2081
2075
2111
2122
2093
2163
2123
2166
2125
2198
2149
2150
2204
2203
2200
2228
2171
2226
2186
2217
2201
2218
2273
2267
2227
2206
2233
2265
2251
2245
2168
2246
2192
2217
2201
2206
2242
2235
2205
2215
2246
2270
2324
2300
2244
2227
2220
2195
2210
2268
2199
2181
2141
2114
2063
2092
2083
2117
2164
2122
2130
2075
2033
2073
2089
2042
2041
2012
2047
2049
2034
1999
2010
1978
2030
1961
1976
1998
1982
1996
2034
2000
2000
2018
1994
2040
2054
2078
2084
2078
2098
2024
2031
1974
1994
1992
1983
2022
2003
1985
1995
1972
