12129
13914
11712
11617
10840
10568
10142
9759
9551
9121
9105
8639
8421
8187
8207
7888
7791
7535
7465
7458
7387
7352
7215
7272
6992
6836
6870
6721
6730
6580
6509
6413
6466
6471
6415
6419
6178
6008
6046
5905
5962
5854
5795
5682
5688
5495
5480
5465
5337
5360
5253
5313
5233
5220
5216
5152
5090
5037
5114
4987
5046
4947
4858
4798
4819
4738
4814
4721
4862
4721
4771
4712
4751
4623
4572
4535
4576
4453
4475
4386
4452
4437
4435
4387
4254
4373
4268
4259
4262
4163
4139
4074
4171
4100
4171
4191
4066
4141
4038
4010
3942
3971
3959
3912
3887
3960
3944
3829
3797
3834
3783
3796
3938
3888
3903
3892
3903
3881
3948
3932
4019
4062
4079
3990
3879
3922
3872
3933
3802
3841
3675
3885
3767
3850
3711
3813
3823
3843
3787
3818
3767
3823
3771
3727
3712
3679
3744
3713
3787
3719
3750
3689
3608
3601
3549
3552
3472
3489
3391
3368
3261
3308
3341
3387
3468
3427
3398
3410
3435
3377
3396
3407
3339
3340
3298
3364
3301
3374
3290
3254
3187
3303
3269
3279
3221
3239
3194
3158
3165
3153
3142
3105
3127
3104
3090
3093
3090
3093
3087
3110
3112
3214
3179
3219
3238
3215
3185
3182
3125
3082
3160
3157
3188
3129
3098
3086
3123
3112
3037
3043
3067
3079
3016
3147
3084
3124
3107
3111
3140
3151
3179
3093
3099
2984
3044
3048
3057
3136
3103
3104
3142
3133
3093
3100
3099
3148
3108
3201
3140
3221
3129
3129
3128
3191
3098
3130
3079
3044
3134
3040
3077
3055
3073
3024
3007
3002
3033
3083
3098
3094
3055
3048
3049
2993
3085
3040
3040
3036
2993
2954
2962
2922
2906
2921
2889
2880
2794
2809
2802
2759
2750
2775
2780
2767
2698
2702
2688
2663
2711
2802
2823
2840
2788
2854
2822
2863
2836
2808
2780
2760
2737
2760
2811
2865
2771
2871
2816
2907
2855
2896
2911
2916
2877
2896
2871
2857
2821
2851
2798
2822
2809
2802
2824
2823
2899
2890
2853
2922
2863
2920
2881
2850
2842
2897
2915
2925
2877
2943
2852
2856
2850
2798
2842
2793
2893
2744
2870
2751
2685
2668
2698
2676
2685
2717
2711
2687
2722
2661
2630
2701
2739
2685
2640
2613
2597
2605
2696
2652
2625
2599
2610
2584
2597
2612
2658
2643
2674
2645
2661
2674
2677
2703
2703
2670
2750
2768
2690
2679
2611
2588
2560
2560
2499
2550
2452
2508
2469
2441
2423
2446
2409
2406
2433
2448
2433
2449
2482
2468
2402
2375
2391
2439
2444
2416
2470
2412
2459
2387
2417
2373
2358
2416
2370
2422
2374
2363
2371
2358
2345
2337
2356
2368
2354
2356
2395
2342
2438
2379
2424
2367
2309
2387
2377
2388
2398
2405
2416
2438
2429
2458
2393
2331
2314
2255
2238
2214
2246
2260
2281
2264
2301
2278
2299
2274
2305
2218
2258
2258
2266
2229
2246
2232
2216
2224
2188
2253
2289
2296
2267
2309
2369
2340
2383
2300
2376
2363
2349
2371
2401
2423
2430
2386
2369
2372
2379
2332
2343
2321
2357
2336
2371
2375
2358
2363
2398
2392
2350
2304
2323
2322
2341
2323
2372
2321
2354
2340
2362
2319
2374
2361
2363
2346
2354
2372
2363
2355
2402
2460
2434
2460
2469
2527
2454
2448
2393
2355
2302
2321
2312
2305
2296
2262
2232
2244
2179
2240
2181
2189
2181
2187
2209
2167
2197
2252
2234
2243
2262
2281
2229
2260
2286
2184
2260
2176
2212
2199
2194
2247
2228
2219
2250
2255
2254
2167
2111
2165
2163
2230
2168
2249
2211
2195
2249
2244
2231
2273
2265
2291
2247
2262
2197
2212
2191
2189
2184
2154
2163
2178
2191
2202
2170
2220
2168
2209
2142
2200
2157
2216
2247
2283
2246
2299
2207
2255
2200
2181
2194
2160
2235
2173
2257
2173
2238
2142
2214
2241
2251
2218
2229
2226
2260
2181
2258
2244
2262
2229
2270
2268
2276
2245
2230
2203
2211
2199
2260
2225
2314
2218
2256
2246
2217
2229
2128
2211
2167
2157
2141
2181
2118
2098
2110
2062
2059
2040
1989
2025
2008
1997
2003
2012
2033
2055
2070
2113
2062
2075
2039
2074
2031
2051
2054
2109
2022
2064
2048
2033
2112
2149
2168
2200
2196
2187
2163
2152
2089
2118
2092
2146
2049
2110
2046
2096
2080
2098
2114
2102
2130
2067
1995
2006
2012
2042
2000
2084
2067
2083
2160
2122
2168
2132
2161
2130
2178
2131
2129
2145
2102
2110
2143
2180
2163
2164
2168
2157
2180
2170
2216
2199
2224
2188
2170
2135
2143
2206
2196
2141
2140
2160
2124
2112
2152
2100
2128
2107
2141
2108
2109
2084
2040
2027
2041
2048
2112
2015
2018
1967
1986
2025
1988
1940
2017
1988
1970
1949
1920
1948
1868
1876
1874
1912
1887
1892
1867
1825
1890
1847
1878
1904
1827
1792
1779
1782
1796
1776
1766
1802
1764
1752
1785
1797
1817
1767
1785
1778
1784
1809
1775
1813
1802
1841
1790
1822
1829
1812
1785
1748
1742
1729
1723
1724
1761
1696
1721
1700
1736
1732
1768
1781
1849
1762
1816
1785
1831
1826
1839
1892
1871
1884
1912
1816
1872
1808
1809
1828
1812
1821
1844
1852
1911
1880
1895
1912
1942
1889
1918
1877
1846
1878
1864
1841
1817
1799
1792
1749
1725
1711
1654
1678
1676
1669
1680
1636
1674
1659
1665
1650
1645
1641
1622
1620
1654
1636
1655
1668
1710
1706
1703
1704
1705
1733
1726
1731
1729
1764
1784
1828
1836
1836
1809
1772
1807
1787
1828
1788
1827
1809
1782
1820
1761
1802
1768
1820
1793
1812
1835
1788
1804
1837
1863
1820
1836
1810
1813
1800
1801
1837
1829
1844
1887
1939
1905
1931
1897
2011
1963
1968
2009
2041
2034
2035
2009
2003
1987
1935
1975
1918
1893
1902
1880
1835
1820
1757
1829
1803
1754
1747
1756
1782
1794
1802
1848
1807
1810
1819
1855
1835
1879
1850
1934
1920
1932
1902
1901
1862
1875
1850
1804
1833
1824
1843
1874
1864
1834
1870
1864
1897
1934
1919
1974
1916
