12017
13733
11597
11365
10684
10370
9986
9628
9566
9234
8899
8582
8302
8034
7901
7630
7327
7307
7054
6967
6834
6632
6557
6431
6453
6242
6305
6172
6190
6202
5986
5907
5787
5777
5732
5605
5581
5371
5413
5412
5278
5251
5300
5189
5208
5110
5086
5152
4999
5025
4946
4927
4792
4866
4815
4907
4831
4871
4818
4821
4697
4660
4691
4667
4613
4506
4520
4440
4449
4378
4416
4392
4305
4225
4234
4143
4161
4101
4089
4143
4101
4119
4021
4067
4044
4078
4144
4176
4212
4224
4243
4192
4210
4120
4098
4062
4050
3953
3794
3790
3796
3802
3827
3812
3892
3853
3893
3867
3880
3821
3805
3815
3714
3776
3797
3749
3773
3706
3698
3651
3635
3644
3540
3505
3473
3419
3368
3437
3349
3328
3372
3300
3310
3302
3229
3236
3295
3280
3305
3227
3219
3151
3203
3201
3219
3143
3177
3231
3185
3203
3217
3197
3216
3282
3323
3316
3241
3362
3212
3200
3168
3228
3282
3285
3275
3331
3332
3291
3309
3119
3188
3112
3154
3065
3137
3090
3072
3128
3126
3116
3103
3189
3107
3182
3083
3176
3135
3222
3113
3164
3080
3074
3057
3071
3025
3118
3079
3107
3026
3014
2989
2884
2939
2901
2969
2929
2895
2933
2933
2995
2966
3010
3081
3008
3083
3123
3125
3017
3122
3120
3173
3129
3087
3058
3112
3077
3086
3124
3045
3092
3053
3011
2972
2969
2983
3001
2944
2920
2935
2916
2931
2901
2886
2891
2829
2842
2805
2786
2727
2654
2636
2556
2686
2559
2582
2604
2601
2649
2611
2660
2665
2643
2675
2681
2679
2762
2705
2762
2604
2567
2611
2614
2639
2657
2768
2641
2709
2580
2650
2575
2600
2560
2561
2529
2545
2483
2573
2495
2472
2405
2432
2356
2406
2342
2418
2439
2406
2376
2365
2338
2344
2358
2385
2412
2447
2388
2446
2459
2407
2462
2311
2352
2336
2441
2377
2347
2385
2370
2335
2349
2335
2357
2249
2230
2303
2286
2355
2275
2285
2259
2331
2318
2357
2304
2390
2352
2393
2364
2464
2463
2486
2521
2460
2445
2439
2469
2446
2421
2370
2337
2370
2423
2411
2368
2371
2380
2373
2389
2325
2304
2318
2308
2278
2312
2285
2299
2267
2286
2253
2242
2240
2205
2210
2131
2083
2057
2061
2070
2068
2062
2087
2068
2127
2117
2141
2148
2133
2139
2232
2237
2246
2275
2252
2233
2228
2219
2281
2291
2260
2315
2244
2307
2253
2271
2211
2186
2147
2137
2171
2104
2156
2080
2102
2120
2118
2084
2084
2063
2094
2103
2063
2085
2034
2078
2046
2096
2071
2131
2077
2017
2042
2013
2002
2066
2038
2113
2050
2043
2009
1986
1973
1999
2008
2014
2050
2009
2040
2030
2054
1973
1997
2012
1985
2005
2014
2058
2094
2063
2100
2021
2037
2071
2074
1996
2028
2040
2008
1960
1991
1991
1975
2024
2011
1988
1995
1996
1985
1983
1948
2014
2005
1986
2032
1977
1957
1963
1990
2007
1966
2012
2005
2003
1975
1990
1971
1954
1946
1933
1943
1935
1990
1948
1970
1914
1949
1961
1984
1957
1960
1928
1976
1951
1967
1945
1947
1931
1949
1927
1935
1914
1919
1960
1980
2042
2022
2022
1988
2033
1960
1953
1972
1954
1987
1983
1943
1936
1951
1909
1920
1890
1927
1842
1811
1812
1804
1807
1776
1781
1791
1761
1791
1742
1788
1767
1782
1776
1798
1826
1809
1853
1861
1842
1855
1828
1828
1854
1842
1831
1831
1850
1834
1846
1850
1841
1855
1842
1839
1774
1782
1751
1742
1726
1755
1738
1782
1770
1808
1787
1788
1776
1805
1794
1811
1792
1775
1805
1801
1793
1817
1861
1826
1863
1797
1831
1773
1825
1746
1758
1746
1776
1745
1752
1741
1750
1711
1717
1698
1723
1725
1731
1730
1757
1716
1736
1758
1773
1755
1800
1792
1804
1780
1780
1804
1815
1892
1936
1889
1873
1864
1874
1868
1908
1877
1924
1899
1884
1859
1876
1857
1817
1832
1841
1865
1850
1870
1898
1904
1884
1866
1862
1909
1903
1931
1919
1876
1941
1885
1929
1866
1905
1882
1855
1903
1852
1873
1862
1879
1864
1858
1854
1850
1846
1827
1809
1834
1824
1870
1848
1925
1918
1944
1896
1869
1883
1835
1882
1889
1873
1861
1846
1870
1818
1803
1794
1789
1799
1838
1842
1889
1869
1911
1903
1929
1866
1865
1846
1903
1793
1876
1862
1909
1866
1912
1882
1885
1861
1839
1839
1826
1792
1773
1775
1731
1762
1737
1757
1752
1764
1800
1781
1775
1715
1741
1735
1741
1711
1738
1724
1701
1684
1687
1666
1639
1695
1674
1727
1684
1724
1657
1685
1657
1694
1653
1708
1693
1661
1683
1622
1655
1645
1661
1642
1649
1653
1637
1668
1680
1668
1723
1631
1647
1662
1656
1644
1658
1614
1650
1690
1719
1748
1760
1748
1700
1695
1670
1657
1682
1671
1747
1702
1719
1749
1680
1694
1681
1689
1669
1704
1666
1708
1711
1723
1689
1694
1691
1692
1662
1659
1665
1612
1625
1616
1611
1599
1602
1548
1547
1519
1494
1527
1508
1503
1486
1501
1492
1481
1482
1468
1473
1452
1472
1462
1498
1508
1488
1494
1489
1486
1509
1496
1517
1483
1498
1470
1466
1462
1435
1478
1463
1472
1460
1475
1505
1481
1477
1479
1511
1526
1558
1551
1580
1565
1595
1548
1529
1545
1530
1517
1542
1522
1541
1492
1495
1467
1514
1500
1519
1540
1522
1541
1545
1535
1542
1583
1562
1582
1548
1629
1564
1613
1542
1572
1552
1571
1596
1600
1573
1587
1593
1635
1643
1626
1641
1602
1598
1579
1562
1576
1566
1582
1635
1633
1624
1642
1650
1669
1643
1705
1628
1647
1632
1591
1584
1603
1565
1648
1596
1665
1628
1601
1614
1591
1601
1589
1542
1552
1565
1571
1589
1563
1546
1571
1544
1521
1491
1497
1461
1517
1506
1510
1468
1468
1472
1438
1457
1489
1480
1514
1527
1543
1565
1548
1556
1560
1563
1581
1595
1633
1590
1622
1603
1643
1649
1686
1660
1724
1656
1689
1671
1680
1667
1649
1618
1626
1606
1640
1623
1628
1603
1621
