12027
13596
11682
11480
10757
10584
10096
9719
9418
9068
8623
8484
8381
8145
8006
7853
7617
7541
7268
7150
6955
6788
6717
6465
6640
6498
6405
6291
6132
5959
5852
5724
5675
5596
5586
5604
5621
5592
5488
5491
5439
5567
5363
5477
5404
5326
5315
5176
5189
5121
5079
5128
5013
4924
4937
4887
4862
4803
4759
4613
4726
4615
4605
4625
4643
4598
4485
4523
4509
4402
4438
4434
4367
4331
4286
4233
4249
4182
4152
4142
4066
4024
3965
4019
4001
4027
3970
3951
3835
3863
3865
3876
3891
3870
3852
3930
3938
3825
3827
3723
3805
3715
3738
3687
3750
3719
3662
3661
3545
3573
3632
3570
3536
3570
3587
3520
3548
3574
3546
3507
3498
3381
3299
3339
3316
3349
3341
3390
3441
3404
3299
3397
3290
3363
3295
3408
3345
3437
3368
3383
3345
3313
3344
3339
3295
3329
3383
3372
3320
3380
3396
3367
3349
3238
3242
3192
3238
3222
3254
3288
3152
3171
3128
3129
3041
3152
3025
3107
3101
3100
3079
3072
3046
3049
3045
3091
3042
3111
3058
3069
3032
2931
2951
2903
2887
2927
2931
2892
2938
2915
2957
2910
2922
2895
2966
2901
2916
2944
2889
2855
2894
2919
2880
2962
2912
2910
2864
2863
2811
2845
2831
2849
2817
2796
2753
2764
2826
2824
2788
2799
2785
2840
2967
2900
2931
2930
3012
2984
3073
2967
3069
2992
3000
3004
3028
3066
2987
3020
3052
3045
3100
3107
3043
3076
3003
3129
3047
2944
2926
2978
2999
2986
2926
2936
2921
2987
2984
3035
3047
3024
3014
2980
2998
2944
2971
2870
2852
2841
2841
2865
2814
2774
2720
2699
2682
2667
2653
2635
2740
2692
2738
2736
2703
2698
2774
2718
2729
2789
2830
2727
2769
2717
2738
2805
2766
2757
2728
2713
2687
2800
2710
2724
2713
2706
2707
2735
2690
2729
2708
2772
2803
2862
2901
2890
2858
2805
2839
2782
2824
2750
2827
2751
2770
2796
2739
2768
2797
2831
2780
2727
2676
2637
2639
2620
2623
2612
2699
2673
2736
2692
2675
2681
2645
2615
2617
2591
2571
2570
2617
2536
2530
2476
2469
2390
2381
2423
2452
2468
2552
2537
2547
2534
2517
2496
2517
2564
2551
2587
2552
2588
2461
2565
2537
2515
2501
2538
2483
2485
2519
2497
2547
2462
2515
2505
2487
2409
2399
2414
2415
2387
2425
2418
2395
2367
2322
2407
2382
2402
2453
2463
2418
2412
2401
2381
2338
2361
2341
2353
2322
2291
2283
2342
2278
2376
2307
2331
2313
2311
2297
2374
2297
2319
2240
2198
2221
2197
2228
2174
2145
2208
2222
2235
2219
2251
2210
2252
2281
2300
2345
2328
2432
2330
2329
2338
2272
2346
2335
2358
2391
2376
2464
2484
2496
2519
2449
2414
2379
2336
2312
2337
2344
2357
2310
2292
2299
2331
2262
2336
2342
2358
2404
2386
2394
2422
2377
2379
2411
2400
2418
2374
2322
2308
2314
2364
2334
2353
2365
2333
2349
2340
2327
2345
2349
2316
2341
2325
2338
2372
2378
2446
2399
2383
2407
2413
2384
2337
2294
2311
2366
2319
2324
2311
2285
2234
2278
2234
2224
2217
2220
2217
2257
2214
2170
2180
2169
2214
2188
2179
2138
2207
2172
2194
2169
2154
2187
2200
2151
2182
2104
2155
2202
2110
2088
2092
2097
2035
2080
2130
2100
2125
2166
2182
2158
2216
2216
2262
2345
2332
2336
2307
2311
2340
2304
2347
2302
2313
2234
2271
2231
2246
2295
2274
2308
2315
2304
2292
2319
2289
2287
2265
2307
2260
2219
2187
2278
2221
2361
2285
2351
2367
2357
2306
2406
2399
2442
2390
2407
2419
2383
2374
2361
2331
2341
2378
2388
2424
2395
2372
2380
2356
2358
2265
2265
2234
2247
2218
2232
2233
2266
2372
2285
2331
2307
2340
2299
2291
2281
2269
2300
2327
2346
2365
2400
2449
2463
2501
2537
2533
2548
2447
2461
2483
2382
2358
2427
2427
2418
2423
2450
2432
2436
2404
2422
2372
2346
2407
2332
2377
2323
2349
2313
2388
2363
2438
2412
2447
2353
2385
2321
2383
2279
2315
2280
2317
2269
2300
2312
2213
2226
2231
2228
2224
2238
2240
2285
2262
2266
2221
2252
2305
2292
2256
2351
2269
2322
2307
2298
2324
2321
2318
2251
2264
2263
2327
2281
2282
2253
2221
2261
2233
2227
2219
2235
2214
2151
2199
2190
2214
2225
2274
2316
2276
2293
2282
2304
2314
2272
2316
2232
2295
2261
2290
2260
2236
2288
2211
2306
2181
2269
2220
2239
2186
2212
2208
2160
2142
2219
2189
2159
2058
2074
2060
2054
2021
1998
1969
1987
1997
1949
1973
1965
1943
1995
1996
1962
1983
1967
2025
2034
2036
1996
1991
1985
2003
2012
2022
2015
2027
2054
2061
2028
2034
2075
2069
2106
2068
2060
2135
2080
2114
2051
2073
2020
2070
1998
2020
1960
1936
1963
1984
1964
1983
2005
1970
1968
1999
2036
2047
2009
2021
2036
1984
1991
2002
2025
2034
2018
2040
2047
2066
2040
2017
2069
1977
2010
1963
1983
1968
2003
1951
1987
2018
1971
1961
1896
1986
1960
1964
1959
1949
1960
1976
1943
1961
1976
1987
2016
1982
2019
2028
2033
2038
2081
2058
2088
2057
2120
2120
2134
2118
2115
2155
2125
2133
2119
2125
2054
2100
2085
2062
2067
2127
2110
2101
2076
2098
2101
2073
2123
2065
2070
2067
2094
2090
2141
2135
2173
2155
2127
2116
2104
2108
2082
2112
2138
2136
2148
2120
2163
2148
2169
2160
2187
2191
2226
2228
2192
2257
2199
2203
2173
2169
2151
2160
2196
2215
2165
2134
2143
2137
2123
2067
2105
2097
2107
2101
2131
2153
2198
2202
2266
2234
2281
2291
2328
2334
2324
2335
2283
2299
2281
2240
2203
2257
2183
2200
2199
2226
2235
2224
2233
2259
2259
2325
2274
2344
2315
2322
2371
2376
2343
2241
2265
2224
2244
2203
2251
2237
2234
2207
2217
2198
2205
2256
2272
2232
2248
2228
2233
2295
2297
2327
2358
2284
2269
2276
2242
2243
2269
2213
2266
2301
2187
2180
2127
2122
2092
2074
2054
2089
