11960
13645
11587
11440
10693
10544
9887
9658
9292
9087
8956
8753
8452
8279
8083
7935
7725
7586
7442
7351
7087
6955
6819
6670
6551
6375
6200
5995
5963
5830
5641
5730
5566
5547
5501
5582
5547
5493
5512
5429
5306
5308
5233
5108
5185
5028
5067
5065
4939
4902
4786
4737
4645
4664
4608
4586
4584
4392
4543
4497
4603
4525
4611
4583
4638
4681
4631
4740
4823
4777
4729
4711
4685
4648
4608
4672
4669
4628
4664
4642
4705
4679
4686
4626
4677
4625
4715
4675
4771
4723
4608
4633
4642
4752
4701
4646
4661
4586
4521
4468
4475
4508
4501
4508
4418
4458
4462
4423
4506
4387
4387
4256
4310
4298
4288
4245
4326
4231
4235
4254
4112
4191
4078
3982
4039
3948
4002
3928
4005
3874
3928
3884
3839
3886
3799
3876
3722
3752
3649
3605
3521
3429
3476
3381
3370
3303
3276
3360
3441
3366
3373
3402
3336
3263
3318
3268
3219
3193
3241
3155
3163
3145
3138
3055
3086
2996
3038
2957
2924
2965
2882
3015
2937
2999
2890
2908
2824
2888
2912
2939
2912
2930
2896
2895
2907
2882
2844
2833
2914
2931
2927
2828
2891
2815
2933
2841
2905
2762
2847
2775
2826
2818
2838
2825
2804
2808
2787
2775
2789
2847
2790
2830
2788
2802
2770
2759
2764
2736
2789
2736
2689
2745
2646
2732
2685
2710
2677
2618
2654
2580
2673
2635
2698
2601
2652
2564
2639
2595
2652
2667
2633
2689
2545
2572
2608
2556
2565
2535
2582
2604
2672
2672
2713
2687
2678
2703
2712
2743
2739
2748
2736
2820
2826
2792
2729
2722
2714
2720
2709
2657
2694
2690
2667
2589
2544
2500
2504
2492
2427
2408
2394
2399
2351
2412
2324
2364
2347
2347
2345
2387
2337
2328
2356
2406
2433
2499
2470
2474
2382
2468
2450
2473
2490
2468
2539
2492
2432
2480
2400
2400
2440
2370
2409
2377
2467
2476
2497
2549
2498
2424
2401
2454
2382
2416
2347
2405
2375
2468
2414
2503
2486
2494
2478
2442
2527
2513
2439
2420
2374
2356
2338
2386
2365
2431
2426
2481
2520
2550
2491
2513
2514
2538
2516
2541
2462
2454
2416
2443
2364
2396
2386
2406
2381
2423
2406
2416
2371
2347
2311
2307
2286
2252
2276
2336
2281
2371
2380
2369
2379
2302
2362
2289
2328
2328
2291
2260
2210
2257
2244
2217
2262
2250
2276
2245
2283
2238
2311
2270
2280
2333
2310
2281
2318
2347
2336
2339
2324
2328
2299
2284
2277
2271
2219
2199
2175
2212
2220
2243
2215
2239
2261
2217
2208
2223
2195
2252
2197
2290
2214
2306
2177
2211
2174
2161
2185
2188
2262
2213
2224
2173
2156
2116
2124
2100
2089
2096
2013
2063
2041
2056
2022
2046
2034
2033
2050
2111
2135
2152
2176
2195
2194
2218
2293
2261
2289
2289
2278
2326
2318
2319
2361
2340
2367
2314
2366
2365
2381
2422
2425
2425
2431
2437
2490
2422
2381
2407
2316
2417
2368
2423
2433
2437
2446
2490
2459
2482
2509
2510
2509
2500
2560
2529
2614
2605
2549
2607
2552
2553
2608
2555
2475
2525
2416
2459
2450
2461
2373
2340
2309
2283
2329
2337
2331
2310
2265
2255
2246
2152
2142
2123
2099
2067
2149
2091
2108
2184
2203
2202
2185
2215
2189
2201
2220
2267
2191
2199
2222
2244
2214
2230
2239
2219
2199
2179
2232
2181
2155
2204
2165
2134
2112
2120
2111
2101
2125
2112
2191
2078
2093
2076
2103
2034
2026
1967
2021
1937
1984
1970
2052
2008
2033
2057
2027
2027
2034
2010
2048
2050
1969
2020
2046
2038
2096
2041
2022
1947
2023
2008
2014
2036
2001
1951
1977
1942
2008
1965
1977
1948
1946
1921
1886
1927
1886
1914
1845
1872
1845
1870
1898
1900
1917
1923
1991
1975
1965
1965
1941
1981
1890
1912
1907
1925
1957
1976
1920
1932
1851
1840
1803
1771
1770
1821
1808
1834
1824
1855
1879
1862
1843
1792
1823
1789
1865
1827
1836
1790
1820
1779
1834
1814
1827
1880
1879
1835
1840
1851
1853
1853
1850
1847
1852
1859
1882
1880
1885
1878
1891
1869
1882
1847
1842
1927
1839
1883
1912
1852
1908
1811
1829
1772
1761
1748
1732
1752
1717
1736
1729
1714
1735
1739
1702
1711
1732
1727
1772
1733
1775
1812
1807
1796
1757
1768
1785
1769
1784
1804
1842
1819
1787
1781
1810
1818
1826
1854
1876
1903
1887
1938
1917
1963
1934
1935
1936
1862
1840
1814
1810
1789
1810
1770
1802
1799
1779
1797
1795
1829
1773
1764
1780
1813
1808
1814
1795
1820
1804
1775
1766
1763
1810
1809
1769
1802
1784
1786
1783
1765
1738
1734
1728
1735
1750
1749
1764
1751
1778
1795
1832
1864
1880
1850
1833
1793
1750
1753
1736
1742
1729
1757
1747
1748
1768
1781
1839
1762
1753
1739
1764
1686
1690
1724
1746
1749
1769
1743
1764
1730
1766
1777
1761
1767
1716
1778
1754
1739
1754
1750
1751
1759
1753
1756
1755
1732
1748
1732
1740
1770
1756
1753
1742
1721
1711
1731
1709
1717
1684
1709
1696
1732
1723
1752
1728
1711
1697
1677
1695
1691
1725
1702
1715
1677
1717
1706
1701
1698
1688
1654
1649
1625
1584
1586
1554
1552
1580
1552
1572
1557
1578
1588
1598
1599
1594
1600
1607
1620
1607
1598
1605
1612
1589
1578
1609
1602
1628
1588
1573
1575
1588
1584
1625
1578
1589
1624
1596
1601
1590
1610
1589
1605
1567
1593
1554
1574
1573
1590
1597
1597
1572
1579
1548
1537
1571
1551
1530
1556
1575
1571
1551
1552
1550
1543
1568
1601
1581
1562
1590
1536
1548
1542
1588
1589
1572
1533
1523
1504
1514
1505
1516
1481
1472
1474
1447
1460
1439
1469
1495
1518
1505
1495
1496
1493
1491
1504
1515
1502
1497
1511
1505
1512
1485
1531
1541
1546
1536
1529
1535
1535
1539
1526
1525
1529
1509
1507
1523
1519
1518
1509
1517
1524
1530
1534
1534
1501
1499
1502
1521
1526
1522
1521
1502
1507
1521
1511
1488
1527
1504
1513
1516
1527
1511
1556
