11940
13559
11514
11312
10469
10216
9820
9503
9224
8821
8700
8473
8211
8127
7866
7587
7363
7215
7234
6857
6758
6580
6551
6316
6077
5896
5971
5847
5903
5826
5950
5726
5586
5511
5509
5497
5410
5499
5411
5328
5224
5303
5261
5085
5127
4983
4940
4857
4821
4689
4746
4693
4703
4587
4485
4541
4386
4390
4336
4295
4269
4261
4261
4216
4207
4251
4173
4102
3982
3979
3867
3908
3937
4024
4041
3898
3867
3915
3842
3854
3801
3817
3849
3820
3772
3798
3749
3689
3743
3661
3565
3637
3580
3663
3536
3504
3480
3455
3431
3494
3489
3513
3587
3573
3549
3648
3680
3626
3685
3695
3733
3748
3785
3647
3555
3555
3485
3516
3388
3321
3304
3318
3260
3228
3206
3241
3291
3267
3243
3213
3210
3192
3145
3140
3181
3155
3058
3075
3049
3045
3132
3124
3121
3132
3076
3189
3202
3227
3130
3152
3076
3078
3022
2964
2922
2927
2982
2998
2966
2968
2985
2934
2942
2988
3088
3102
3143
3168
3247
3033
3072
3078
3039
3106
3088
3081
2967
2999
2977
3120
3087
3131
3097
3078
3099
3087
3193
3121
3271
3147
3188
3215
3185
3123
3157
3185
3154
3155
3073
3130
3066
3071
3044
2951
3017
2954
3051
2982
3011
2980
3005
3016
3028
3061
3000
3014
3011
3101
3103
3137
2998
2997
2960
3028
2956
2952
2931
2873
2784
2875
2818
2833
2828
2865
2913
2823
2911
2925
2899
2912
3003
2968
2986
2983
2982
2966
3032
3075
3083
3002
3030
2988
3043
2959
3059
2993
2901
2900
2883
2862
2889
2794
2828
2805
2724
2702
2724
2734
2778
2797
2821
2801
2813
2742
2812
2718
2826
2727
2743
2654
2596
2708
2714
2685
2680
2636
2645
2615
2634
2546
2471
2488
2522
2530
2560
2618
2583
2667
2634
2634
2684
2667
2713
2766
2790
2804
2834
2741
2828
2696
2731
2626
2654
2655
2673
2696
2711
2684
2711
2699
2733
2764
2808
2811
2765
2838
2740
2817
2701
2770
2802
2817
2849
2793
2841
2797
2789
2732
2699
2728
2696
2706
2745
2694
2689
2697
2591
2595
2611
2645
2610
2623
2630
2582
2566
2547
2583
2554
2618
2622
2644
2651
2583
2558
2633
2604
2616
2628
2648
2607
2578
2503
2534
2458
2494
2478
2421
2446
2490
2430
2465
2521
2509
2444
2465
2436
2374
2381
2401
2385
2372
2505
2487
2503
2542
2474
2498
2480
2489
2431
2437
2402
2421
2377
2382
2418
2413
2411
2429
2356
2345
2373
2404
2436
2393
2380
2438
2413
2451
2436
2479
2455
2506
2460
2443
2394
2450
2461
2532
2469
2583
2518
2549
2579
2499
2459
2519
2436
2404
2452
2492
2461
2433
2474
2492
2457
2445
2403
2356
2330
2333
2315
2336
2306
2333
2345
2377
2307
2345
2321
2272
2261
2268
2265
2286
2281
2293
2326
2332
2353
2345
2296
2299
2246
2238
2246
2182
2200
2261
2263
2301
2224
2229
2165
2241
2269
2334
2323
2337
2282
2312
2222
2253
2219
2228
2232
2160
2205
2171
2197
2237
2197
2172
2163
2214
2172
2212
2114
2173
2087
2158
2119
2204
2193
2272
2247
2276
2197
2213
2216
2241
2230
2180
2166
2098
2104
2071
2136
2137
2191
2202
2183
2133
2129
2137
2187
2113
2168
2171
2172
2174
2238
2215
2210
2222
2246
2253
2209
2295
2162
2237
2154
2164
2183
2212
2211
2155
2205
2166
2232
2266
2192
2211
2212
2171
2279
2198
2372
2241
2289
2282
2245
2278
2275
2228
2309
2288
2327
2280
2267
2292
2271
2302
2327
2296
2233
2258
2204
2209
2178
2223
2207
2226
2225
2166
2195
2148
2148
2159
2119
2135
2140
2116
2125
2126
2138
2122
2184
2192
2194
2164
2177
2155
2194
2225
2184
2178
2224
2218
2214
2209
2192
2217
2194
2203
2207
2263
2227
2271
2255
2311
2260
2283
2240
2203
2211
2202
2251
2295
2274
2265
2297
2263
2247
2160
2175
2153
2163
2226
2190
2218
2220
2209
2181
2194
2175
2131
2169
2205
2191
2232
2203
2153
2158
2148
2202
2224
2198
2250
2234
2237
2223
2165
2185
2227
2224
2204
2230
2195
2222
2162
2132
2161
2159
2171
2190
2158
2158
2109
2152
2131
2118
2107
2078
2041
2038
2044
2023
2088
2090
2078
2088
2035
2055
2044
2039
2041
2091
2081
2092
2061
2107
2050
2085
2079
2046
2047
2095
2066
2138
2129
2139
2119
2096
2141
2108
2085
2106
2070
2080
2040
2041
2098
2084
2099
2082
2088
2059
2048
2076
2109
2082
2079
2066
2108
2097
2152
2179
2196
2132
2134
2182
2156
2182
2121
2177
2142
2155
2123
2137
2127
2110
2104
2114
2119
2110
2124
2112
2120
2110
2104
2114
2137
2170
2115
2063
2049
2041
2050
2052
2064
2062
2072
2062
2075
2060
2066
2046
2085
2080
2076
2037
1984
1997
1999
2036
1986
2045
2072
2063
2072
2104
2091
2070
2086
2031
2037
2047
2025
2096
2005
2002
1952
1940
1943
1904
1912
1904
1954
1919
1997
1969
1968
1982
1981
2015
2009
2021
2033
2084
2036
2055
1989
1990
2022
2041
1985
2029
2001
1997
1978
1989
1961
1980
1975
2015
1954
1947
1919
1895
1878
1888
1885
1934
1912
1930
1936
1931
1966
1923
1988
1993
2008
1984
2018
1993
2022
1980
2019
2002
2057
2043
2014
1999
2056
2029
2048
2055
2046
2051
2045
2087
2061
2110
2103
2125
2081
2093
2076
2074
2065
2000
2058
2022
2066
2033
2071
2085
2018
2020
1966
2006
2045
2037
2022
2043
2059
2030
2080
2056
2053
2027
2000
1988
1941
1944
1959
1948
1962
1937
1964
1934
1981
1931
1936
1890
1915
1931
1902
1893
1932
1947
1965
1945
1933
1941
1964
1968
2011
2000
2013
2012
2013
1962
2015
1994
1985
1954
1941
1908
1898
1866
1819
1818
1834
1832
1841
1816
1779
1790
1795
1809
1809
1800
1813
1773
1779
1784
1776
1806
1764
1768
1736
1759
1721
1745
1749
1731
1774
1759
1803
1790
1833
1810
1835
1823
1872
1852
1874
1903
1832
1899
1882
1891
1907
1886
1878
1882
1864
1814
