11934
13416
11360
11145
10562
10183
9816
9331
9178
8654
8465
8192
7881
7601
7468
7270
7205
6962
6919
6791
6624
6568
6486
6274
6207
6166
6121
6043
6055
5918
5928
5768
5892
5688
5757
5612
5658
5618
5592
5443
5330
5392
5245
5260
5218
5180
5145
5202
5257
5238
5220
5181
5034
5056
4878
4954
4794
4800
4783
4812
4813
4723
4635
4629
4600
4591
4534
4584
4625
4602
4530
4514
4487
4437
4397
4246
4133
4111
4075
4005
3877
3773
3790
3796
3784
3817
3879
3832
3866
3808
3764
3785
3694
3818
3730
3817
3801
3858
3876
3895
3894
3960
3844
3836
3733
3712
3712
3652
3538
3482
3482
3479
3444
3490
3464
3509
3540
3563
3548
3481
3569
3389
3366
3263
3289
3185
3201
3219
3230
3265
3259
3238
3242
3200
3155
3145
3193
3170
3168
3204
3259
3245
3377
3349
3376
3384
3374
3390
3421
3273
3328
3324
3288
3224
3192
3212
3218
3214
3229
3212
3189
3173
3209
3134
3158
3097
3161
3147
3032
3064
3067
2991
2921
2923
2874
2935
2936
2940
3022
2944
3013
3006
3009
2986
3055
3035
3091
3091
3037
3062
3002
3095
3066
3136
3082
3044
3080
3012
3054
3022
3025
3044
2926
2952
2922
2882
2932
2879
2923
2879
2792
2771
2758
2706
2683
2740
2670
2755
2681
2733
2694
2744
2693
2705
2683
2686
2633
2625
2676
2693
2688
2750
2692
2694
2636
2628
2545
2556
2586
2591
2594
2541
2585
2524
2557
2487
2536
2525
2502
2506
2515
2519
2515
2561
2526
2587
2534
2521
2494
2477
2492
2526
2547
2528
2503
2407
2389
2402
2416
2400
2390
2413
2358
2433
2377
2428
2436
2469
2314
2432
2409
2449
2387
2343
2297
2290
2267
2315
2266
2353
2293
2358
2271
2250
2261
2246
2234
2262
2255
2324
2377
2395
2378
2371
2394
2428
2396
2466
2474
2522
2576
2634
2565
2575
2607
2566
2545
2558
2590
2525
2497
2476
2372
2396
2385
2405
2393
2379
2355
2327
2311
2325
2296
2301
2291
2286
2331
2394
2355
2373
2369
2433
2453
2522
2533
2532
2530
2525
2542
2548
2523
2571
2540
2559
2657
2674
2647
2573
2570
2563
2522
2475
2422
2481
2456
2525
2472
2477
2427
2454
2403
2427
2434
2430
2433
2537
2529
2608
2563
2561
2632
2542
2631
2567
2570
2603
2569
2579
2613
2614
2695
2639
2632
2593
2593
2585
2554
2494
2521
2473
2520
2491
2485
2553
2584
2575
2594
2577
2566
2611
2573
2652
2582
2602
2608
2583
2637
2615
2590
2650
2612
2584
2630
2602
2620
2583
2551
2554
2546
2583
2567
2568
2606
2624
2581
2536
2482
2482
2466
2476
2508
2478
2557
2497
2640
2527
2560
2513
2541
2556
2531
2478
2552
2499
2566
2497
2549
2496
2528
2478
2406
2448
2353
2376
2344
2407
2436
2432
2460
2414
2475
2428
2452
2463
2506
2509
2512
2548
2543
2472
2457
2531
2475
2459
2493
2505
2582
2593
2648
2620
2680
2631
2637
2599
2606
2544
2559
2507
2509
2475
2461
2410
2407
2363
2341
2319
2363
2401
2383
2442
2368
2420
2406
2499
2504
2431
2478
2486
2515
2544
2557
2499
2570
2490
2421
2383
2378
2336
2356
2393
2331
2311
2346
2288
2274
2250
2273
2228
2223
2277
2267
2221
2275
2265
2257
2310
2314
2367
2307
2314
2301
2250
2231
2246
2276
2258
2298
2326
2279
2301
2324
2259
2288
2241
2258
2241
2308
2216
2275
2186
2244
2189
2202
2189
2214
2191
2289
2211
2232
2221
2240
2250
2236
2262
2187
2196
2161
2202
2174
2154
2149
2173
2125
2099
2067
2061
2040
2080
2099
2130
2110
2116
2095
2052
2110
2072
2043
2069
2060
2111
2107
2184
2130
2136
2129
2123
2162
2161
2125
2119
2054
2100
2030
2074
2052
2057
2085
2074
2049
2073
2052
2083
2046
2020
2105
2077
2093
2053
2056
2054
2029
2089
2083
2098
2062
2048
2026
2046
1970
1980
1969
2004
1997
2012
2004
2013
1985
2072
2053
2098
2048
2092
2033
2051
2076
2051
2073
2020
2060
2027
2055
2061
2051
2054
2039
2079
2036
2067
2060
2110
2084
2090
2111
2110
2091
2100
2084
2097
2113
2087
2103
2061
2145
2127
2139
2100
2128
2113
2092
2058
2071
2101
2091
2102
2162
2150
2213
2188
2180
2266
2225
2222
2250
2237
2232
2228
2257
2257
2267
2197
2189
2176
2178
2177
2125
2138
2101
2135
2041
2060
2043
2076
2014
2059
2038
2043
2049
2092
2028
2057
2005
2056
1971
2027
1966
2001
1984
1944
1891
1874
1888
1892
1905
1921
1908
1960
1910
1914
1920
1968
1969
1991
1974
1969
2012
2010
2008
2008
2105
2042
2150
2103
2147
2093
2105
2111
2058
2051
2061
2002
1975
1931
1945
1971
1936
1958
1997
1946
1973
1931
1924
1916
1969
1967
1974
1938
1961
2006
2010
2035
2000
1998
2004
2042
1973
2021
2062
2007
2029
1997
1982
2001
2023
2034
2070
1999
1984
1988
1972
2014
1998
1993
1956
1896
1937
1889
1918
1925
1960
1928
1971
1968
1990
2009
1952
1990
1970
2033
2001
1999
2005
2000
1993
1995
1955
1943
1948
1966
1940
1976
1983
1969
1929
1943
1952
2003
1994
2038
2007
2053
1983
2027
1955
2029
1993
2019
2027
2012
2031
2031
2067
2049
2117
2108
2099
2092
2112
2075
2115
2054
2103
2052
2041
2060
2070
2087
2101
2122
2119
2101
2112
2141
2149
2123
2143
2102
2150
2103
2129
2132
2184
2189
2214
2225
2242
2238
2224
2216
2229
2218
2240
2249
2248
2233
2272
2218
2232
2189
2203
2204
2274
2205
2192
2209
2253
2242
2266
2280
2255
2192
2204
2239
2236
2181
2199
2158
2168
2148
2089
2100
2095
2074
2089
2041
2089
2012
2039
2026
1977
2015
2004
2056
2032
2018
2047
2062
2092
2085
2106
2148
2167
2119
2140
2161
2185
2169
2131
2160
2146
2134
2126
2118
2090
2163
2091
2086
2161
2100
2149
2136
2151
2164
2191
2131
2157
2076
2132
2144
2100
2121
2114
2105
2103
2006
2028
2000
1994
2013
2048
2054
