12040
13883
11745
11537
10790
10393
10030
9602
9284
8963
8691
8544
8399
8082
7869
7603
7417
7320
7148
7027
6807
6868
6620
6582
6431
6378
6199
6246
6136
6025
6020
5857
6012
5945
5888
5911
5814
5713
5584
5553
5586
5507
5457
5339
5328
5271
5207
5068
5208
5099
5057
4934
5001
4996
4991
5049
4933
4949
4921
4855
4814
4790
4850
4636
4809
4707
4721
4706
4602
4662
4663
4687
4722
4662
4634
4609
4582
4439
4386
4367
4440
4438
4463
4445
4473
4374
4375
4212
4177
4196
4086
4051
3974
3967
3904
3915
3845
3801
3841
3806
3782
3729
3730
3739
3663
3571
3599
3480
3496
3507
3486
3514
3506
3476
3447
3529
3317
3393
3371
3471
3383
3369
3400
3398
3407
3323
3346
3352
3321
3351
3370
3325
3323
3383
3381
3497
3481
3463
3477
3457
3435
3466
3474
3552
3509
3536
3616
3487
3454
3465
3465
3511
3476
3491
3465
3461
3379
3440
3346
3367
3359
3419
3271
3344
3194
3317
3165
3275
3218
3347
3278
3379
3239
3197
3170
3142
3059
3090
3145
3222
3188
3220
3215
3180
3129
3112
3122
3117
3132
3078
3072
2973
2994
3001
3040
3033
3038
3079
3066
2998
2998
2829
2887
2896
2901
2868
2795
2852
2791
2871
2801
2791
2791
2762
2784
2782
2807
2736
2747
2750
2793
2757
2753
2804
2834
2808
2765
2776
2833
2850
2934
2856
2856
2825
2758
2744
2782
2717
2781
2766
2793
2819
2845
2863
2896
2866
2918
2855
2976
2864
2836
2844
2762
2745
2685
2694
2635
2638
2630
2635
2594
2608
2627
2648
2657
2674
2698
2761
2726
2707
2715
2782
2745
2805
2783
2777
2717
2699
2658
2644
2603
2648
2583
2667
2623
2713
2634
2700
2703
2675
2673
2618
2634
2666
2626
2699
2616
2575
2603
2554
2541
2507
2510
2531
2550
2583
2568
2591
2619
2592
2672
2566
2597
2500
2557
2526
2496
2487
2442
2456
2503
2483
2560
2523
2460
2521
2438
2510
2424
2434
2446
2409
2378
2316
2352
2311
2325
2304
2316
2294
2269
2267
2319
2314
2317
2353
2362
2312
2305
2319
2320
2295
2314
2331
2280
2289
2275
2266
2273
2257
2229
2266
2255
2213
2242
2217
2233
2200
2163
2159
2150
2188
2153
2141
2200
2207
2238
2189
2249
2202
2223
2204
2236
2222
2276
2254
2239
2290
2220
2267
2208
2188
2204
2148
2124
2118
2119
2184
2128
2156
2079
2136
2108
2082
2054
2074
2031
2138
2147
2086
2104
2090
2123
2146
2179
2295
2258
2281
2228
2248
2203
2168
2152
2150
2060
2076
2085
2084
2117
2121
2183
2172
2162
2124
2172
2112
2098
2074
2131
2102
2166
2067
2075
2027
2035
2021
2065
2043
2026
2058
1983
1976
1995
2029
1958
1978
2011
2004
2065
2001
2022
1945
1946
1988
1982
1980
1930
1927
1938
1987
2023
2051
2032
1996
2000
2005
2039
1982
1980
1968
1986
1957
1954
1895
1896
1868
1906
1906
1909
1876
1957
1884
1902
1899
1890
1783
1806
1792
1865
1841
1870
1820
1791
1809
1786
1811
1777
1766
1744
1752
1705
1704
1714
1742
1777
1742
1747
1780
1758
1773
1775
1711
1710
1677
1656
1664
1641
1636
1604
1618
1631
1643
1616
1634
1624
1651
1648
1656
1702
1645
1691
1641
1643
1647
1639
1624
1647
1636
1652
1722
1636
1655
1644
1656
1704
1751
1724
1756
1748
1825
1811
1730
1777
1758
1764
1693
1718
1741
1746
1735
1739
1719
1742
1721
1770
1715
1742
1721
1705
1682
1658
1675
1679
1642
1635
1634
1632
1675
1677
1667
1684
1698
1715
1660
1645
1664
1612
1639
1612
1590
1612
1558
1591
1573
1568
1543
1581
1562
1586
1539
1563
1522
1541
1516
1530
1538
1529
1522
1507
1510
1516
1492
1486
1505
1471
1496
1464
1471
1477
1488
1508
1458
1467
1462
1460
1435
1432
1442
1426
1450
1401
1411
1423
1442
1427
1469
1418
1443
1426
1382
1391
1370
1400
1400
1371
1379
1384
1380
1372
1385
1387
1386
1381
1387
1439
1374
1392
1382
1389
1375
1422
1397
1356
1326
1356
1381
1391
1362
1376
1344
1351
1327
1326
1366
1341
1327
1322
1323
1299
1304
1314
1282
1331
1293
1319
1314
1287
1266
1294
1274
1313
1293
1310
1316
1325
1313
1326
1273
1269
1288
1293
1293
1306
1300
1294
1296
1325
1331
1352
1359
1365
1358
1322
1332
1354
1360
1342
1361
1353
1361
1352
1340
1330
1308
1295
1295
1280
1275
1259
1242
1248
1264
1269
1273
1278
1273
1270
1278
1294
1271
1284
1248
1274
1279
1320
1276
1305
1269
1285
1261
1267
1281
1274
1289
1291
1276
1288
1271
1322
1289
1293
1289
1307
1307
1325
1300
1307
1303
1296
1299
1300
1343
1319
1353
1339
1337
1341
1359
1334
1362
1330
1327
1350
1357
1358
1364
1377
1383
1359
1381
1351
1383
1380
1397
1388
1400
1397
1391
1385
1407
1422
1400
1392
1372
1372
1355
1342
1369
1367
1343
1352
1349
1367
1346
1352
1338
1343
1329
1336
1315
1330
1327
1321
1306
1279
1293
1280
1264
1276
1287
1282
1280
1283
1290
1312
1290
1307
1314
1299
1283
1303
1298
1325
1285
1286
1289
1289
1305
1306
1312
1313
1301
1315
1319
1359
1340
1352
1343
1340
1332
1344
1352
1357
1340
1364
1409
1360
1381
1364
1375
1351
1388
1343
1381
1353
1353
1351
1317
1345
1319
1332
1303
1321
1329
1329
1358
1336
1354
1341
1355
1365
1346
1346
1353
1373
1378
1378
1364
1389
1358
1354
1384
1363
1390
1336
1355
1347
1349
1361
1366
1390
1409
1435
1404
1389
1394
1378
1380
1361
1379
1391
1390
1404
1403
1386
1404
1389
1376
1384
1368
1370
1357
1355
1354
1355
1378
1401
1411
1404
1354
1377
1340
1322
1338
1314
1314
1318
1299
1309
1286
1283
1299
1273
1297
1281
1295
1299
1271
1269
1280
1269
1283
1282
1288
1312
1314
1328
1310
1321
1322
1354
1371
1357
1363
1387
1362
1370
1380
1397
1417
1426
1454
1422
1437
1419
1412
1426
1400
1415
1424
