11965
13510
11417
11218
10681
10259
9855
9479
9273
9161
8885
8611
8239
8105
7981
7654
7510
7357
7298
7124
7129
6929
6963
6751
6646
6673
6467
6337
6206
6383
6272
6147
5983
5841
5724
5730
5764
5581
5577
5496
5512
5418
5413
5394
5343
5261
5136
5161
5195
4994
4965
4842
4894
4853
4726
4631
4554
4455
4382
4335
4268
4268
4204
4222
4068
4123
4005
3890
3889
3880
3818
3877
3844
3816
3786
3784
3838
3833
3747
3741
3794
3638
3631
3681
3673
3634
3594
3579
3542
3526
3561
3504
3542
3519
3458
3475
3469
3541
3472
3488
3463
3480
3481
3529
3411
3507
3398
3486
3392
3469
3403
3483
3353
3378
3287
3296
3223
3218
3332
3239
3209
3252
3190
3244
3101
3046
3114
3027
3051
3067
3070
3079
3140
3068
3060
2989
3051
3014
2973
3004
3002
3084
3037
3036
3039
3044
3027
3018
3083
3081
3050
3053
2968
2931
2849
2796
2771
2769
2740
2746
2715
2709
2657
2711
2662
2676
2676
2744
2703
2660
2673
2742
2727
2810
2728
2676
2701
2689
2671
2667
2682
2614
2638
2621
2602
2517
2524
2492
2508
2449
2577
2528
2541
2555
2515
2491
2524
2495
2476
2500
2466
2419
2491
2437
2499
2454
2474
2464
2606
2527
2526
2590
2569
2578
2585
2501
2461
2457
2414
2386
2362
2344
2310
2345
2313
2306
2280
2229
2271
2201
2249
2220
2202
2195
2248
2237
2219
2252
2210
2295
2331
2351
2406
2453
2455
2443
2441
2440
2498
2443
2504
2482
2534
2564
2509
2472
2463
2572
2529
2488
2410
2469
2483
2453
2454
2426
2414
2356
2305
2326
2311
2320
2325
2359
2324
2299
2265
2298
2264
2242
2273
2226
2212
2189
2255
2248
2270
2326
2294
2295
2271
2290
2304
2313
2283
2235
2223
2241
2216
2231
2227
2194
2209
2187
2204
2223
2278
2210
2264
2255
2287
2216
2260
2264
2306
2280
2265
2241
2193
2218
2102
2125
2204
2199
2273
2231
2264
2245
2263
2237
2249
2286
2280
2342
2310
2333
2268
2303
2283
2244
2305
2331
2392
2372
2356
2387
2350
2327
2333
2334
2369
2422
2360
2350
2336
2283
2328
2377
2338
2377
2346
2319
2296
2357
2296
2313
2314
2302
2300
2327
2291
2274
2307
2269
2260
2248
2227
2157
2174
2207
2217
2259
2281
2215
2340
2269
2267
2260
2340
2298
2376
2355
2354
2317
2328
2296
2311
2279
2254
2256
2203
2210
2167
2143
2174
2120
2135
2146
2171
2128
2166
2154
2151
2140
2135
2134
2105
2081
2143
2159
2193
2188
2145
2113
2140
2104
2141
2115
2093
2131
2150
2158
2187
2197
2182
2155
2199
2173
2120
2173
2152
2182
2152
2187
2151
2151
2097
2125
2112
2110
2140
2167
2182
2176
2149
2204
2173
2266
2157
2190
2123
2195
2149
2201
2166
2121
2174
2186
2226
2191
2220
2198
2220
2197
2228
2217
2200
2197
2158
2204
2170
2209
2177
2217
2167
2185
2152
2136
2157
2187
2159
2166
2147
2204
2240
2217
2223
2245
2294
2306
2275
2215
2202
2200
2194
2090
2200
2149
2219
2227
2208
2187
2196
2178
2241
2244
2234
2199
2173
2183
2146
2169
2113
2120
2111
2089
2084
2114
2031
2103
2044
2091
2046
2092
2036
2028
1981
1954
1982
2001
2030
1974
2042
1996
2021
2012
2090
2034
2049
2069
2081
2081
2123
2144
2157
2104
2175
2088
2122
2109
2089
2141
2137
2101
2083
2108
2071
2162
2136
2192
2118
2185
2132
2191
2159
2154
2171
2160
2205
2206
2204
2214
2216
2229
2318
2237
2270
2319
2328
2328
2348
2369
2335
2376
2363
2355
2358
2380
2386
2462
2443
2453
2401
2412
2326
2404
2332
2370
2380
2362
2373
2363
2416
2352
2366
2356
2277
2317
2299
2356
2266
2305
2290
2324
2312
2346
2317
2362
2315
2333
2319
2347
2354
2331
2286
2290
2314
2346
2418
2343
2328
2345
2379
2334
2415
2395
2382
2388
2370
2384
2421
2359
2395
2390
2377
2335
2289
2316
2334
2384
2365
2376
2398
2393
2374
2359
2397
2361
2473
2424
2408
2415
2409
2358
2389
2364
2419
2376
2378
2427
2392
2418
2336
2351
2349
2372
2388
2399
2439
2360
2336
2290
2288
2282
2306
2288
2315
2328
2366
2305
2321
2275
2227
2180
2202
2130
2125
2102
2112
2058
2114
2136
2172
2150
2193
2166
2208
2221
2242
2242
2242
2257
2257
2241
2295
2292
2298
2258
2308
2277
2260
2339
2317
2339
2303
2361
2347
2368
2322
2364
2351
2322
2309
2295
2275
2278
2269
2305
2200
2228
2221
2211
2235
2251
2255
2269
2304
2306
2338
2277
2321
2323
2389
2383
2371
2359
2387
2370
2377
2339
2340
2336
2367
2345
2345
2313
2367
2385
2379
2371
2380
2377
2314
2342
2260
2272
2267
2303
2321
2313
2239
2277
2218
2242
2236
2297
2273
2337
2333
2308
2386
2358
2334
2301
2268
2297
2298
2279
2214
2185
2176
2141
2119
2119
2108
2083
2090
2057
2029
2001
2034
1976
2013
2023
2043
2093
2124
2153
2113
2155
2138
2152
2157
2183
2161
2151
2176
2157
2213
2198
2274
2225
2269
2257
2310
2282
2347
2378
2354
2375
2371
2330
2335
2307
2284
2284
2285
2241
2147
2159
2216
2105
2126
2068
2055
2038
2069
2068
2068
2044
2067
2075
2147
2115
2155
2141
2177
2155
2139
2209
2229
2227
2221
2281
2256
2328
2265
2280
2273
2226
2243
2224
2256
2241
2263
2189
2215
2206
2174
2194
2184
2242
2210
2239
2243
2234
2243
2173
2204
2186
2187
2207
2159
2190
2147
2163
2152
2180
2170
2173
2184
2162
2169
2112
2167
2166
2127
2140
2135
2086
2160
2083
2163
2141
2176
2147
2159
2124
2141
2207
2174
2150
2165
2159
2171
2151
2174
2172
2203
2180
2215
2145
2167
2106
2109
2115
2120
2051
2042
2070
2094
2014
2123
2080
2128
2048
2134
2113
2137
2131
2072
2063
2049
2076
2061
2070
2038
2010
1979
1996
2011
2015
2088
2066
2100
2100
2147
2179
2138
2179
2105
2123
2156
2148
2186
2201
2157
2173
2151
2199
