11912
13515
11606
11171
10615
10241
9684
9505
9105
9018
8634
8427
8116
8019
7675
7549
7336
7200
6976
6800
6828
6636
6701
6474
6430
6345
6309
6296
6126
6107
6140
6021
5994
5990
5883
5911
5785
5761
5673
5542
5467
5416
5451
5254
5285
5261
5137
5100
5191
5050
5023
4983
4982
4935
5004
4962
4871
4864
4786
4751
4619
4668
4615
4510
4529
4519
4451
4409
4233
4208
4227
4153
4159
4184
4137
4148
4090
4080
3978
3950
3922
3924
3991
3959
4023
4011
3982
3989
4022
3983
4010
3991
4046
4040
4001
4106
4014
4050
3998
4037
3855
3794
3847
3717
3735
3675
3628
3596
3526
3572
3580
3697
3715
3713
3744
3683
3736
3640
3723
3675
3708
3689
3670
3686
3615
3665
3577
3653
3695
3662
3664
3628
3654
3607
3582
3579
3515
3479
3433
3436
3430
3488
3410
3432
3360
3436
3447
3507
3444
3538
3547
3566
3487
3479
3409
3349
3365
3335
3401
3337
3353
3422
3398
3446
3455
3480
3430
3403
3347
3344
3294
3279
3255
3199
3119
3121
3100
3165
3127
3183
3102
3126
3092
3104
3154
3028
3019
3016
3008
2992
3043
3012
3010
3010
3111
3029
3093
3046
3022
3006
2930
2921
2880
2874
2881
2876
2921
2918
2828
2903
2870
2871
2790
2832
2812
2880
2864
2902
2840
2879
2834
2814
2806
2726
2748
2710
2734
2749
2778
2718
2799
2673
2735
2655
2711
2666
2707
2621
2583
2642
2637
2657
2638
2653
2640
2665
2647
2683
2684
2696
2688
2611
2595
2588
2634
2565
2586
2500
2541
2409
2431
2429
2419
2442
2501
2482
2491
2503
2544
2561
2489
2484
2547
2440
2502
2430
2434
2424
2389
2395
2357
2376
2355
2359
2356
2409
2441
2402
2446
2428
2446
2509
2516
2457
2429
2496
2510
2485
2492
2540
2489
2483
2477
2410
2441
2427
2350
2386
2393
2401
2419
2415
2444
2465
2438
2427
2456
2488
2484
2485
2458
2416
2452
2433
2431
2390
2399
2451
2337
2352
2319
2286
2311
2313
2347
2260
2269
2284
2298
2278
2349
2286
2299
2328
2339
2332
2328
2277
2279
2281
2284
2266
2358
2298
2313
2357
2274
2319
2349
2379
2328
2254
2269
2242
2243
2243
2340
2312
2346
2336
2340
2306
2333
2374
2407
2355
2360
2305
2305
2273
2340
2259
2311
2298
2247
2214
2262
2250
2211
2208
2223
2202
2223
2215
2238
2263
2293
2316
2352
2361
2355
2370
2347
2323
2380
2314
2311
2364
2263
2278
2336
2275
2239
2256
2196
2233
2194
2160
2133
2041
2052
2038
2066
1999
1961
1992
1970
1940
1977
1981
1960
1973
1964
1944
1993
1956
1973
1987
1931
1898
1905
1897
1906
1930
1931
1966
1932
1947
1930
1965
1979
1974
1966
1954
2012
1926
1920
1952
1954
1945
1912
1972
1915
2012
1996
1990
2031
2055
2050
2098
2123
2144
2120
2076
2069
2069
2115
2071
2092
2086
2117
2075
2094
2096
2052
2052
2027
1987
1991
1958
1994
1979
2023
1995
2033
1978
1981
1970
2001
2001
2003
2009
1909
1922
1903
1961
1957
1939
1969
1933
1933
1882
1928
1919
1905
1909
1930
1891
1900
1878
1910
1946
1907
1870
1869
1912
1922
1922
1966
1939
1943
1954
1914
1962
1910
1906
1924
1937
1890
1897
1900
1924
1951
1993
1941
1947
1927
1907
1944
1958
2017
1970
1965
1967
1999
1913
1969
1935
1952
1922
1949
1958
1966
1947
1925
1962
1955
2008
1974
2011
1943
1977
1973
1981
1984
1962
1966
1927
1946
1905
1967
1905
1906
1913
1887
1876
1849
1873
1893
1876
1868
1891
1883
1883
1906
1957
1947
2013
1958
1947
1977
1999
2003
2004
2002
1981
2020
2029
2071
2003
2010
1990
2042
2051
2085
2075
2103
2142
2149
2183
2176
2207
2214
2203
2226
2203
2206
2197
2244
2256
2190
2220
2242
2251
2308
2261
2358
2361
2411
2452
2477
2466
2427
2451
2363
2388
2335
2359
2350
2337
2326
2298
2312
2302
2302
2320
2403
2452
2502
2493
2422
2458
2440
2523
2492
2504
2483
2485
2421
2443
2395
2400
2345
2328
2390
2331
2336
2276
2320
2366
2361
2347
2398
2394
2449
2303
2348
2360
2380
2446
2399
2406
2379
2496
2431
2449
2461
2460
2518
2448
2438
2429
2379
2404
2368
2412
2401
2430
2477
2488
2425
2369
2406
2357
2312
2335
2282
2249
2272
2254
2335
2300
2333
2358
2328
2327
2307
2331
2354
2340
2347
2398
2362
2375
2422
2406
2391
2438
2370
2348
2318
2391
2351
2364
2377
2399
2352
2386
2393
2354
2341
2350
2337
2354
2271
2286
2273
2296
2249
2281
2252
2321
2296
2289
2293
2293
2273
2336
2373
2401
2410
2394
2387
2399
2376
2350
2347
2330
2319
2318
2313
2305
2257
2234
2234
2271
2255
2248
2274
2240
2274
2196
2238
2202
2171
2201
2155
2196
2156
2156
2168
2176
2217
2195
2239
2180
2139
2114
2072
2123
2113
2151
2079
2036
2072
2098
2061
2056
2037
2063
2032
2070
2091
2109
2144
2133
2174
2151
2160
2153
2285
2241
2191
2221
2217
2224
2195
2236
2201
2189
2200
2264
2239
2276
2274
2292
2245
2273
2241
2282
2337
2343
2342
2399
2358
2336
2347
2324
2329
2259
2221
2234
2217
2237
2183
2225
2205
2249
2198
2214
2184
2246
2183
2202
2147
2229
2187
2194
2219
2191
2220
2160
2176
2189
2136
2154
2117
2085
2058
2054
2020
2044
2029
2052
2053
2089
2094
2056
2049
2027
2111
2038
2056
2015
2065
2012
2052
2043
2049
2102
2046
2138
2144
2091
2098
2134
2078
2090
2054
2103
2054
2095
2040
2100
2014
2032
1997
2014
2022
2033
2066
2025
2008
1973
2035
2043
2079
2068
2033
2068
2000
2007
1991
1984
2009
2009
2070
2066
2053
2088
2098
2163
2184
2186
2191
2171
2170
2166
2132
2148
2143
2161
2166
2146
2191
2160
2152
2117
2113
2133
2064
2110
2119
2093
2140
2137
2160
2185
2169
2140
2226
2206
2271
2271
2210
2311
2247
2214
2217
2135
2122
2154
2141
2157
2153
2111
2098
2103
2104
2124
