11922
13751
11640
11508
10806
10615
9866
9641
9245
8975
8836
8642
8192
8047
7871
7754
7529
7216
6912
6895
6594
6359
6258
5993
5957
5782
5772
5762
5766
5525
5475
5402
5366
5282
5180
5140
5189
5190
5046
4999
4949
4824
4853
4888
4838
4781
4761
4796
4746
4626
4574
4559
4522
4500
4469
4467
4435
4364
4386
4268
4204
4219
4193
4100
4070
4012
3951
3879
3807
3808
3703
3801
3813
3794
3829
3803
3869
3820
3749
3788
3848
3895
3959
3890
3951
3959
3954
3974
3904
3880
3910
3958
3914
3943
3884
3858
3803
3769
3795
3715
3720
3682
3657
3628
3650
3560
3616
3566
3549
3522
3472
3460
3366
3373
3320
3341
3375
3347
3406
3432
3349
3350
3410
3409
3444
3466
3487
3456
3443
3533
3505
3541
3531
3565
3589
3526
3517
3503
3570
3490
3469
3445
3357
3301
3321
3239
3332
3280
3328
3306
3365
3292
3226
3318
3219
3225
3204
3223
3183
3260
3252
3213
3195
3235
3274
3210
3181
3239
3207
3181
3211
3171
3181
3093
3210
3167
3245
3122
3224
3156
3140
3207
3172
3096
3083
3099
3112
3060
3032
3055
3074
3104
3024
3062
3082
3085
3063
3037
3047
3031
3069
2936
2998
2924
2923
2901
2852
2850
2866
2796
2765
2763
2781
2731
2778
2751
2806
2751
2818
2832
2878
2832
2833
2813
2804
2833
2853
2858
2814
2827
2876
2855
2865
2866
2968
2914
2858
2878
2860
2910
2937
2895
3035
2930
2928
2885
2904
2889
2874
2858
2798
2800
2839
2873
2854
2888
2860
2796
2861
2859
2825
2841
2892
2846
2900
2880
2917
2899
2874
2861
2868
2836
2770
2778
2808
2880
2826
2842
2750
2751
2742
2762
2741
2720
2756
2757
2790
2684
2651
2696
2681
2689
2723
2734
2756
2725
2792
2749
2745
2694
2723
2756
2778
2763
2755
2820
2861
2849
2833
2900
2841
2867
2852
2805
2744
2749
2699
2708
2634
2785
2605
2777
2648
2726
2654
2665
2557
2570
2564
2534
2539
2580
2518
2555
2534
2485
2476
2414
2437
2405
2370
2397
2425
2497
2437
2487
2460
2470
2409
2461
2444
2382
2328
2384
2306
2312
2287
2303
2239
2231
2242
2217
2204
2180
2148
2213
2153
2152
2157
2176
2170
2167
2172
2178
2160
2099
2131
2086
2086
2121
2048
2043
2067
2080
2084
2085
2045
2047
2009
1987
2000
1982
1950
1914
1932
1931
1956
1959
1978
1972
1984
1970
1998
1954
1967
1926
1930
1922
1933
1913
1869
1925
1895
1895
1923
1928
1945
1932
1934
1952
1943
1941
1917
1916
1948
1972
1995
2034
2029
2086
2042
2079
2052
2080
2049
2070
2010
2009
1957
1965
1951
1939
1959
1956
1956
2003
1965
2005
1956
1965
1909
1960
1962
1970
1927
1967
1885
1918
1873
1902
1896
1937
1944
1927
1931
1932
1991
1962
1915
1932
1932
1893
1890
1872
1886
1844
1879
1882
1928
1902
1904
1939
1965
1990
2014
2001
1997
1988
2020
2013
2063
2013
2075
2022
2090
2044
2038
1998
1963
1961
1925
1913
1910
1918
1944
1906
1913
1916
1904
1922
1913
1919
1914
1893
1889
1856
1888
1906
1840
1833
1844
1887
1865
1915
1855
1862
1844
1822
1828
1796
1813
1798
1823
1802
1783
1800
1794
1817
1870
1861
1834
1844
1883
1857
1883
1863
1866
1897
1902
1913
1937
1908
1910
1911
1911
1932
1902
1929
1945
1912
1895
1854
1865
1856
1854
1815
1819
1842
1827
1886
1845
1825
1850
1852
1875
1872
1851
1847
1873
1834
1874
1823
1832
1792
1816
1785
1810
1736
1770
1723
1666
1638
1625
1645
1614
1640
1647
1647
1632
1663
1687
1670
1680
1615
1614
1646
1660
1621
1637
1658
1698
1676
1673
1667
1679
1710
1748
1749
1745
1776
1821
1794
1772
1783
1748
1758
1769
1807
1744
1718
1722
1675
1632
1667
1621
1665
1617
1609
1643
1649
1639
1633
1568
1589
1579
1594
1562
1574
1579
1531
1534
1510
1529
1516
1498
1516
1534
1528
1516
1507
1493
1501
1503
1539
1523
1533
1514
1507
1502
1496
1514
1506
1540
1540
1558
1575
1615
1578
1617
1568
1589
1551
1578
1580
1624
1593
1624
1624
1634
1654
1675
1665
1662
1676
1625
1632
1646
1614
1653
1644
1625
1660
1614
1674
1635
1659
1635
1685
1608
1665
1650
1611
1630
1606
1616
1619
1653
1603
1645
1641
1658
1646
1645
1654
1640
1679
1674
1653
1723
1755
1710
1727
1706
1742
1703
1720
1667
1666
1622
1682
1615
1637
1613
1624
1627
1650
1614
1616
1604
1648
1628
1617
1663
1622
1658
1663
1695
1637
1626
1663
1702
1702
1704
1636
1665
1639
1621
1608
1606
1580
1540
1579
1590
1571
1544
1557
1553
1552
1577
1532
1548
1531
1553
1549
1579
1609
1582
1566
1536
1553
1547
1581
1587
1565
1565
1585
1569
1557
1571
1603
1587
1622
1588
1590
1541
1559
1547
1599
1590
1587
1570
1556
1604
1569
1570
1553
1565
1624
1594
1624
1611
1637
1642
1625
1613
1573
1574
1603
1586
1658
1623
1645
1663
1666
1705
1708
1711
1721
1734
1753
1727
1759
1752
1757
1773
1707
1709
1680
1664
1704
1674
1683
1700
1648
1660
1611
1588
1587
1571
1596
1615
1591
1577
1568
1588
1586
1624
1580
1613
1575
1572
1565
1583
1583
1578
1587
1592
1596
1593
1592
1569
1586
1588
1607
1602
1563
1559
1565
1534
1540
1510
1500
1522
1515
1522
1508
1513
1552
1497
1566
1525
1567
1563
1551
1538
1549
1529
1492
1540
1542
1532
1500
1503
1522
1512
1552
1557
1554
1588
1555
1537
1548
1560
1565
1578
1594
1586
1580
1598
1592
1561
1563
1574
1546
1561
1567
1581
1582
1586
1588
1570
1593
1625
1625
1629
1642
1682
1672
1649
1655
1629
1650
1642
1668
1651
1686
1659
1669
1714
1681
1690
1628
1645
1625
1633
1592
1641
1596
1609
1595
1588
1572
1560
1553
1575
1573
1569
1601
1596
1562
1574
1602
1565
1612
1591
1601
1569
1613
1610
1683
1609
1598
1600
1603
1594
1604
1625
1614
1630
1654
