11850
13582
11434
11456
10639
10352
9753
9570
9176
9018
8662
8514
8245
7990
7774
7585
7369
7195
7087
6945
6847
6743
6750
6509
6484
6273
6246
6133
5976
5852
5656
5627
5563
5446
5388
5338
5319
5205
5249
5139
5190
5080
4980
5048
4971
4959
4969
4893
4895
4879
4961
4828
4877
4838
4715
4653
4601
4604
4503
4451
4388
4411
4381
4416
4302
4287
4310
4344
4297
4285
4353
4276
4280
4328
4252
4137
4024
4027
3959
3990
4010
4018
4075
3958
4019
3961
3979
3863
3807
3753
3812
3783
3822
3776
3803
3777
3730
3682
3637
3581
3602
3571
3650
3599
3606
3554
3666
3660
3671
3552
3657
3550
3523
3462
3412
3376
3455
3502
3448
3436
3331
3372
3289
3281
3199
3288
3369
3311
3382
3358
3362
3316
3266
3212
3253
3172
3245
3194
3301
3147
3197
3179
3216
3167
3146
3151
3090
3006
2992
3075
3047
3035
3080
3131
3123
3105
3135
3029
3006
2988
2989
2891
2979
2874
2889
2842
2821
2818
2814
2778
2842
2852
2881
2780
2859
2856
2928
2944
3039
3079
3094
3073
3020
2979
2965
2903
2988
2899
2929
2930
2967
2948
2830
2820
2728
2700
2739
2659
2729
2662
2638
2561
2650
2694
2693
2778
2766
2814
2764
2758
2746
2745
2751
2727
2697
2683
2679
2733
2692
2699
2768
2788
2779
2766
2748
2740
2659
2675
2626
2653
2669
2618
2629
2639
2718
2681
2749
2795
2847
2835
2897
2915
2848
2842
2823
2727
2717
2675
2650
2676
2676
2667
2706
2684
2719
2682
2670
2668
2671
2666
2642
2635
2580
2595
2609
2521
2510
2490
2538
2547
2541
2501
2599
2543
2629
2559
2575
2517
2505
2548
2454
2461
2419
2461
2494
2508
2490
2560
2569
2652
2556
2632
2658
2678
2681
2752
2678
2746
2694
2661
2558
2615
2598
2645
2674
2706
2737
2740
2689
2701
2743
2711
2797
2759
2834
2736
2690
2652
2683
2638
2715
2698
2691
2731
2768
2685
2678
2696
2693
2791
2772
2764
2732
2717
2707
2733
2693
2718
2666
2726
2677
2727
2658
2664
2571
2609
2537
2660
2684
2729
2775
2806
2642
2732
2683
2743
2617
2666
2617
2584
2582
2547
2545
2479
2508
2523
2522
2517
2514
2508
2501
2514
2535
2482
2439
2457
2421
2444
2389
2395
2354
2305
2319
2313
2306
2376
2377
2374
2376
2424
2454
2489
2447
2467
2413
2449
2397
2434
2501
2461
2449
2464
2519
2515
2570
2603
2603
2532
2529
2501
2529
2524
2524
2548
2532
2465
2517
2504
2522
2545
2508
2481
2445
2480
2429
2400
2364
2370
2319
2354
2286
2267
2279
2264
2269
2290
2311
2287
2271
2295
2316
2347
2328
2344
2237
2224
2235
2208
2157
2180
2154
2157
2171
2180
2199
2191
2146
2145
2148
2203
2173
2228
2165
2198
2166
2179
2198
2214
2238
2235
2291
2291
2316
2325
2371
2340
2413
2442
2398
2393
2367
2371
2323
2265
2275
2229
2261
2233
2261
2173
2220
2214
2127
2162
2076
2071
2080
2173
2201
2200
2144
2147
2152
2153
2194
2097
2104
2070
2115
2108
2110
2091
2154
2091
2084
2065
2028
2046
2028
2039
2009
1997
2011
2043
1984
2049
1961
1979
2003
1940
1979
1965
2001
1999
2032
1937
1917
1877
1921
1889
1856
1877
1815
1874
1813
1799
1800
1771
1785
1718
1738
1737
1711
1696
1667
1710
1690
1709
1671
1699
1684
1668
1659
1680
1674
1702
1716
1737
1673
1727
1719
1738
1742
1700
1675
1708
1687
1714
1686
1664
1616
1623
1614
1637
1586
1587
1584
1596
1642
1638
1621
1624
1587
1568
1582
1592
1579
1599
1607
1628
1661
1651
1682
1660
1674
1721
1705
1705
1728
1691
1676
1653
1655
1669
1634
1649
1609
1592
1621
1619
1641
1692
1635
1702
1685
1679
1703
1702
1745
1776
1794
1727
1718
1656
1680
1686
1702
1674
1700
1731
1670
1672
1650
1670
1659
1689
1732
1677
1758
1713
1736
1734
1747
1748
1753
1728
1767
1758
1836
1781
1843
1839
1845
1865
1918
1902
1911
1940
1950
1941
1989
1971
1954
1871
1899
1822
1891
1894
1961
1973
2011
2042
2006
2012
2026
1947
1928
1925
1898
1887
1914
1913
1936
1987
1952
2002
1975
1997
1959
1986
1994
1978
1996
1991
2013
1966
2032
1991
2070
2001
2039
2029
2011
2054
2054
2049
2028
2038
2018
2036
1991
2004
1987
2005
2021
2012
1989
1991
2013
2000
1999
1957
1976
1950
1971
1948
1977
1943
1986
1976
1985
1966
1943
1951
1973
1951
1990
1887
1944
1896
1901
1958
1913
1968
1957
2003
2005
2003
2060
2075
2063
2123
2094
2115
2092
2115
2070
2113
2058
2068
2093
2120
2070
2061
2087
2038
1993
1974
1906
1909
1927
1913
1848
1849
1855
1840
1876
1914
1910
1906
1907
1908
1939
1900
1917
1887
1908
1911
1908
1923
1936
1972
1989
1988
1985
2009
2050
2011
2058
2076
2126
2138
2113
2118
2132
2133
2091
2075
2101
2052
2140
2172
2092
2121
2092
2113
2140
2069
2119
2065
2089
2064
2050
2017
2002
1955
2016
1981
2054
1993
2033
2035
2080
2073
2109
2082
2090
2083
2085
2123
2088
2163
2096
2119
2083
2100
2175
2171
2154
2169
2203
2142
2164
2131
2158
2086
2073
2064
2008
1950
1982
1976
2051
2031
2074
2053
2079
2040
2062
2063
1999
2023
2028
2092
2053
2083
2074
2090
2055
2074
2063
2048
2059
2034
2086
2029
2022
2010
1998
1968
2071
2013
2043
2043
2027
2021
2040
2039
2041
2015
2050
2094
2036
2099
2060
2125
2064
2127
2116
2127
2119
2101
2103
2101
2077
2036
2035
2015
2029
2087
2049
2034
2050
2014
2022
2025
2028
2026
2060
2039
2058
1973
2012
2015
2061
2049
1998
2016
2015
2040
2073
2089
2091
2132
2073
2027
2048
2021
2002
2074
2019
2041
2036
2078
2056
2077
2052
2105
2130
2137
2155
2097
2166
2144
2163
2169
2159
2177
2187
2151
2118
2147
2127
2176
2087
2092
2065
2137
2073
2178
2045
2152
2161
2160
2140
2135
2190
2195
2199
2250
