0 0
1 0
2 0
3 1.0
4 1.4142135623730951
5 1.4142135623730951
6 1.4142135623730951
7 1.4142135623730951
8 1.4142135623730951
9 1.4142135623730951
10 1.4142135623730951
11 1.4142135623730951
12 1.4142135623730951
13 1.4142135623730951
14 1.4142135623730951
15 1.4142135623730951
16 1.4142135623730951
17 1.4142135623730951
18 1.4142135623730951
19 1.4142135623730951
20 1.4142135623730951
21 1.4142135623730951
22 3.1622776601683795
23 3.1622776601683795
24 3.1622776601683795
25 3.1622776601683795
26 3.1622776601683795
27 3.1622776601683795
28 3.1622776601683795
29 3.1622776601683795
30 3.1622776601683795
31 3.1622776601683795
32 3.1622776601683795
33 3.1622776601683795
34 3.1622776601683795
35 3.1622776601683795
36 3.1622776601683795
37 3.1622776601683795
38 3.1622776601683795
39 3.1622776601683795
40 3.1622776601683795
41 3.1622776601683795
42 3.1622776601683795
43 3.1622776601683795
44 3.1622776601683795
45 3.1622776601683795
46 3.1622776601683795
47 3.1622776601683795
48 3.1622776601683795
49 3.1622776601683795
50 3.1622776601683795
51 3.1622776601683795
52 3.1622776601683795
53 3.1622776601683795
54 3.1622776601683795
55 3.1622776601683795
56 3.1622776601683795
57 3.1622776601683795
58 3.1622776601683795
59 3.1622776601683795
60 3.1622776601683795
61 3.1622776601683795
62 3.1622776601683795
63 3.1622776601683795
64 3.1622776601683795
65 3.1622776601683795
66 3.1622776601683795
67 3.1622776601683795
68 3.1622776601683795
69 3.1622776601683795
70 3.1622776601683795
71 3.1622776601683795
72 3.1622776601683795
73 3.1622776601683795
74 3.1622776601683795
75 3.1622776601683795
76 3.1622776601683795
77 3.1622776601683795
78 3.1622776601683795
79 3.1622776601683795
80 3.1622776601683795
81 3.1622776601683795
82 3.1622776601683795
83 3.1622776601683795
84 3.1622776601683795
85 3.1622776601683795
86 3.1622776601683795
87 3.1622776601683795
88 4.242640687119285
89 4.242640687119285
90 4.242640687119285
91 4.242640687119285
92 4.242640687119285
93 5.656854249492381
94 5.656854249492381
95 5.656854249492381
96 5.656854249492381
97 5.656854249492381
98 5.656854249492381
99 5.656854249492381
100 5.656854249492381
101 5.656854249492381
102 5.656854249492381
103 5.656854249492381
104 5.656854249492381
105 5.656854249492381
106 5.656854249492381
107 5.656854249492381
108 5.656854249492381
109 5.656854249492381
110 5.656854249492381
111 5.656854249492381
112 5.656854249492381
113 5.656854249492381
114 5.656854249492381
115 5.656854249492381
116 5.656854249492381
117 5.656854249492381
118 5.656854249492381
119 5.656854249492381
120 5.656854249492381
121 5.656854249492381
122 5.656854249492381
123 5.656854249492381
124 5.656854249492381
125 5.656854249492381
126 5.656854249492381
127 5.656854249492381
128 5.656854249492381
129 5.656854249492381
130 5.656854249492381
131 5.656854249492381
132 5.656854249492381
133 5.656854249492381
134 7.0710678118654755
135 7.0710678118654755
136 7.0710678118654755
137 7.0710678118654755
138 7.0710678118654755
139 7.0710678118654755
140 7.0710678118654755
141 7.0710678118654755
142 7.0710678118654755
143 7.0710678118654755
144 7.0710678118654755
145 7.0710678118654755
146 7.0710678118654755
147 7.0710678118654755
148 7.0710678118654755
149 7.0710678118654755
150 7.0710678118654755
151 7.0710678118654755
152 7.0710678118654755
153 7.0710678118654755
154 7.0710678118654755
155 7.0710678118654755
156 7.0710678118654755
157 7.0710678118654755
158 7.0710678118654755
159 7.0710678118654755
160 7.0710678118654755
161 7.0710678118654755
162 7.0710678118654755
163 7.0710678118654755
164 7.0710678118654755
165 7.0710678118654755
166 7.0710678118654755
167 7.0710678118654755
168 7.0710678118654755
169 7.0710678118654755
170 7.0710678118654755
171 7.0710678118654755
172 7.0710678118654755
173 7.0710678118654755
174 7.0710678118654755
175 7.0710678118654755
176 7.0710678118654755
177 7.0710678118654755
178 7.0710678118654755
179 7.0710678118654755
180 7.0710678118654755
181 7.0710678118654755
182 7.0710678118654755
183 7.0710678118654755
184 7.0710678118654755
185 7.0710678118654755
186 7.0710678118654755
187 7.0710678118654755
188 7.0710678118654755
189 7.0710678118654755
190 7.0710678118654755
191 7.0710678118654755
192 7.0710678118654755
193 7.0710678118654755
194 7.0710678118654755
195 7.0710678118654755
196 7.0710678118654755
197 7.0710678118654755
198 7.0710678118654755
199 7.0710678118654755
200 7.0710678118654755
201 7.0710678118654755
202 7.0710678118654755
203 7.0710678118654755
204 7.0710678118654755
205 7.0710678118654755
206 7.0710678118654755
207 7.0710678118654755
208 7.0710678118654755
209 7.0710678118654755
210 7.0710678118654755
211 7.0710678118654755
212 7.0710678118654755
213 7.0710678118654755
214 7.0710678118654755
215 7.0710678118654755
216 7.0710678118654755
217 7.0710678118654755
218 7.0710678118654755
219 7.0710678118654755
220 7.0710678118654755
221 7.0710678118654755
222 7.0710678118654755
223 7.0710678118654755
224 7.0710678118654755
225 7.0710678118654755
226 7.0710678118654755
227 7.0710678118654755
228 7.0710678118654755
229 7.0710678118654755
230 7.0710678118654755
231 7.0710678118654755
232 7.0710678118654755
233 7.0710678118654755
234 7.0710678118654755
235 7.0710678118654755
236 7.0710678118654755
237 7.0710678118654755
238 7.0710678118654755
239 7.0710678118654755
240 7.0710678118654755
241 7.0710678118654755
242 7.0710678118654755
243 7.0710678118654755
244 7.0710678118654755
245 7.0710678118654755
246 7.0710678118654755
247 7.0710678118654755
248 7.0710678118654755
249 7.0710678118654755
250 7.0710678118654755
251 7.0710678118654755
252 7.0710678118654755
253 7.0710678118654755
254 7.0710678118654755
255 7.0710678118654755
256 7.0710678118654755
257 7.0710678118654755
258 7.0710678118654755
259 7.0710678118654755
260 7.0710678118654755
261 7.0710678118654755
262 7.0710678118654755
263 7.0710678118654755
264 7.0710678118654755
265 7.0710678118654755
266 7.0710678118654755
267 7.0710678118654755
268 7.0710678118654755
269 7.0710678118654755
270 7.0710678118654755
271 7.0710678118654755
272 7.0710678118654755
273 7.0710678118654755
274 7.0710678118654755
275 7.0710678118654755
276 7.0710678118654755
277 7.0710678118654755
278 7.0710678118654755
279 7.0710678118654755
280 7.0710678118654755
281 7.0710678118654755
282 7.0710678118654755
283 7.0710678118654755
284 7.0710678118654755
285 7.0710678118654755
286 7.0710678118654755
287 7.0710678118654755
288 7.0710678118654755
289 7.0710678118654755
290 7.0710678118654755
291 7.810249675906654
292 7.810249675906654
293 7.810249675906654
294 7.810249675906654
295 7.810249675906654
296 7.810249675906654
297 7.810249675906654
298 7.810249675906654
299 8.06225774829855
300 8.06225774829855
301 8.06225774829855
302 8.06225774829855
303 8.06225774829855
304 8.06225774829855
305 8.06225774829855
306 8.06225774829855
307 8.06225774829855
308 8.06225774829855
309 8.06225774829855
310 8.06225774829855
311 8.06225774829855
312 8.06225774829855
313 8.06225774829855
314 8.06225774829855
315 8.06225774829855
316 8.06225774829855
317 8.06225774829855
318 8.06225774829855
319 8.06225774829855
320 8.06225774829855
321 8.06225774829855
322 8.06225774829855
323 8.06225774829855
324 8.06225774829855
325 8.06225774829855
326 8.06225774829855
327 8.06225774829855
328 8.54400374531753
329 8.54400374531753
330 8.54400374531753
331 8.54400374531753
332 8.54400374531753
333 8.54400374531753
334 8.54400374531753
335 8.54400374531753
336 8.54400374531753
337 8.54400374531753
338 8.54400374531753
339 9.433981132056603
340 9.433981132056603
341 9.433981132056603
342 9.433981132056603
343 9.433981132056603
344 9.433981132056603
345 9.433981132056603
346 9.433981132056603
347 9.433981132056603
348 9.433981132056603
349 9.433981132056603
350 9.433981132056603
351 9.433981132056603
352 9.433981132056603
353 9.433981132056603
354 9.433981132056603
355 9.433981132056603
356 9.433981132056603
357 9.433981132056603
358 9.433981132056603
359 9.433981132056603
360 9.433981132056603
361 9.433981132056603
362 9.433981132056603
363 9.433981132056603
364 9.433981132056603
365 9.433981132056603
366 9.433981132056603
367 9.433981132056603
368 9.433981132056603
369 9.433981132056603
370 9.433981132056603
371 9.433981132056603
372 9.433981132056603
373 9.433981132056603
374 9.433981132056603
375 9.433981132056603
376 9.433981132056603
377 9.433981132056603
378 9.433981132056603
379 9.433981132056603
380 10.0
381 10.0
382 10.0
383 10.0
384 11.40175425099138
385 11.40175425099138
386 11.40175425099138
387 11.40175425099138
388 11.40175425099138
389 11.40175425099138
390 11.40175425099138
391 12.206555615733702
392 12.206555615733702
393 12.206555615733702
394 12.206555615733702
395 12.206555615733702
396 12.206555615733702
397 12.206555615733702
398 12.206555615733702
399 12.206555615733702
400 12.206555615733702
401 12.206555615733702
402 12.206555615733702
403 12.206555615733702
404 12.206555615733702
405 12.206555615733702
406 12.206555615733702
407 12.206555615733702
408 12.206555615733702
409 12.206555615733702
410 12.206555615733702
411 12.206555615733702
412 12.206555615733702
413 12.206555615733702
414 12.206555615733702
415 12.206555615733702
416 12.206555615733702
417 12.206555615733702
418 12.206555615733702
419 12.206555615733702
420 12.206555615733702
421 12.206555615733702
422 12.206555615733702
423 12.206555615733702
424 12.206555615733702
425 12.206555615733702
426 12.206555615733702
427 12.206555615733702
428 12.206555615733702
429 13.038404810405298
430 13.038404810405298
431 13.038404810405298
432 13.038404810405298
433 13.038404810405298
434 13.038404810405298
435 13.038404810405298
436 13.038404810405298
437 13.038404810405298
438 13.038404810405298
439 13.038404810405298
440 13.038404810405298
441 13.038404810405298
442 13.038404810405298
443 13.038404810405298
444 13.038404810405298
445 13.038404810405298
446 13.038404810405298
447 13.038404810405298
448 13.038404810405298
449 13.038404810405298
450 13.038404810405298
451 13.038404810405298
452 13.038404810405298
453 13.038404810405298
454 13.038404810405298
455 13.038404810405298
456 13.038404810405298
457 13.038404810405298
458 13.038404810405298
459 13.038404810405298
460 13.038404810405298
461 13.038404810405298
462 13.038404810405298
463 13.038404810405298
464 13.038404810405298
465 13.038404810405298
466 13.038404810405298
467 13.038404810405298
468 13.038404810405298
469 13.038404810405298
470 13.038404810405298
471 13.038404810405298
472 13.038404810405298
473 13.038404810405298
474 13.038404810405298
475 13.038404810405298
476 13.038404810405298
477 13.038404810405298
478 13.038404810405298
479 13.038404810405298
480 13.038404810405298
481 13.038404810405298
482 13.038404810405298
483 13.038404810405298
484 13.038404810405298
485 13.038404810405298
486 13.038404810405298
487 13.038404810405298
488 13.038404810405298
489 13.038404810405298
490 13.038404810405298
491 13.038404810405298
492 13.038404810405298
493 13.038404810405298
494 13.038404810405298
495 13.038404810405298
496 13.038404810405298
497 13.038404810405298
498 13.038404810405298
499 14.422205101855956
500 14.422205101855956
501 14.422205101855956
502 14.422205101855956
503 14.422205101855956
504 14.422205101855956
505 14.422205101855956
506 14.422205101855956
507 14.422205101855956
508 14.422205101855956
509 14.422205101855956
510 14.422205101855956
511 14.422205101855956
512 14.422205101855956
513 14.422205101855956
514 14.422205101855956
515 14.422205101855956
516 14.422205101855956
517 14.422205101855956
518 14.422205101855956
519 14.422205101855956
520 14.422205101855956
521 14.422205101855956
522 14.422205101855956
523 14.422205101855956
524 14.422205101855956
525 14.422205101855956
526 14.422205101855956
527 14.422205101855956
528 14.422205101855956
529 14.422205101855956
530 14.422205101855956
531 14.422205101855956
532 14.422205101855956
533 14.422205101855956
534 14.422205101855956
535 14.422205101855956
536 14.422205101855956
537 14.422205101855956
538 14.422205101855956
539 14.422205101855956
540 14.422205101855956
541 14.422205101855956
542 14.422205101855956
543 14.422205101855956
544 14.422205101855956
545 14.422205101855956
546 14.422205101855956
547 14.422205101855956
548 14.422205101855956
549 14.422205101855956
550 14.422205101855956
551 14.422205101855956
552 14.422205101855956
553 14.422205101855956
554 14.422205101855956
555 14.422205101855956
556 14.422205101855956
557 14.422205101855956
558 14.422205101855956
559 14.422205101855956
560 14.422205101855956
561 14.422205101855956
562 14.422205101855956
563 14.422205101855956
564 14.422205101855956
565 14.422205101855956
566 14.422205101855956
567 14.422205101855956
568 14.422205101855956
569 14.422205101855956
570 14.422205101855956
571 14.422205101855956
572 14.422205101855956
573 14.422205101855956
574 14.422205101855956
575 14.422205101855956
576 14.422205101855956
577 14.422205101855956
578 14.422205101855956
579 14.422205101855956
580 14.422205101855956
581 14.422205101855956
582 14.422205101855956
583 14.422205101855956
584 14.422205101855956
585 14.422205101855956
586 14.422205101855956
587 14.422205101855956
588 14.422205101855956
589 14.422205101855956
590 14.422205101855956
591 14.422205101855956
592 14.422205101855956
593 14.422205101855956
594 14.422205101855956
595 14.422205101855956
596 14.422205101855956
597 14.422205101855956
598 14.422205101855956
599 14.422205101855956
600 14.422205101855956
601 14.422205101855956
602 14.422205101855956
603 14.422205101855956
604 14.422205101855956
605 14.422205101855956
606 14.422205101855956
607 14.422205101855956
608 14.422205101855956
609 14.422205101855956
610 14.422205101855956
611 14.422205101855956
612 14.422205101855956
613 14.422205101855956
614 14.422205101855956
615 14.422205101855956
616 14.422205101855956
617 14.422205101855956
618 14.422205101855956
619 14.422205101855956
620 14.422205101855956
621 14.422205101855956
622 14.422205101855956
623 14.422205101855956
624 14.422205101855956
625 14.422205101855956
626 14.422205101855956
627 14.422205101855956
628 14.422205101855956
629 14.422205101855956
630 14.422205101855956
631 14.422205101855956
632 14.422205101855956
633 14.422205101855956
634 14.422205101855956
635 14.422205101855956
636 14.422205101855956
637 14.422205101855956
638 14.422205101855956
639 14.422205101855956
640 14.422205101855956
641 14.422205101855956
642 14.422205101855956
643 14.422205101855956
644 14.422205101855956
645 14.422205101855956
646 14.422205101855956
647 14.422205101855956
648 14.422205101855956
649 14.422205101855956
650 14.422205101855956
651 14.422205101855956
652 14.422205101855956
653 15.811388300841896
654 15.811388300841896
655 15.811388300841896
656 15.811388300841896
657 15.811388300841896
658 15.811388300841896
659 15.811388300841896
660 15.811388300841896
661 15.811388300841896
662 15.811388300841896
663 15.811388300841896
664 15.811388300841896
665 15.811388300841896
666 15.811388300841896
667 15.811388300841896
668 15.811388300841896
669 15.811388300841896
670 15.811388300841896
671 15.811388300841896
672 15.811388300841896
673 15.811388300841896
674 15.811388300841896
675 15.811388300841896
676 15.811388300841896
677 15.811388300841896
678 15.811388300841896
679 15.811388300841896
680 15.811388300841896
681 15.811388300841896
682 15.811388300841896
683 15.811388300841896
684 15.811388300841896
685 15.811388300841896
686 15.811388300841896
687 15.811388300841896
688 15.811388300841896
689 15.811388300841896
690 15.811388300841896
691 15.811388300841896
692 15.811388300841896
693 15.811388300841896
694 15.811388300841896
695 15.811388300841896
696 15.811388300841896
697 15.811388300841896
698 15.811388300841896
699 15.811388300841896
700 15.811388300841896
701 15.811388300841896
702 15.811388300841896
703 15.811388300841896
704 15.811388300841896
705 15.811388300841896
706 15.811388300841896
707 15.811388300841896
708 15.811388300841896
709 15.811388300841896
710 15.811388300841896
711 15.811388300841896
712 15.811388300841896
713 15.811388300841896
714 15.811388300841896
715 15.811388300841896
716 15.811388300841896
717 15.811388300841896
718 15.811388300841896
719 15.811388300841896
720 15.811388300841896
721 15.811388300841896
722 15.811388300841896
723 15.811388300841896
724 15.811388300841896
725 15.811388300841896
726 15.811388300841896
727 15.811388300841896
728 15.811388300841896
729 15.811388300841896
730 15.811388300841896
731 15.811388300841896
732 15.811388300841896
733 15.811388300841896
734 15.811388300841896
735 15.811388300841896
736 15.811388300841896
737 15.811388300841896
738 15.811388300841896
739 15.811388300841896
740 15.811388300841896
741 15.811388300841896
742 15.811388300841896
743 15.811388300841896
744 15.811388300841896
745 15.811388300841896
746 15.811388300841896
747 15.811388300841896
748 15.811388300841896
749 15.811388300841896
750 15.811388300841896
751 15.811388300841896
752 15.811388300841896
753 15.811388300841896
754 15.811388300841896
755 15.811388300841896
756 15.811388300841896
757 17.204650534085253
758 17.204650534085253
759 17.204650534085253
760 17.204650534085253
761 17.204650534085253
762 17.204650534085253
763 17.204650534085253
764 17.204650534085253
765 17.204650534085253
766 17.204650534085253
767 17.204650534085253
768 17.204650534085253
769 17.204650534085253
770 17.204650534085253
771 17.204650534085253
772 17.204650534085253
773 17.204650534085253
774 17.204650534085253
775 17.204650534085253
776 17.204650534085253
777 17.204650534085253
778 17.204650534085253
779 17.204650534085253
780 17.204650534085253
781 17.204650534085253
782 17.204650534085253
783 17.204650534085253
784 17.204650534085253
785 17.204650534085253
786 17.204650534085253
787 17.204650534085253
788 17.204650534085253
789 17.204650534085253
790 17.204650534085253
791 17.204650534085253
792 17.204650534085253
793 17.204650534085253
794 17.204650534085253
795 17.204650534085253
796 17.204650534085253
797 17.204650534085253
798 17.204650534085253
799 17.204650534085253
800 17.204650534085253
801 17.204650534085253
802 17.204650534085253
803 17.204650534085253
804 17.204650534085253
805 17.204650534085253
806 17.204650534085253
807 17.204650534085253
808 17.204650534085253
809 17.204650534085253
810 17.204650534085253
811 17.204650534085253
812 17.204650534085253
813 17.204650534085253
814 17.204650534085253
815 17.204650534085253
816 17.204650534085253
817 17.204650534085253
818 17.204650534085253
819 17.204650534085253
820 17.204650534085253
821 17.204650534085253
822 17.204650534085253
823 17.204650534085253
824 17.204650534085253
825 17.204650534085253
826 17.204650534085253
827 17.204650534085253
828 17.204650534085253
829 17.204650534085253
830 17.204650534085253
831 17.204650534085253
832 17.204650534085253
833 17.204650534085253
834 17.204650534085253
835 17.204650534085253
836 17.204650534085253
837 17.204650534085253
838 17.204650534085253
839 17.204650534085253
840 17.204650534085253
841 17.204650534085253
842 17.204650534085253
843 17.204650534085253
844 17.204650534085253
845 17.204650534085253
846 17.204650534085253
847 17.204650534085253
848 17.204650534085253
849 17.204650534085253
850 17.204650534085253
851 17.204650534085253
852 17.204650534085253
853 17.204650534085253
854 17.204650534085253
855 17.204650534085253
856 17.204650534085253
857 17.204650534085253
858 17.204650534085253
859 17.204650534085253
860 17.204650534085253
861 17.204650534085253
862 17.204650534085253
863 17.204650534085253
864 17.204650534085253
865 17.204650534085253
866 17.204650534085253
867 17.204650534085253
868 17.204650534085253
869 17.204650534085253
870 17.204650534085253
871 17.204650534085253
872 18.601075237738275
873 18.601075237738275
874 18.601075237738275
875 18.601075237738275
876 18.601075237738275
877 18.601075237738275
878 18.601075237738275
879 18.601075237738275
880 18.601075237738275
881 18.601075237738275
882 18.601075237738275
883 18.601075237738275
884 18.601075237738275
885 18.601075237738275
886 18.601075237738275
887 18.601075237738275
888 18.601075237738275
889 18.601075237738275
890 18.601075237738275
891 18.601075237738275
892 18.601075237738275
893 18.601075237738275
894 18.601075237738275
895 18.601075237738275
896 18.601075237738275
897 18.601075237738275
898 18.601075237738275
899 18.601075237738275
900 18.601075237738275
901 18.601075237738275
902 18.601075237738275
903 18.601075237738275
904 18.601075237738275
905 18.601075237738275
906 18.601075237738275
907 18.601075237738275
908 18.601075237738275
909 18.601075237738275
910 18.601075237738275
911 18.601075237738275
912 18.601075237738275
913 18.601075237738275
914 18.601075237738275
915 18.601075237738275
916 18.601075237738275
917 18.601075237738275
918 18.601075237738275
919 18.601075237738275
920 18.601075237738275
921 18.601075237738275
922 18.601075237738275
923 18.601075237738275
924 18.601075237738275
925 18.601075237738275
926 18.601075237738275
927 18.601075237738275
928 18.601075237738275
929 18.601075237738275
930 18.601075237738275
931 18.601075237738275
932 18.601075237738275
933 18.601075237738275
934 18.601075237738275
935 18.601075237738275
936 18.601075237738275
937 18.601075237738275
938 18.601075237738275
939 18.601075237738275
940 18.601075237738275
941 18.601075237738275
942 18.601075237738275
943 18.601075237738275
944 18.601075237738275
945 18.601075237738275
946 18.601075237738275
947 18.601075237738275
948 18.601075237738275
949 18.601075237738275
950 18.601075237738275
951 18.601075237738275
952 18.601075237738275
953 18.601075237738275
954 18.601075237738275
955 18.601075237738275
956 18.601075237738275
957 18.601075237738275
958 18.601075237738275
959 18.601075237738275
960 18.601075237738275
961 18.601075237738275
962 18.601075237738275
963 18.601075237738275
964 18.601075237738275
965 18.601075237738275
966 18.601075237738275
967 18.601075237738275
968 18.601075237738275
969 18.601075237738275
970 18.601075237738275
971 18.601075237738275
972 18.601075237738275
973 18.601075237738275
974 18.601075237738275
975 18.601075237738275
976 18.601075237738275
977 18.601075237738275
978 18.601075237738275
979 18.601075237738275
980 18.601075237738275
981 18.601075237738275
982 18.601075237738275
983 18.601075237738275
984 18.601075237738275
985 18.601075237738275
986 18.601075237738275
987 18.601075237738275
988 18.601075237738275
989 18.601075237738275
990 18.601075237738275
991 18.601075237738275
992 18.601075237738275
993 18.601075237738275
994 18.601075237738275
995 18.601075237738275
996 18.601075237738275
997 18.601075237738275
998 18.601075237738275
999 18.601075237738275
1000 18.601075237738275
1001 18.601075237738275
1002 18.601075237738275
1003 18.601075237738275
1004 18.601075237738275
1005 18.601075237738275
1006 18.601075237738275
1007 18.601075237738275
1008 18.601075237738275
1009 18.601075237738275
1010 18.601075237738275
1011 18.601075237738275
1012 18.601075237738275
1013 18.601075237738275
1014 18.601075237738275
1015 18.601075237738275
1016 18.601075237738275
1017 18.601075237738275
1018 18.601075237738275
1019 18.601075237738275
1020 18.601075237738275
1021 18.601075237738275
1022 18.601075237738275
1023 18.601075237738275
1024 18.601075237738275
1025 18.601075237738275
1026 18.601075237738275
1027 18.601075237738275
1028 18.601075237738275
1029 18.601075237738275
1030 18.601075237738275
1031 18.601075237738275
1032 18.601075237738275
1033 18.601075237738275
1034 18.601075237738275
1035 18.601075237738275
1036 18.601075237738275
1037 18.601075237738275
1038 18.601075237738275
1039 18.601075237738275
1040 18.601075237738275
1041 18.601075237738275
1042 18.601075237738275
1043 18.601075237738275
1044 18.601075237738275
1045 18.601075237738275
1046 18.601075237738275
1047 18.601075237738275
1048 18.601075237738275
1049 18.601075237738275
1050 18.601075237738275
1051 18.601075237738275
1052 18.601075237738275
1053 18.601075237738275
1054 18.601075237738275
1055 18.601075237738275
1056 18.601075237738275
1057 18.601075237738275
1058 18.601075237738275
1059 18.601075237738275
1060 20.0
1061 20.0
1062 20.0
1063 20.0
1064 20.0
1065 20.0
1066 20.0
1067 20.0
1068 20.0
1069 20.0
1070 20.0
1071 20.0
1072 20.0
1073 20.0
1074 20.0
1075 20.0
1076 20.0
1077 20.0
1078 20.0
1079 20.0
1080 20.0
1081 20.0
1082 20.0
1083 20.0
1084 20.0
1085 20.0
1086 20.0
1087 20.0
1088 20.0
1089 20.0
1090 20.0
1091 20.0
1092 20.0
1093 20.0
1094 20.0
1095 20.0
1096 20.0
1097 20.0
1098 20.0
1099 20.0
1100 20.0
1101 20.0
1102 20.0
1103 20.0
1104 20.0
1105 20.0
1106 20.0
1107 20.0
1108 20.0
1109 20.0
1110 20.0
1111 20.0
1112 20.0
1113 20.0
1114 20.0
1115 20.0
1116 20.0
1117 20.0
1118 20.0
1119 20.0
1120 20.0
1121 20.0
1122 20.0
1123 20.0
1124 20.0
1125 20.0
1126 20.0
1127 20.0
1128 20.0
1129 20.0
1130 20.0
1131 20.0
1132 20.0
1133 20.0
1134 20.0
1135 20.0
1136 20.0
1137 20.0
1138 20.0
1139 20.0
1140 20.0
1141 20.0
1142 20.0
1143 20.0
1144 20.808652046684813
1145 20.808652046684813
1146 20.808652046684813
1147 20.808652046684813
1148 20.808652046684813
1149 20.808652046684813
1150 20.808652046684813
1151 20.808652046684813
1152 20.808652046684813
1153 20.808652046684813
1154 20.808652046684813
1155 20.808652046684813
1156 20.808652046684813
1157 20.808652046684813
1158 20.808652046684813
1159 20.808652046684813
1160 20.808652046684813
1161 20.808652046684813
1162 20.808652046684813
1163 20.808652046684813
1164 20.808652046684813
1165 20.808652046684813
1166 20.808652046684813
1167 20.808652046684813
1168 20.808652046684813
1169 20.808652046684813
1170 20.808652046684813
1171 20.808652046684813
1172 20.808652046684813
1173 20.808652046684813
1174 20.808652046684813
1175 20.808652046684813
1176 20.808652046684813
1177 20.808652046684813
1178 20.808652046684813
1179 20.808652046684813
1180 20.808652046684813
1181 20.808652046684813
1182 20.808652046684813
1183 20.808652046684813
1184 20.808652046684813
1185 20.808652046684813
1186 20.808652046684813
1187 20.808652046684813
1188 20.808652046684813
1189 20.808652046684813
1190 20.808652046684813
1191 20.808652046684813
1192 20.808652046684813
1193 20.808652046684813
1194 20.808652046684813
1195 20.808652046684813
1196 20.808652046684813
1197 20.808652046684813
1198 20.808652046684813
1199 20.808652046684813
1200 20.808652046684813
1201 20.808652046684813
1202 20.808652046684813
1203 20.808652046684813
1204 22.20360331117452
1205 22.20360331117452
1206 22.20360331117452
1207 22.20360331117452
1208 22.20360331117452
1209 22.20360331117452
1210 22.20360331117452
1211 22.20360331117452
1212 22.20360331117452
1213 22.20360331117452
1214 22.20360331117452
1215 22.20360331117452
1216 22.20360331117452
1217 22.20360331117452
1218 22.20360331117452
1219 22.20360331117452
1220 22.20360331117452
1221 22.20360331117452
1222 22.20360331117452
1223 22.80350850198276
1224 22.80350850198276
1225 22.80350850198276
1226 22.80350850198276
1227 22.80350850198276
1228 22.80350850198276
1229 22.80350850198276
1230 22.80350850198276
1231 22.80350850198276
1232 22.80350850198276
1233 22.80350850198276
1234 22.80350850198276
1235 22.80350850198276
1236 22.80350850198276
1237 22.80350850198276
1238 22.80350850198276
1239 22.80350850198276
1240 22.80350850198276
1241 22.80350850198276
1242 22.80350850198276
1243 22.80350850198276
1244 22.80350850198276
1245 22.80350850198276
1246 22.80350850198276
1247 22.80350850198276
1248 22.80350850198276
1249 22.80350850198276
1250 22.80350850198276
1251 22.80350850198276
1252 22.80350850198276
1253 22.80350850198276
1254 22.80350850198276
1255 22.80350850198276
1256 22.80350850198276
1257 22.80350850198276
1258 22.80350850198276
1259 22.80350850198276
1260 22.80350850198276
1261 22.80350850198276
1262 22.80350850198276
1263 22.80350850198276
1264 22.80350850198276
1265 22.80350850198276
1266 22.80350850198276
1267 22.80350850198276
1268 22.80350850198276
1269 22.80350850198276
1270 22.80350850198276
1271 22.80350850198276
1272 22.80350850198276
1273 22.80350850198276
1274 22.80350850198276
1275 22.80350850198276
1276 22.80350850198276
1277 22.80350850198276
1278 22.80350850198276
1279 22.80350850198276
1280 22.80350850198276
1281 22.80350850198276
1282 22.80350850198276
1283 22.80350850198276
1284 22.80350850198276
1285 22.80350850198276
1286 22.80350850198276
1287 22.80350850198276
1288 22.80350850198276
1289 22.80350850198276
1290 22.80350850198276
1291 22.80350850198276
1292 22.80350850198276
1293 22.80350850198276
1294 22.80350850198276
1295 22.80350850198276
1296 22.80350850198276
1297 22.80350850198276
1298 22.80350850198276
1299 22.80350850198276
1300 22.80350850198276
1301 22.80350850198276
1302 22.80350850198276
1303 22.80350850198276
1304 22.80350850198276
1305 22.80350850198276
1306 22.80350850198276
1307 22.80350850198276
1308 22.80350850198276
1309 22.80350850198276
1310 22.80350850198276
1311 22.80350850198276
1312 22.80350850198276
1313 22.80350850198276
1314 22.80350850198276
1315 22.80350850198276
1316 22.80350850198276
1317 22.80350850198276
1318 22.80350850198276
1319 22.80350850198276
1320 22.80350850198276
1321 22.80350850198276
1322 22.80350850198276
1323 22.80350850198276
1324 22.80350850198276
1325 22.80350850198276
1326 22.80350850198276
1327 22.80350850198276
1328 22.80350850198276
1329 22.80350850198276
1330 22.80350850198276
1331 22.80350850198276
1332 22.80350850198276
1333 22.80350850198276
1334 22.80350850198276
1335 22.80350850198276
1336 22.80350850198276
1337 22.80350850198276
1338 22.80350850198276
1339 22.80350850198276
1340 22.80350850198276
1341 22.80350850198276
1342 22.80350850198276
1343 22.80350850198276
1344 22.80350850198276
1345 22.80350850198276
1346 22.80350850198276
1347 22.80350850198276
1348 23.853720883753127
1349 25.238858928247925
1350 25.238858928247925
1351 25.238858928247925
1352 25.238858928247925
1353 25.238858928247925
1354 25.238858928247925
1355 25.238858928247925
1356 25.238858928247925
1357 25.238858928247925
1358 25.238858928247925
1359 25.238858928247925
1360 25.238858928247925
1361 25.238858928247925
1362 25.238858928247925
1363 25.238858928247925
1364 25.238858928247925
1365 25.238858928247925
1366 25.238858928247925
1367 25.238858928247925
1368 25.238858928247925
1369 25.238858928247925
1370 25.238858928247925
1371 25.238858928247925
1372 25.238858928247925
1373 25.238858928247925
1374 25.238858928247925
1375 25.238858928247925
1376 25.238858928247925
1377 25.238858928247925
1378 25.238858928247925
1379 25.238858928247925
1380 25.238858928247925
1381 25.238858928247925
1382 25.238858928247925
1383 25.238858928247925
1384 25.238858928247925
1385 25.238858928247925
1386 25.238858928247925
1387 25.238858928247925
1388 25.238858928247925
1389 25.238858928247925
1390 25.238858928247925
1391 25.238858928247925
1392 25.238858928247925
1393 25.238858928247925
1394 25.238858928247925
1395 25.238858928247925
1396 25.238858928247925
1397 25.238858928247925
1398 25.238858928247925
1399 25.238858928247925
1400 25.238858928247925
1401 25.238858928247925
1402 25.238858928247925
1403 25.238858928247925
1404 25.238858928247925
1405 25.238858928247925
1406 25.238858928247925
1407 25.238858928247925
1408 25.238858928247925
1409 25.238858928247925
1410 25.238858928247925
1411 25.238858928247925
1412 25.238858928247925
1413 25.238858928247925
1414 25.238858928247925
1415 25.238858928247925
1416 25.238858928247925
1417 25.238858928247925
1418 25.238858928247925
1419 25.238858928247925
1420 25.238858928247925
1421 25.238858928247925
1422 25.238858928247925
1423 25.238858928247925
1424 25.238858928247925
1425 25.238858928247925
1426 25.238858928247925
1427 25.238858928247925
1428 25.238858928247925
1429 25.238858928247925
1430 25.238858928247925
1431 25.238858928247925
1432 25.238858928247925
1433 25.238858928247925
1434 25.238858928247925
1435 25.238858928247925
1436 25.238858928247925
1437 25.238858928247925
1438 25.238858928247925
1439 25.238858928247925
1440 25.238858928247925
1441 25.238858928247925
1442 25.238858928247925
1443 25.238858928247925
1444 25.238858928247925
1445 25.238858928247925
1446 25.238858928247925
1447 25.238858928247925
1448 25.238858928247925
1449 25.238858928247925
1450 25.238858928247925
1451 25.238858928247925
1452 25.238858928247925
1453 25.238858928247925
1454 25.238858928247925
1455 25.238858928247925
1456 25.238858928247925
1457 25.238858928247925
1458 25.238858928247925
1459 25.238858928247925
1460 25.238858928247925
1461 25.238858928247925
1462 25.238858928247925
1463 25.238858928247925
1464 25.238858928247925
1465 25.238858928247925
1466 25.238858928247925
1467 25.238858928247925
1468 25.238858928247925
1469 25.238858928247925
1470 25.238858928247925
1471 25.238858928247925
1472 25.238858928247925
1473 25.238858928247925
1474 25.238858928247925
1475 25.238858928247925
1476 25.238858928247925
1477 25.238858928247925
1478 25.238858928247925
1479 25.238858928247925
1480 25.238858928247925
1481 25.238858928247925
1482 25.238858928247925
1483 25.238858928247925
1484 25.238858928247925
1485 25.238858928247925
1486 25.238858928247925
1487 25.238858928247925
1488 25.238858928247925
1489 25.238858928247925
1490 25.238858928247925
1491 25.238858928247925
1492 25.238858928247925
1493 25.238858928247925
1494 25.238858928247925
1495 25.238858928247925
1496 25.238858928247925
1497 25.238858928247925
1498 25.238858928247925
1499 25.238858928247925
1500 25.238858928247925
1501 25.238858928247925
1502 25.238858928247925
1503 25.238858928247925
1504 25.238858928247925
1505 25.238858928247925
1506 25.238858928247925
1507 25.238858928247925
1508 25.238858928247925
1509 25.238858928247925
1510 25.238858928247925
1511 25.238858928247925
1512 25.238858928247925
1513 25.238858928247925
1514 25.238858928247925
1515 25.238858928247925
1516 25.238858928247925
1517 25.238858928247925
1518 25.238858928247925
1519 25.238858928247925
1520 25.238858928247925
1521 25.238858928247925
1522 25.238858928247925
1523 25.238858928247925
1524 25.238858928247925
1525 25.238858928247925
1526 25.238858928247925
1527 25.238858928247925
1528 25.238858928247925
1529 25.238858928247925
1530 25.238858928247925
1531 25.238858928247925
1532 25.238858928247925
1533 25.238858928247925
1534 25.238858928247925
1535 25.238858928247925
1536 25.238858928247925
1537 25.238858928247925
1538 25.238858928247925
1539 25.238858928247925
1540 25.238858928247925
1541 25.238858928247925
1542 25.238858928247925
1543 25.238858928247925
1544 25.238858928247925
1545 25.238858928247925
1546 25.238858928247925
1547 25.238858928247925
1548 25.238858928247925
1549 25.238858928247925
1550 25.238858928247925
1551 25.238858928247925
1552 25.238858928247925
1553 25.238858928247925
1554 25.238858928247925
1555 25.238858928247925
1556 25.238858928247925
1557 25.238858928247925
1558 25.238858928247925
1559 25.238858928247925
1560 25.238858928247925
1561 25.238858928247925
1562 25.238858928247925
1563 25.238858928247925
1564 25.238858928247925
1565 25.238858928247925
1566 25.238858928247925
1567 25.238858928247925
1568 25.238858928247925
1569 25.238858928247925
1570 25.238858928247925
1571 25.238858928247925
1572 25.238858928247925
1573 25.238858928247925
1574 25.238858928247925
1575 25.238858928247925
1576 25.238858928247925
1577 25.238858928247925
1578 25.238858928247925
1579 25.238858928247925
1580 25.238858928247925
1581 25.238858928247925
1582 25.238858928247925
1583 25.238858928247925
1584 25.238858928247925
1585 25.238858928247925
1586 25.238858928247925
1587 25.238858928247925
1588 25.238858928247925
1589 25.238858928247925
1590 25.238858928247925
1591 25.238858928247925
1592 25.238858928247925
1593 25.238858928247925
1594 25.238858928247925
1595 25.238858928247925
1596 25.238858928247925
1597 25.238858928247925
1598 25.238858928247925
1599 25.238858928247925
1600 25.238858928247925
1601 25.238858928247925
1602 25.238858928247925
1603 25.238858928247925
1604 25.238858928247925
1605 25.238858928247925
1606 25.238858928247925
1607 25.238858928247925
1608 25.238858928247925
1609 25.238858928247925
1610 25.238858928247925
1611 25.238858928247925
1612 25.238858928247925
1613 25.238858928247925
1614 25.238858928247925
1615 25.238858928247925
1616 25.238858928247925
1617 25.238858928247925
1618 25.238858928247925
1619 25.238858928247925
1620 25.238858928247925
1621 25.238858928247925
1622 25.238858928247925
1623 25.238858928247925
1624 25.238858928247925
1625 25.238858928247925
1626 25.238858928247925
1627 25.238858928247925
1628 25.238858928247925
1629 25.238858928247925
1630 25.238858928247925
1631 25.238858928247925
1632 25.238858928247925
1633 25.238858928247925
1634 25.238858928247925
1635 25.238858928247925
1636 25.238858928247925
1637 25.238858928247925
1638 25.238858928247925
1639 25.238858928247925
1640 25.238858928247925
1641 25.238858928247925
1642 25.238858928247925
1643 25.238858928247925
1644 25.238858928247925
1645 25.238858928247925
1646 25.238858928247925
1647 25.238858928247925
1648 25.238858928247925
1649 25.238858928247925
1650 25.238858928247925
1651 25.238858928247925
1652 25.238858928247925
1653 25.238858928247925
1654 25.238858928247925
1655 25.238858928247925
1656 25.238858928247925
1657 25.238858928247925
1658 25.238858928247925
1659 25.238858928247925
1660 25.238858928247925
1661 25.238858928247925
1662 25.238858928247925
1663 25.238858928247925
1664 25.238858928247925
1665 25.238858928247925
1666 25.238858928247925
1667 25.238858928247925
1668 25.238858928247925
1669 25.238858928247925
1670 25.238858928247925
1671 25.238858928247925
1672 25.238858928247925
1673 25.238858928247925
1674 25.238858928247925
1675 25.238858928247925
1676 25.238858928247925
1677 25.238858928247925
1678 25.238858928247925
1679 25.238858928247925
1680 25.612496949731394
1681 25.612496949731394
1682 25.612496949731394
1683 25.612496949731394
1684 25.612496949731394
1685 25.612496949731394
1686 25.612496949731394
1687 25.612496949731394
1688 25.612496949731394
1689 25.612496949731394
1690 25.612496949731394
1691 25.612496949731394
1692 25.612496949731394
1693 25.612496949731394
1694 25.612496949731394
1695 25.612496949731394
1696 25.612496949731394
1697 25.612496949731394
1698 25.612496949731394
1699 25.612496949731394
1700 25.612496949731394
1701 25.612496949731394
1702 25.612496949731394
1703 25.612496949731394
1704 25.612496949731394
1705 25.612496949731394
1706 25.612496949731394
1707 25.612496949731394
1708 25.612496949731394
1709 25.612496949731394
1710 25.612496949731394
1711 25.612496949731394
1712 25.612496949731394
1713 25.612496949731394
1714 25.612496949731394
1715 25.612496949731394
1716 25.612496949731394
1717 25.612496949731394
1718 25.612496949731394
1719 25.612496949731394
1720 25.612496949731394
1721 25.612496949731394
1722 25.612496949731394
1723 27.018512172212592
1724 27.018512172212592
1725 27.018512172212592
1726 27.018512172212592
1727 27.018512172212592
1728 27.018512172212592
1729 27.018512172212592
1730 27.018512172212592
1731 27.018512172212592
1732 27.018512172212592
1733 27.018512172212592
1734 27.018512172212592
1735 27.018512172212592
1736 27.018512172212592
1737 27.018512172212592
1738 27.018512172212592
1739 27.018512172212592
1740 27.018512172212592
1741 27.018512172212592
1742 27.018512172212592
1743 27.018512172212592
1744 27.018512172212592
1745 27.018512172212592
1746 27.018512172212592
1747 27.018512172212592
1748 27.018512172212592
1749 27.018512172212592
1750 27.018512172212592
1751 27.018512172212592
1752 27.018512172212592
1753 27.018512172212592
1754 27.018512172212592
1755 27.018512172212592
1756 27.018512172212592
1757 27.018512172212592
1758 27.018512172212592
1759 27.018512172212592
1760 27.018512172212592
1761 27.018512172212592
1762 27.85677655436824
1763 27.85677655436824
1764 27.85677655436824
1765 27.85677655436824
1766 27.85677655436824
1767 27.85677655436824
1768 27.85677655436824
1769 27.85677655436824
1770 27.85677655436824
1771 27.85677655436824
1772 27.85677655436824
1773 27.85677655436824
1774 27.85677655436824
1775 27.85677655436824
1776 27.85677655436824
1777 27.85677655436824
1778 27.85677655436824
1779 27.85677655436824
1780 27.85677655436824
1781 27.85677655436824
1782 27.85677655436824
1783 27.85677655436824
1784 27.85677655436824
1785 27.85677655436824
1786 27.85677655436824
1787 27.85677655436824
1788 27.85677655436824
1789 27.85677655436824
1790 27.85677655436824
1791 27.85677655436824
1792 27.85677655436824
1793 27.85677655436824
1794 27.85677655436824
1795 27.85677655436824
1796 27.85677655436824
1797 27.85677655436824
1798 27.85677655436824
1799 27.85677655436824
1800 27.85677655436824
1801 27.85677655436824
1802 27.85677655436824
1803 27.85677655436824
1804 27.85677655436824
1805 27.85677655436824
1806 27.85677655436824
1807 27.85677655436824
1808 27.85677655436824
1809 27.85677655436824
1810 27.85677655436824
1811 27.85677655436824
1812 27.85677655436824
1813 27.85677655436824
1814 27.85677655436824
1815 27.85677655436824
1816 29.154759474226502
1817 29.154759474226502
1818 29.154759474226502
1819 29.154759474226502
1820 29.154759474226502
1821 29.154759474226502
1822 29.154759474226502
1823 29.154759474226502
1824 29.154759474226502
1825 29.154759474226502
1826 29.154759474226502
1827 29.154759474226502
1828 29.154759474226502
1829 29.154759474226502
1830 29.154759474226502
1831 29.154759474226502
1832 29.154759474226502
1833 29.154759474226502
1834 29.154759474226502
1835 29.154759474226502
1836 29.154759474226502
1837 29.154759474226502
1838 29.154759474226502
1839 30.528675044947494
1840 30.528675044947494
1841 30.528675044947494
1842 30.528675044947494
1843 30.528675044947494
1844 30.528675044947494
1845 30.528675044947494
1846 30.528675044947494
1847 30.528675044947494
1848 30.528675044947494
1849 30.528675044947494
1850 30.528675044947494
1851 30.528675044947494
1852 30.528675044947494
1853 30.528675044947494
1854 30.528675044947494
1855 30.528675044947494
1856 30.528675044947494
1857 30.528675044947494
1858 30.528675044947494
1859 30.528675044947494
1860 30.528675044947494
1861 31.064449134018133
1862 31.064449134018133
1863 31.064449134018133
1864 31.064449134018133
1865 31.064449134018133
1866 31.064449134018133
1867 31.064449134018133
1868 31.064449134018133
1869 31.064449134018133
1870 31.064449134018133
1871 31.064449134018133
1872 31.064449134018133
1873 31.400636936215164
1874 31.400636936215164
1875 31.400636936215164
1876 31.400636936215164
1877 31.400636936215164
1878 32.802438933713454
1879 32.802438933713454
1880 32.802438933713454
1881 34.20526275297414
1882 34.20526275297414
1883 34.20526275297414
1884 34.20526275297414
1885 34.20526275297414
1886 34.20526275297414
1887 34.20526275297414
1888 34.20526275297414
1889 34.20526275297414
1890 34.20526275297414
1891 34.20526275297414
1892 34.20526275297414
1893 34.20526275297414
1894 34.20526275297414
1895 34.20526275297414
1896 34.20526275297414
1897 34.20526275297414
1898 34.20526275297414
1899 34.20526275297414
1900 34.20526275297414
1901 34.20526275297414
1902 34.20526275297414
1903 34.20526275297414
1904 34.20526275297414
1905 34.20526275297414
1906 34.20526275297414
1907 34.20526275297414
1908 34.20526275297414
1909 34.20526275297414
1910 34.20526275297414
1911 34.20526275297414
1912 34.20526275297414
1913 34.20526275297414
1914 34.20526275297414
1915 34.20526275297414
1916 34.20526275297414
1917 34.20526275297414
1918 34.20526275297414
1919 34.20526275297414
1920 34.20526275297414
1921 34.20526275297414
1922 34.20526275297414
1923 34.20526275297414
1924 34.20526275297414
1925 34.20526275297414
1926 34.20526275297414
1927 34.20526275297414
1928 34.20526275297414
1929 34.20526275297414
1930 34.20526275297414
1931 34.20526275297414
1932 34.20526275297414
1933 34.20526275297414
1934 34.20526275297414
1935 35.608987629529715
1936 35.608987629529715
1937 35.608987629529715
1938 35.608987629529715
1939 35.608987629529715
1940 35.608987629529715
1941 35.608987629529715
1942 35.608987629529715
1943 35.608987629529715
1944 35.608987629529715
1945 35.608987629529715
1946 35.608987629529715
1947 35.608987629529715
1948 35.608987629529715
1949 35.608987629529715
1950 35.608987629529715
1951 35.608987629529715
1952 35.608987629529715
1953 35.608987629529715
1954 35.608987629529715
1955 35.608987629529715
1956 35.608987629529715
1957 35.608987629529715
1958 35.608987629529715
1959 35.608987629529715
1960 35.608987629529715
1961 35.608987629529715
1962 35.608987629529715
1963 35.608987629529715
1964 35.608987629529715
1965 35.608987629529715
1966 35.608987629529715
1967 35.608987629529715
1968 35.608987629529715
1969 35.608987629529715
1970 35.608987629529715
1971 35.608987629529715
1972 35.608987629529715
1973 35.608987629529715
1974 35.608987629529715
1975 35.608987629529715
1976 35.608987629529715
1977 35.608987629529715
1978 35.608987629529715
1979 35.608987629529715
1980 35.608987629529715
1981 35.608987629529715
1982 35.608987629529715
1983 35.608987629529715
1984 35.608987629529715
1985 35.608987629529715
1986 35.608987629529715
1987 35.608987629529715
1988 35.608987629529715
1989 35.608987629529715
1990 35.608987629529715
1991 35.608987629529715
1992 35.608987629529715
1993 35.608987629529715
1994 35.608987629529715
1995 35.608987629529715
1996 35.608987629529715
1997 35.608987629529715
1998 35.608987629529715
1999 35.608987629529715
2000 35.608987629529715
2001 35.608987629529715
2002 35.608987629529715
2003 35.608987629529715
2004 35.608987629529715
2005 35.608987629529715
2006 35.608987629529715
2007 35.608987629529715
2008 35.608987629529715
2009 35.608987629529715
2010 35.608987629529715
2011 35.608987629529715
2012 35.608987629529715
2013 35.608987629529715
2014 35.608987629529715
2015 35.608987629529715
2016 35.608987629529715
2017 35.608987629529715
2018 35.608987629529715
2019 35.608987629529715
2020 35.608987629529715
2021 35.608987629529715
2022 35.608987629529715
2023 35.608987629529715
2024 35.608987629529715
2025 35.608987629529715
2026 35.608987629529715
2027 35.608987629529715
2028 35.608987629529715
2029 35.608987629529715
2030 35.608987629529715
2031 35.608987629529715
2032 35.608987629529715
2033 35.608987629529715
2034 36.87817782917155
2035 36.87817782917155
2036 36.87817782917155
2037 36.87817782917155
2038 36.87817782917155
2039 36.87817782917155
2040 36.87817782917155
2041 36.87817782917155
2042 36.87817782917155
2043 36.87817782917155
2044 36.87817782917155
2045 36.87817782917155
2046 36.87817782917155
2047 36.87817782917155
2048 36.87817782917155
2049 36.87817782917155
2050 36.87817782917155
2051 36.87817782917155
2052 36.87817782917155
2053 36.87817782917155
2054 36.87817782917155
2055 36.87817782917155
2056 36.87817782917155
2057 36.87817782917155
2058 36.87817782917155
2059 36.87817782917155
2060 36.87817782917155
2061 36.87817782917155
2062 36.87817782917155
2063 36.87817782917155
2064 36.87817782917155
2065 36.87817782917155
2066 36.87817782917155
2067 36.87817782917155
2068 36.87817782917155
2069 36.87817782917155
2070 36.87817782917155
2071 36.87817782917155
2072 36.87817782917155
2073 36.87817782917155
2074 36.87817782917155
2075 36.87817782917155
2076 36.87817782917155
2077 36.87817782917155
2078 36.87817782917155
2079 36.87817782917155
2080 36.87817782917155
2081 36.87817782917155
2082 36.87817782917155
2083 36.87817782917155
2084 36.87817782917155
2085 36.87817782917155
2086 36.87817782917155
2087 36.87817782917155
2088 36.87817782917155
2089 36.87817782917155
2090 36.87817782917155
2091 36.87817782917155
2092 36.87817782917155
2093 36.87817782917155
2094 36.87817782917155
2095 36.87817782917155
2096 36.87817782917155
2097 36.87817782917155
2098 36.87817782917155
2099 36.87817782917155
2100 36.87817782917155
2101 36.87817782917155
2102 36.87817782917155
2103 36.87817782917155
2104 36.87817782917155
2105 36.87817782917155
2106 36.87817782917155
2107 36.87817782917155
2108 36.87817782917155
2109 36.87817782917155
2110 36.87817782917155
2111 36.87817782917155
2112 36.87817782917155
2113 36.87817782917155
2114 36.87817782917155
2115 36.87817782917155
2116 36.87817782917155
2117 36.87817782917155
2118 36.87817782917155
2119 36.87817782917155
2120 36.87817782917155
2121 36.87817782917155
2122 36.87817782917155
2123 36.87817782917155
2124 36.87817782917155
2125 36.87817782917155
2126 36.87817782917155
2127 36.87817782917155
2128 36.87817782917155
2129 36.87817782917155
2130 36.87817782917155
2131 36.87817782917155
2132 36.87817782917155
2133 36.87817782917155
2134 36.87817782917155
2135 36.87817782917155
2136 36.87817782917155
2137 36.87817782917155
2138 36.87817782917155
2139 36.87817782917155
2140 36.87817782917155
2141 36.87817782917155
2142 37.013511046643494
2143 37.013511046643494
2144 37.013511046643494
2145 37.013511046643494
2146 37.013511046643494
2147 37.013511046643494
2148 37.013511046643494
2149 37.013511046643494
2150 37.013511046643494
2151 37.013511046643494
2152 37.013511046643494
2153 37.013511046643494
2154 37.013511046643494
2155 37.013511046643494
2156 37.013511046643494
2157 37.013511046643494
2158 37.013511046643494
2159 37.013511046643494
2160 37.013511046643494
2161 37.013511046643494
2162 37.013511046643494
2163 37.013511046643494
2164 37.013511046643494
2165 37.013511046643494
2166 37.013511046643494
2167 37.013511046643494
2168 37.013511046643494
2169 37.8021163428716
2170 37.8021163428716
2171 37.8021163428716
2172 37.8021163428716
2173 37.8021163428716
2174 37.8021163428716
2175 37.8021163428716
2176 37.8021163428716
2177 37.8021163428716
2178 37.8021163428716
2179 37.8021163428716
2180 37.8021163428716
2181 37.8021163428716
2182 37.8021163428716
2183 37.8021163428716
2184 37.8021163428716
2185 37.8021163428716
2186 37.8021163428716
2187 37.8021163428716
2188 37.8021163428716
2189 37.8021163428716
2190 37.8021163428716
2191 37.8021163428716
2192 37.8021163428716
2193 37.8021163428716
2194 37.8021163428716
2195 37.8021163428716
2196 37.8021163428716
2197 37.8021163428716
2198 37.8021163428716
2199 37.8021163428716
2200 37.8021163428716
2201 37.8021163428716
2202 37.8021163428716
2203 37.8021163428716
2204 37.8021163428716
2205 37.8021163428716
2206 37.8021163428716
2207 37.8021163428716
2208 37.8021163428716
2209 37.8021163428716
2210 37.8021163428716
2211 37.8021163428716
2212 37.8021163428716
2213 37.8021163428716
2214 37.8021163428716
2215 37.8021163428716
2216 37.8021163428716
2217 37.8021163428716
2218 37.8021163428716
2219 37.8021163428716
2220 37.8021163428716
2221 37.8021163428716
2222 37.8021163428716
2223 37.8021163428716
2224 37.8021163428716
2225 37.8021163428716
2226 37.8021163428716
2227 37.8021163428716
2228 37.8021163428716
2229 37.8021163428716
2230 37.8021163428716
2231 37.8021163428716
2232 37.8021163428716
2233 37.8021163428716
2234 37.8021163428716
2235 37.8021163428716
2236 37.8021163428716
2237 37.8021163428716
2238 37.8021163428716
2239 39.20459156782532
2240 39.20459156782532
2241 39.20459156782532
2242 39.20459156782532
2243 39.20459156782532
2244 39.20459156782532
2245 39.20459156782532
2246 39.20459156782532
2247 39.20459156782532
2248 39.20459156782532
2249 39.20459156782532
2250 39.20459156782532
2251 39.20459156782532
2252 39.20459156782532
2253 39.20459156782532
2254 39.20459156782532
2255 39.20459156782532
2256 39.20459156782532
2257 39.20459156782532
2258 39.20459156782532
2259 39.20459156782532
2260 39.20459156782532
2261 39.20459156782532
2262 39.20459156782532
2263 39.20459156782532
2264 39.20459156782532
2265 39.20459156782532
2266 39.20459156782532
2267 39.20459156782532
2268 39.20459156782532
2269 39.20459156782532
2270 39.20459156782532
2271 39.20459156782532
2272 39.20459156782532
2273 39.20459156782532
2274 39.59797974644666
