0 965
1 439
2 349
3 334
4 332
5 332
6 339
7 350
8 341
9 364
10 347
11 370
12 362
13 393
14 399
15 428
16 436
17 477
18 442
19 444
20 427
21 440
22 439
23 446
24 458
25 478
26 457
27 458
28 449
29 450
30 461
31 482
32 501
33 509
34 493
35 516
36 541
37 528
38 538
39 512
40 519
41 519
42 535
43 536
44 506
45 498
46 514
47 527
48 501
49 547
50 531
51 566
52 525
53 538
54 550
55 556
56 540
57 537
58 554
59 570
60 578
61 597
62 602
63 550
64 562
65 533
66 549
67 522
68 520
69 496
70 478
71 506
72 473
73 486
74 468
75 449
76 438
77 469
78 429
79 431
80 432
81 426
82 455
83 446
84 466
85 466
86 472
87 478
88 467
89 465
90 465
91 476
92 477
93 457
94 441
95 422
96 412
97 411
98 397
99 394
100 388
101 381
102 393
103 388
104 394
105 394
106 405
107 423
108 433
109 430
110 435
111 420
112 429
113 425
114 422
115 427
116 402
117 387
118 382
119 380
120 383
121 389
122 399
123 389
124 403
125 385
126 389
127 399
128 398
129 400
130 410
131 446
132 436
133 407
134 409
135 427
136 419
137 408
138 401
139 418
140 392
141 408
142 390
143 405
144 400
145 405
146 401
147 406
148 414
149 420
150 435
151 442
152 416
153 443
154 438
155 437
156 444
157 437
158 443
159 445
160 450
161 442
162 441
163 433
164 422
165 437
166 430
167 427
168 430
169 455
170 435
171 421
172 427
173 410
174 403
175 401
176 392
177 396
178 391
179 411
180 412
181 420
182 387
183 430
184 403
185 387
186 400
187 398
188 384
189 393
190 383
191 398
192 396
193 416
194 408
195 415
196 404
197 398
198 410
199 403
200 410
201 391
202 417
203 387
204 410
205 389
206 410
207 376
208 391
209 393
210 409
211 387
212 381
213 392
214 389
215 362
216 376
217 377
218 401
219 384
220 402
221 400
222 381
223 395
224 364
225 388
226 365
227 396
228 377
229 375
230 374
231 375
232 392
233 366
234 375
235 367
236 370
237 364
238 343
239 345
240 353
241 347
242 338
243 336
244 335
245 341
246 348
247 359
248 367
249 378
250 374
251 391
252 401
253 408
254 407
255 392
256 386
257 397
258 408
259 407
260 417
261 411
262 454
263 422
264 437
265 428
266 407
267 412
268 422
269 449
270 425
271 447
272 421
273 458
274 418
275 412
276 402
277 380
278 388
279 379
280 352
281 349
282 322
283 322
284 311
285 332
286 311
287 341
288 311
289 329
290 329
291 368
292 304
293 315
294 308
295 297
296 297
297 297
298 303
299 309
300 302
301 323
302 309
303 321
304 298
305 305
306 306
307 305
308 312
309 310
310 303
311 310
312 325
313 323
314 316
315 326
316 327
317 328
318 345
319 340
320 331
321 340
322 345
323 357
324 336
325 339
326 344
327 338
328 338
329 336
330 317
331 318
332 309
333 307
334 307
335 307
336 307
337 318
338 317
339 327
340 338
341 338
342 340
343 329
344 341
345 326
346 334
347 334
348 330
349 342
350 337
351 357
352 329
353 337
354 329
355 328
356 345
357 326
358 335
359 328
360 324
361 347
362 359
363 357
364 354
365 338
366 332
367 338
368 357
369 357
370 330
371 344
372 340
373 367
374 351
375 362
376 357
377 368
378 362
379 347
380 341
381 344
382 348
383 339
384 357
385 359
386 364
387 355
388 371
389 369
390 335
391 351
392 346
393 345
394 354
395 347
396 345
397 369
398 335
399 348
400 342
401 348
402 346
403 356
404 348
405 340
406 347
407 351
408 353
409 356
410 357
411 366
412 358
413 341
414 325
415 334
416 342
417 343
418 325
419 332
420 332
421 354
422 336
423 333
424 337
425 350
426 342
427 329
428 334
429 337
430 308
431 304
432 293
433 297
434 296
435 298
436 298
437 312
438 319
439 351
440 326
441 334
442 338
443 320
444 331
445 317
446 321
447 326
448 320
449 337
450 317
451 332
452 327
453 347
454 337
455 356
456 350
457 373
458 339
459 331
460 341
461 351
462 354
463 341
464 317
465 342
466 328
467 342
468 343
469 334
470 329
471 336
472 349
473 363
474 373
475 370
476 376
477 385
478 393
479 396
480 385
481 386
482 404
483 429
484 423
485 431
486 418
487 424
488 448
489 440
490 458
491 462
492 458
493 466
494 468
495 487
496 489
497 481
498 489
499 452
500 473
501 460
502 459
503 469
504 459
505 442
506 484
507 471
508 504
509 478
510 498
511 488
512 513
513 468
514 455
515 430
516 448
517 419
518 420
519 439
520 464
521 471
522 515
523 499
524 492
525 527
526 520
527 519
528 532
529 490
530 525
531 538
532 534
533 549
534 573
535 554
536 530
537 521
538 541
539 524
540 535
541 509
542 523
543 515
544 515
545 499
546 522
547 507
548 513
549 515
550 521
551 534
552 528
553 536
554 510
555 512
556 534
557 536
558 546
559 538
560 520
561 524
562 511
563 522
564 493
565 525
566 499
567 553
568 534
569 545
570 552
571 538
572 556
573 527
574 538
575 544
576 546
577 569
578 553
579 563
580 548
581 540
582 537
583 565
584 584
585 579
586 593
587 574
588 563
589 591
590 566
591 556
592 540
593 514
594 510
595 554
596 531
597 525
598 517
599 529
600 504
601 524
602 531
603 552
604 565
605 563
606 598
607 568
608 578
609 556
610 568
611 569
612 583
613 585
614 580
615 555
616 593
617 564
618 560
619 566
620 553
621 556
622 556
623 569
624 563
625 594
626 605
627 612
628 631
629 606
630 605
631 605
632 599
633 599
634 604
635 627
636 614
637 635
638 633
639 632
640 621
641 598
642 640
643 581
644 616
645 596
646 579
647 586
648 600
649 576
650 590
651 605
652 611
653 636
654 630
655 623
656 603
657 647
658 634
659 643
660 649
661 664
662 662
663 643
664 641
665 660
666 647
667 682
668 659
669 711
670 680
671 668
672 694
673 627
674 626
675 625
676 621
677 629
678 600
679 602
680 628
681 608
682 642
683 628
684 644
685 642
686 633
687 622
688 628
689 615
690 604
691 613
692 586
693 595
694 520
695 530
696 527
697 523
698 541
699 538
700 544
701 540
702 535
703 557
704 537
705 567
706 556
707 548
708 566
709 543
710 567
711 568
712 592
713 611
714 589
715 611
716 604
717 600
718 613
719 598
720 626
721 619
722 630
723 616
724 615
725 607
726 609
727 627
728 599
729 587
730 582
731 585
732 559
733 535
734 532
735 539
736 532
737 518
738 521
739 547
740 547
741 562
742 539
743 535
744 542
745 551
746 551
747 545
748 562
749 539
750 560
751 565
752 609
753 604
754 610
755 600
756 608
757 605
758 629
759 605
760 608
761 626
762 639
763 645
764 609
765 627
766 621
767 636
768 632
769 658
770 665
771 714
772 707
773 715
774 737
775 733
776 689
777 724
778 688
779 721
780 700
781 714
782 718
783 757
784 789
785 758
786 778
787 767
788 765
789 749
790 777
791 739
792 744
793 766
794 714
795 748
796 779
797 798
798 799
799 776
800 784
801 763
802 787
803 761
804 816
805 784
806 779
807 767
808 734
809 783
810 733
811 745
812 706
813 697
814 743
815 716
816 723
817 741
818 721
819 735
820 764
821 768
822 749
823 713
824 711
825 682
826 677
827 660
828 655
829 632
830 655
831 655
832 645
833 641
834 637
835 627
836 624
837 612
838 623
839 584
840 570
841 555
842 552
843 552
844 536
845 528
846 531
847 509
848 504
849 504
850 504
851 483
852 494
853 477
854 471
855 470
856 473
857 465
858 478
859 477
860 470
861 477
862 495
863 513
864 519
865 492
866 539
867 499
868 501
869 507
870 505
871 520
872 491
873 492
874 494
875 510
876 494
877 522
878 491
879 470
880 458
881 465
882 441
883 438
884 444
885 450
886 465
887 443
888 429
889 445
890 420
891 439
892 424
893 429
894 438
895 434
896 474
897 445
898 469
899 456
900 459
901 430
902 440
903 423
904 421
905 407
906 425
907 411
908 441
909 421
910 414
911 423
912 446
913 434
914 436
915 414
916 422
917 416
918 414
919 397
920 418
921 414
922 432
923 435
924 400
925 417
926 398
927 417
928 395
929 404
930 413
931 425
932 416
933 447
934 445
935 451
936 455
937 473
938 478
939 458
940 453
941 453
942 451
943 470
944 449
945 446
946 466
947 447
948 469
949 484
950 457
951 422
952 435
953 448
954 431
955 415
956 414
957 415
958 411
959 407
960 428
961 390
962 403
963 384
964 388
965 392
966 402
967 404
968 376
969 388
970 373
971 374
972 371
973 372
974 373
975 374
976 381
977 387
978 394
979 400
980 415
981 411
982 413
983 421
984 427
985 437
986 442
987 459
988 428
989 445
990 436
991 462
992 444
993 454
994 438
995 452
996 426
997 425
998 422
999 419
