0 3012
1 3415
2 2980
3 2952
4 2737
5 2655
6 2577
7 2526
8 2384
9 2263
10 2229
11 2130
12 2060
13 1994
14 2026
15 1953
16 1997
17 1887
18 1891
19 1776
20 1762
21 1751
22 1708
23 1739
24 1694
25 1666
26 1600
27 1544
28 1547
29 1552
30 1477
31 1519
32 1472
33 1412
34 1425
35 1422
36 1359
37 1372
38 1352
39 1304
40 1290
41 1351
42 1314
43 1274
44 1243
45 1242
46 1253
47 1221
48 1235
49 1277
50 1304
51 1247
52 1238
53 1240
54 1259
55 1236
56 1267
57 1269
58 1268
59 1307
60 1275
61 1307
62 1286
63 1243
64 1285
65 1285
66 1260
67 1306
68 1254
69 1256
70 1225
71 1182
72 1258
73 1272
74 1295
75 1294
76 1310
77 1236
78 1287
79 1236
80 1258
81 1266
82 1227
83 1199
84 1163
85 1193
86 1157
87 1114
88 1088
89 1109
90 1115
91 1138
92 1142
93 1168
94 1138
95 1110
96 1146
97 1073
98 1102
99 1059
100 1079
101 1063
102 1087
103 1085
104 1082
105 1097
106 1061
107 1049
108 1003
109 999
110 985
111 1014
112 956
113 994
114 936
115 963
116 933
117 925
118 915
119 924
120 902
121 891
122 860
123 858
124 885
125 884
126 896
127 904
128 861
129 892
130 853
131 884
132 840
133 875
134 856
135 845
136 843
137 874
138 877
139 873
140 830
141 863
142 805
143 805
144 794
145 819
146 781
147 796
148 750
149 778
150 789
151 800
152 796
153 742
154 750
155 724
156 764
157 755
158 780
159 733
160 757
161 741
162 742
163 777
164 759
165 743
166 745
167 719
168 757
169 724
170 730
171 780
172 786
173 804
174 803
175 795
176 816
177 810
178 819
179 835
180 906
181 881
182 871
183 875
184 881
185 843
186 864
187 850
188 842
189 858
190 887
191 862
192 913
193 863
194 944
195 858
196 852
197 844
198 865
199 850
200 829
201 852
202 820
203 854
204 811
205 833
206 821
207 788
208 811
209 770
210 808
211 784
212 791
213 776
214 792
215 768
216 813
217 789
218 839
219 838
220 883
221 851
222 857
223 888
224 863
225 893
226 899
227 902
228 871
229 928
230 905
231 978
232 938
233 873
234 891
235 917
236 897
237 929
238 883
239 891
240 895
241 888
242 892
243 926
244 909
245 906
246 943
247 933
248 950
249 896
250 890
251 913
252 863
253 923
254 874
255 896
256 806
257 812
258 816
259 782
260 797
261 768
262 793
263 796
264 765
265 789
266 794
267 844
268 841
269 809
270 839
271 821
272 867
273 882
274 866
275 847
276 901
277 829
278 837
279 817
280 821
281 762
282 762
283 762
284 798
285 807
286 805
287 810
288 809
289 837
290 811
291 866
292 831
293 860
294 855
295 849
296 850
297 865
298 871
299 883
300 879
301 879
302 892
303 846
304 882
305 862
306 902
307 899
308 827
309 824
310 809
311 831
312 798
313 785
314 765
315 799
316 801
317 833
318 790
319 796
320 751
321 744
322 752
323 712
324 720
325 702
326 720
327 733
328 757
329 734
330 736
331 757
332 756
333 725
334 733
335 714
336 713
337 701
338 667
339 689
340 692
341 695
342 691
343 693
344 735
345 708
346 709
347 699
348 689
349 676
350 660
351 674
352 669
353 652
354 662
355 709
356 735
357 713
358 736
359 685
360 707
361 690
362 731
363 718
364 695
365 716
366 692
367 715
368 680
369 651
370 638
371 629
372 647
373 690
374 697
375 709
376 710
377 697
378 732
379 725
380 749
381 720
382 729
383 725
384 740
385 730
386 692
387 682
388 697
389 678
390 684
391 681
392 679
393 665
394 677
395 690
396 697
397 703
398 657
399 655
400 650
401 653
402 657
403 712
404 613
405 665
406 625
407 616
408 572
409 563
410 535
411 536
412 540
413 545
414 561
415 553
416 586
417 582
418 541
419 585
420 579
421 568
422 566
423 561
424 580
425 591
426 566
427 572
428 545
429 590
430 545
431 579
432 515
433 544
434 528
435 525
436 518
437 512
438 519
439 521
440 514
441 524
442 509
443 504
444 500
445 518
446 530
447 508
448 514
449 508
450 506
451 518
452 495
453 474
454 507
455 483
456 501
457 489
458 500
459 506
460 523
461 513
462 525
463 512
464 524
465 494
466 507
467 482
468 490
469 518
470 510
471 525
472 536
473 542
474 554
475 490
476 525
477 482
478 520
479 485
480 498
481 473
482 465
483 462
484 448
485 452
486 454
487 453
488 479
489 474
490 502
491 485
492 498
493 517
494 528
495 515
496 524
497 536
498 537
499 557
500 566
501 571
502 562
503 555
504 571
505 541
506 534
507 562
508 567
509 559
510 564
511 574
512 546
513 546
514 578
515 551
516 568
517 561
518 574
519 570
520 557
521 542
522 563
523 557
524 537
525 558
526 571
527 610
528 586
529 620
530 616
531 644
532 570
533 616
534 599
535 566
536 582
537 578
538 609
539 576
540 618
541 600
542 590
543 567
544 572
545 587
546 578
547 557
548 573
549 555
550 582
551 553
552 564
553 542
554 549
555 521
556 543
557 517
558 528
559 528
560 529
561 539
562 551
563 587
564 592
565 592
566 565
567 597
568 627
569 566
570 573
571 563
572 565
573 528
574 566
575 571
576 570
577 572
578 576
579 567
580 582
581 596
582 602
583 607
584 589
585 572
586 564
587 543
588 570
589 565
590 562
591 550
592 560
593 558
594 604
595 554
596 583
597 553
598 576
599 538
600 564
601 530
602 522
603 503
604 490
605 523
606 514
607 524
608 504
609 499
610 492
611 516
612 495
613 501
614 471
615 491
616 485
617 503
618 523
619 485
620 519
621 482
622 521
623 497
624 515
625 500
626 486
627 499
628 477
629 487
630 503
631 510
632 511
633 549
634 524
635 552
636 530
637 515
638 521
639 502
640 471
641 496
642 478
643 473
644 473
645 479
646 484
647 448
648 450
649 458
650 446
651 430
652 429
653 431
654 459
655 447
656 432
657 454
658 439
659 446
660 456
661 432
662 460
663 452
664 466
665 459
666 453
667 451
668 451
669 462
670 479
671 463
672 455
673 459
674 475
675 481
676 473
677 487
678 471
679 466
680 482
681 475
682 506
683 491
684 520
685 496
686 509
687 486
688 488
689 486
690 490
691 490
692 486
693 473
694 462
695 451
696 454
697 461
698 447
699 466
700 445
701 433
702 425
703 435
704 418
705 413
706 421
707 424
708 440
709 442
710 460
711 449
712 468
713 495
714 524
715 514
716 489
717 494
718 505
719 500
720 507
721 490
722 485
723 494
724 497
725 517
726 527
727 549
728 518
729 518
730 540
731 508
732 535
733 526
734 562
735 554
736 573
737 550
738 566
739 573
740 558
741 573
742 581
743 570
744 577
745 568
746 555
747 540
748 554
749 539
750 564
751 535
752 550
753 540
754 550
755 564
756 552
757 587
758 565
759 579
760 581
761 552
762 540
763 539
764 526
765 531
766 542
767 542
768 531
769 565
770 546
771 563
772 550
773 551
774 524
775 539
776 538
777 548
778 536
779 581
780 537
781 533
782 503
783 504
784 508
785 502
786 514
787 480
788 506
789 515
790 509
791 535
792 496
793 499
794 499
795 484
796 473
797 477
798 456
799 433
800 444
801 426
802 437
803 454
804 472
805 470
806 470
807 480
808 480
809 460
810 446
811 459
812 436
813 442
814 438
815 440
816 460
817 453
818 451
819 466
820 462
821 460
822 455
823 463
824 474
825 469
826 473
827 460
828 437
829 431
830 431
831 435
832 426
833 433
834 416
835 414
836 434
837 431
838 454
839 434
840 440
841 435
842 444
843 453
844 442
845 445
846 437
847 440
848 434
849 450
850 426
851 433
852 420
853 409
854 391
855 385
856 407
857 403
858 411
859 415
860 408
861 420
862 414
863 424
864 446
865 429
866 422
867 422
868 414
869 401
870 426
871 409
872 422
873 417
874 413
875 406
876 418
877 414
878 433
879 427
880 427
881 425
882 435
883 420
884 417
885 422
886 424
887 411
888 430
889 436
890 438
891 437
892 440
893 443
894 433
895 446
896 461
897 450
898 443
899 448
900 449
901 422
902 430
903 426
904 456
905 415
906 439
907 444
908 434
909 417
910 418
911 396
912 404
913 394
914 409
915 416
916 430
917 427
918 405
919 410
920 408
921 432
922 434
923 459
924 440
925 452
926 431
927 428
928 457
929 442
930 455
931 444
932 459
933 469
934 477
935 458
936 474
937 465
938 450
939 450
940 454
941 459
942 459
943 472
944 451
945 481
946 460
947 437
948 446
949 449
950 464
951 434
952 406
953 389
954 390
955 399
956 366
957 371
958 361
959 370
960 378
961 382
962 376
963 373
964 377
965 382
966 389
967 355
968 353
969 374
970 355
971 360
972 360
973 382
974 353
975 356
976 350
977 350
978 356
979 337
980 343
981 345
982 345
983 334
984 321
985 325
986 324
987 324
988 313
989 338
990 347
991 356
992 358
993 336
994 345
995 318
996 325
997 307
998 312
999 319
