0 5933
1 1591
2 1416
3 1396
4 1323
5 1301
6 1319
7 1314
8 1335
9 1277
10 1303
11 1288
12 1336
13 1368
14 1284
15 1307
16 1293
17 1296
18 1323
19 1331
20 1367
21 1285
22 1338
23 1276
24 1261
25 1225
26 1225
27 1190
28 1253
29 1193
30 1222
31 1235
32 1270
33 1237
34 1283
35 1310
36 1287
37 1303
38 1287
39 1289
40 1249
41 1280
42 1201
43 1218
44 1238
45 1225
46 1187
47 1202
48 1177
49 1242
50 1213
51 1233
52 1151
53 1188
54 1153
55 1165
56 1186
57 1155
58 1153
59 1090
60 1152
61 1083
62 1107
63 1003
64 1001
65 931
66 947
67 966
68 940
69 943
70 957
71 945
72 909
73 886
74 860
75 892
76 861
77 876
78 849
79 844
80 874
81 882
82 929
83 939
84 915
85 887
86 925
87 892
88 939
89 921
90 916
91 935
92 916
93 953
94 945
95 882
96 839
97 835
98 812
99 841
100 866
101 874
102 850
103 876
104 884
105 869
106 930
107 912
108 905
109 875
110 907
111 848
112 882
113 897
114 897
115 901
116 858
117 924
118 875
119 897
120 886
121 916
122 920
123 942
124 897
125 910
126 916
127 898
128 919
129 915
130 847
131 874
132 833
133 873
134 872
135 884
136 864
137 880
138 849
139 845
140 831
141 806
142 776
143 733
144 749
145 781
146 773
147 776
148 729
149 758
150 753
151 756
152 761
153 739
154 753
155 769
156 817
157 814
158 857
159 861
160 844
161 870
162 819
163 840
164 849
165 816
166 816
167 804
168 836
169 841
170 855
171 872
172 880
173 839
174 860
175 812
176 806
177 820
178 867
179 868
180 840
181 804
182 789
183 807
184 806
185 799
186 819
187 873
188 858
189 837
190 849
191 823
192 777
193 803
194 784
195 777
196 770
197 790
198 793
199 805
200 802
201 829
202 817
203 822
204 852
205 803
206 879
207 840
208 872
209 846
210 891
211 852
212 885
213 813
214 856
215 826
216 811
217 821
218 823
219 821
220 819
221 838
222 802
223 841
224 826
225 860
226 854
227 882
228 878
229 876
230 904
231 928
232 832
233 842
234 810
235 841
236 819
237 793
238 808
239 799
240 757
241 741
242 736
243 744
244 783
245 793
246 777
247 821
248 770
249 764
250 739
251 754
252 762
253 755
254 753
255 768
256 795
257 808
258 813
259 769
260 795
261 808
262 764
263 803
264 815
265 781
266 780
267 788
268 786
269 798
270 764
271 711
272 713
273 731
274 727
275 780
276 749
277 776
278 726
279 735
280 698
281 754
282 722
283 722
284 685
285 700
286 659
287 715
288 699
289 704
290 677
291 716
292 697
293 674
294 684
295 672
296 653
297 664
298 703
299 673
300 673
301 691
302 655
303 655
304 651
305 661
306 687
307 693
308 670
309 679
310 634
311 633
312 622
313 615
314 626
315 584
316 583
317 580
318 558
319 624
320 555
321 544
322 527
323 540
324 538
325 534
326 551
327 551
328 509
329 505
330 514
331 556
332 545
333 545
334 586
335 562
336 606
337 543
338 574
339 549
340 549
341 558
342 547
343 581
344 580
345 561
346 573
347 547
348 553
349 551
350 568
351 546
352 556
353 562
354 596
355 540
356 540
357 550
358 566
359 585
360 592
361 584
362 617
363 614
364 607
365 586
366 597
367 616
368 626
369 608
370 612
371 620
372 655
373 639
374 667
375 642
376 654
377 615
378 649
379 590
380 607
381 601
382 598
383 606
384 600
385 626
386 649
387 645
388 662
389 650
390 675
391 644
392 661
393 649
394 638
395 660
396 618
397 632
398 635
399 641
400 623
401 628
402 643
403 628
404 637
405 666
406 642
407 632
408 626
409 653
410 626
411 653
412 650
413 655
414 606
415 604
416 608
417 603
418 593
419 597
420 581
421 563
422 565
423 556
424 558
425 559
426 539
427 542
428 538
429 542
430 516
431 529
432 526
433 528
434 543
435 550
436 570
437 572
438 567
439 585
440 576
441 553
442 549
443 539
444 526
445 537
446 536
447 514
448 562
449 542
450 547
451 516
452 537
453 525
454 541
455 569
456 560
457 580
458 573
459 574
460 567
461 573
462 584
463 569
464 589
465 567
466 575
467 588
468 589
469 621
470 655
471 663
472 692
473 665
474 644
475 651
476 645
477 646
478 635
479 651
480 622
481 633
482 594
483 591
484 582
485 583
486 582
487 587
488 578
489 561
490 573
491 578
492 602
493 616
494 608
495 621
496 623
497 621
498 646
499 624
500 622
501 630
502 631
503 639
504 614
505 592
506 583
507 602
508 609
509 611
510 571
511 577
512 551
513 587
514 570
515 604
516 546
517 594
518 556
519 618
520 596
521 578
522 597
523 614
524 587
525 629
526 602
527 625
528 614
529 630
530 629
531 606
532 669
533 632
534 662
535 631
536 648
537 620
538 610
539 631
540 617
541 618
542 583
543 611
544 589
545 574
546 557
547 557
548 576
549 581
550 594
551 619
552 636
553 614
554 637
555 621
556 626
557 619
558 647
559 637
560 657
561 639
562 648
563 632
564 590
565 581
566 555
567 581
568 561
569 565
570 550
571 546
572 556
573 556
574 547
575 537
576 547
577 545
578 535
579 527
580 543
581 525
582 553
583 542
584 522
585 537
586 532
587 549
588 574
589 560
590 624
591 604
592 646
593 614
594 645
595 605
596 612
597 608
598 554
599 547
600 530
601 525
602 536
603 549
604 565
605 555
606 574
607 603
608 615
609 575
610 622
611 610
612 637
613 659
614 630
615 667
616 665
617 706
618 640
619 620
620 598
621 604
622 613
623 618
624 636
625 636
626 635
627 660
628 666
629 684
630 704
631 660
632 666
633 638
634 615
635 651
636 615
637 600
638 565
639 541
640 537
641 522
642 548
643 510
644 510
645 476
646 474
647 464
648 443
649 455
650 434
651 453
652 447
653 484
654 448
655 471
656 454
657 463
658 499
659 479
660 505
661 493
662 501
663 473
664 493
665 483
666 464
667 456
668 459
669 465
670 445
671 465
672 461
673 478
674 453
675 483
676 475
677 467
678 513
679 505
680 520
681 476
682 505
683 479
684 491
685 515
686 517
687 517
688 528
689 546
690 512
691 517
692 528
693 499
694 513
695 523
696 532
697 558
698 605
699 595
700 622
701 609
702 638
703 635
704 673
705 604
706 612
707 605
708 611
709 627
710 595
711 592
712 604
713 624
714 617
715 580
716 575
717 584
718 591
719 564
720 566
721 594
722 602
723 601
724 608
725 621
726 621
727 664
728 617
729 613
730 645
731 608
732 621
733 603
734 587
735 572
736 567
737 586
738 555
739 565
740 540
741 553
742 532
743 536
744 524
745 511
746 512
747 508
748 520
749 498
750 531
751 501
752 518
753 505
754 506
755 514
756 493
757 494
758 482
759 479
760 465
761 456
762 444
763 448
764 430
765 449
766 434
767 410
768 417
769 430
770 438
771 435
772 426
773 438
774 428
775 402
776 394
777 403
778 410
779 422
780 415
781 419
782 390
783 404
784 402
785 422
786 425
787 422
788 405
789 405
790 411
791 423
792 413
793 417
794 416
795 408
796 442
797 404
798 403
799 415
800 393
801 384
802 383
803 413
804 412
805 432
806 442
807 455
808 461
809 445
810 430
811 420
812 436
813 435
814 446
815 427
816 436
817 406
818 413
819 404
820 396
821 399
822 382
823 376
824 383
825 387
826 388
827 385
828 393
829 394
830 389
831 408
832 420
833 410
834 415
835 403
836 398
837 399
838 411
839 386
840 371
841 376
842 375
843 382
844 392
845 394
846 405
847 403
848 421
849 404
850 406
851 414
852 409
853 422
854 400
855 390
856 391
857 391
858 392
859 386
860 390
861 374
862 386
863 393
864 388
865 413
866 387
867 413
868 417
869 405
870 426
871 397
872 413
873 403
874 420
875 402
876 422
877 401
878 419
879 395
880 401
881 400
882 411
883 418
884 418
885 432
886 435
887 423
888 427
889 418
890 421
891 398
892 406
893 391
894 380
895 371
896 380
897 367
898 344
899 345
900 366
901 361
902 359
903 367
904 378
905 399
906 401
907 413
908 413
909 438
910 421
911 393
912 386
913 406
914 384
915 384
916 375
917 380
918 381
919 403
920 422
921 422
922 402
923 418
924 435
925 448
926 448
927 463
928 452
929 449
930 466
931 484
932 456
933 444
934 433
935 461
936 447
937 465
938 440
939 435
940 433
941 443
942 467
943 446
944 435
945 413
946 416
947 415
948 430
949 413
950 443
951 406
952 403
953 405
954 410
955 415
956 400
957 402
958 392
959 386
960 409
961 386
962 410
963 400
964 406
965 405
966 399
967 415
968 406
969 422
970 417
971 421
972 436
973 448
974 442
975 447
976 423
977 434
978 435
979 463
980 467
981 445
982 455
983 446
984 461
985 417
986 424
987 422
988 442
989 446
990 470
991 478
992 490
993 523
994 498
995 500
996 510
997 511
998 517
999 540
