0 7492
1 215
2 99
3 83
4 77
5 76
6 70
7 74
8 71
9 72
10 73
11 77
12 79
13 84
14 84
15 85
16 91
17 89
18 78
19 81
20 78
21 87
22 81
23 80
24 79
25 82
26 79
27 84
28 83
29 89
30 78
31 80
32 76
33 78
34 76
35 76
36 81
37 80
38 83
39 76
40 78
41 80
42 81
43 86
44 87
45 91
46 97
47 95
48 81
49 81
50 83
51 81
52 82
53 81
54 79
55 83
56 83
57 90
58 88
59 93
60 90
61 97
62 99
63 93
64 99
65 102
66 94
67 103
68 98
69 100
70 97
71 98
72 103
73 97
74 106
75 103
76 109
77 110
78 99
79 76
80 64
81 62
82 61
83 61
84 61
85 61
86 61
87 61
88 61
89 61
90 61
91 61
92 61
93 61
94 61
95 61
96 61
97 61
98 61
99 61
100 61
101 61
102 61
103 61
104 61
105 61
106 61
107 61
108 61
109 61
110 61
111 61
112 61
113 61
114 61
115 61
116 61
117 61
118 61
119 61
120 61
121 61
122 61
123 61
124 61
125 61
126 61
127 61
128 61
129 61
130 61
131 61
132 61
133 61
134 61
135 61
136 61
137 61
138 61
139 61
140 61
141 61
142 61
143 61
144 61
145 61
146 61
147 61
148 61
149 61
150 61
151 61
152 61
153 61
154 61
155 61
156 61
157 61
158 61
159 61
160 61
161 61
162 61
163 61
164 61
165 61
166 61
167 61
168 61
169 61
170 61
171 61
172 61
173 61
174 61
175 61
176 61
177 61
178 61
179 61
180 61
181 61
182 61
183 61
184 61
185 61
186 61
187 61
188 61
189 61
190 61
191 61
192 61
193 61
194 61
195 61
196 61
197 61
198 61
199 61
200 61
201 61
202 61
203 61
204 61
205 61
206 61
207 61
208 61
209 61
210 61
211 61
212 61
213 61
214 61
215 61
216 61
217 61
218 61
219 61
220 61
221 61
222 61
223 61
224 61
225 61
226 61
227 61
228 61
229 61
230 61
231 61
232 61
233 61
234 61
235 61
236 61
237 61
238 61
239 61
240 61
241 61
242 61
243 61
244 61
245 61
246 61
247 61
248 61
249 61
250 61
251 61
252 61
253 61
254 61
255 61
256 61
257 61
258 61
259 61
260 61
261 61
262 61
263 61
264 61
265 61
266 61
267 61
268 61
269 61
270 61
271 61
272 61
273 61
274 61
275 61
276 61
277 61
278 61
279 61
280 61
281 61
282 61
283 61
284 61
285 61
286 61
287 61
288 61
289 61
290 61
291 61
292 61
293 61
294 61
295 61
296 61
297 61
298 61
299 61
300 61
301 61
302 61
303 61
304 61
305 61
306 61
307 61
308 61
309 61
310 61
311 61
312 61
313 61
314 61
315 61
316 61
317 61
318 61
319 61
320 61
321 61
322 61
323 61
324 61
325 61
326 61
327 61
328 61
329 61
330 61
331 61
332 61
333 61
334 61
335 61
336 61
337 61
338 61
339 61
340 61
341 61
342 61
343 61
344 61
345 61
346 61
347 61
348 61
349 61
350 61
351 61
352 61
353 61
354 61
355 61
356 61
357 61
358 61
359 61
360 61
361 61
362 61
363 61
364 61
365 61
366 61
367 61
368 61
369 61
370 61
371 61
372 61
373 61
374 61
375 61
376 61
377 61
378 61
379 61
380 61
381 61
382 61
383 61
384 61
385 61
386 61
387 61
388 61
389 61
390 61
391 61
392 61
393 61
394 61
395 61
396 61
397 61
398 61
399 61
400 61
401 61
402 61
403 61
404 61
405 61
406 61
407 61
408 61
409 61
410 61
411 61
412 61
413 61
414 61
415 61
416 61
417 61
418 61
419 61
420 61
421 61
422 61
423 61
424 61
425 61
426 61
427 61
428 61
429 61
430 61
431 61
432 61
433 61
434 61
435 61
436 61
437 61
438 61
439 61
440 61
441 61
442 61
443 61
444 61
445 61
446 61
447 61
448 61
449 61
450 61
451 61
452 61
453 61
454 61
455 61
456 61
457 61
458 61
459 61
460 61
461 61
462 61
463 61
464 61
465 61
466 61
467 61
468 61
469 61
470 61
471 61
472 61
473 61
474 61
475 61
476 61
477 61
478 61
479 61
480 61
481 61
482 61
483 61
484 61
485 61
486 61
487 61
488 61
489 61
490 61
491 61
492 61
493 61
494 61
495 61
496 61
497 61
498 61
499 61
500 61
501 61
502 61
503 61
504 61
505 61
506 61
507 61
508 61
509 61
510 61
511 61
512 61
513 61
514 61
515 61
516 61
517 61
518 61
519 61
520 61
521 61
522 61
523 61
524 61
525 61
526 61
527 61
528 61
529 61
530 61
531 61
532 61
533 61
534 61
535 61
536 61
537 61
538 61
539 61
540 61
541 61
542 61
543 61
544 61
545 61
546 61
547 61
548 61
549 61
550 61
551 61
552 61
553 61
554 61
555 61
556 61
557 61
558 61
559 61
560 61
561 61
562 61
563 61
564 61
565 61
566 61
567 61
568 61
569 61
570 61
571 61
572 61
573 61
574 61
575 61
576 61
577 61
578 61
579 61
580 61
581 61
582 61
583 61
584 61
585 61
586 61
587 61
588 61
589 61
590 61
591 61
592 61
593 61
594 61
595 61
596 61
597 61
598 61
599 61
600 61
601 61
602 61
603 61
604 61
605 61
606 61
607 61
608 61
609 61
610 61
611 61
612 61
613 61
614 61
615 61
616 61
617 61
618 61
619 61
620 61
621 61
622 61
623 61
624 61
625 61
626 61
627 61
628 61
629 61
630 61
631 61
632 61
633 61
634 61
635 61
636 61
637 61
638 61
639 61
640 61
641 61
642 61
643 61
644 61
645 61
646 61
647 61
648 61
649 61
650 61
651 61
652 61
653 61
654 61
655 61
656 61
657 61
658 61
659 61
660 61
661 61
662 61
663 61
664 61
665 61
666 61
667 61
668 61
669 61
670 61
671 61
672 61
673 61
674 61
675 61
676 61
677 61
678 61
679 61
680 61
681 61
682 61
683 61
684 61
685 61
686 61
687 61
688 61
689 61
690 61
691 61
692 61
693 61
694 61
695 61
696 61
697 61
698 61
699 61
700 61
701 61
702 61
703 61
704 61
705 61
706 61
707 61
708 61
709 61
710 61
711 61
712 61
713 61
714 61
715 61
716 61
717 61
718 61
719 61
720 61
721 61
722 61
723 61
724 61
725 61
726 61
727 61
728 61
729 61
730 61
731 61
732 61
733 61
734 61
735 61
736 61
737 61
738 61
739 61
740 61
741 61
742 61
743 61
744 61
745 61
746 61
747 61
748 61
749 61
750 61
751 61
752 61
753 61
754 61
755 61
756 61
757 61
758 61
759 61
760 61
761 61
762 61
763 61
764 61
765 61
766 61
767 61
768 61
769 61
770 61
771 61
772 61
773 61
774 61
775 61
776 61
777 61
778 61
779 61
780 61
781 61
782 61
783 61
784 61
785 61
786 61
787 61
788 61
789 61
790 61
791 61
792 61
793 61
794 61
795 61
796 61
797 61
798 61
799 61
800 61
801 61
802 61
803 61
804 61
805 61
806 61
807 61
808 61
809 61
810 61
811 61
812 61
813 61
814 61
815 61
816 61
817 61
818 61
819 61
820 61
821 61
822 61
823 61
824 61
825 61
826 61
827 61
828 61
829 61
830 61
831 61
832 61
833 61
834 61
835 61
836 61
837 61
838 61
839 61
840 61
841 61
842 61
843 61
844 61
845 61
846 61
847 61
848 61
849 61
850 61
851 61
852 61
853 61
854 61
855 61
856 61
857 61
858 61
859 61
860 61
861 61
862 61
863 61
864 61
865 61
866 61
867 61
868 61
869 61
870 61
871 61
872 61
873 61
874 61
875 61
876 61
877 61
878 61
879 61
880 61
881 61
882 61
883 61
884 61
885 61
886 61
887 61
888 61
889 61
890 61
891 61
892 61
893 61
894 61
895 61
896 61
897 61
898 61
899 61
900 61
901 61
902 61
903 61
904 61
905 61
906 61
907 61
908 61
909 61
910 61
911 61
912 61
913 61
914 61
915 61
916 61
917 61
918 61
919 61
920 61
921 61
922 61
923 61
924 61
925 61
926 61
927 61
928 61
929 61
930 61
931 61
932 61
933 61
934 61
935 61
936 61
937 61
938 61
939 61
940 61
941 61
942 61
943 61
944 61
945 61
946 61
947 61
948 61
949 61
950 61
951 61
952 61
953 61
954 61
955 61
956 61
957 61
958 61
959 61
960 61
961 61
962 61
963 61
964 61
965 61
966 61
967 61
968 61
969 61
970 61
971 61
972 61
973 61
974 61
975 61
976 61
977 61
978 61
979 61
980 61
981 61
982 61
983 61
984 61
985 61
986 61
987 61
988 61
989 61
990 61
991 61
992 61
993 61
994 61
995 61
996 61
997 61
998 61
999 61
