0 491
1 74
2 39
3 26
4 26
5 29
6 34
7 31
8 33
9 33
10 29
11 32
12 35
13 37
14 44
15 39
16 54
17 45
18 59
19 55
20 73
21 57
22 60
23 60
24 60
25 56
26 64
27 64
28 66
29 60
30 60
31 65
32 64
33 71
34 61
35 65
36 75
37 68
38 85
39 76
40 88
41 76
42 75
43 78
44 79
45 93
46 84
47 100
48 87
49 81
50 86
51 83
52 102
53 90
54 111
55 103
56 124
57 103
58 109
59 103
60 100
61 114
62 100
63 107
64 106
65 86
66 97
67 94
68 128
69 108
70 137
71 105
72 127
73 103
74 117
75 93
76 94
77 85
78 85
79 96
80 100
81 96
82 97
83 97
84 86
85 83
86 91
87 89
88 98
89 82
90 79
91 84
92 74
93 91
94 78
95 84
96 76
97 80
98 82
99 87
100 82
101 80
102 91
103 89
104 74
105 70
106 73
107 66
108 66
109 60
110 64
111 64
112 66
113 81
114 79
115 78
116 85
117 84
118 95
119 82
120 105
121 98
122 118
123 100
124 123
125 103
126 131
127 108
128 100
129 95
130 78
131 84
132 86
133 93
134 94
135 88
136 102
137 99
138 120
139 106
140 115
141 127
142 115
143 131
144 126
145 144
146 136
147 167
148 127
149 128
150 127
151 126
152 132
153 131
154 131
155 126
156 125
157 140
158 132
159 143
160 145
161 139
162 132
163 132
164 132
165 120
166 134
167 138
168 152
169 159
170 153
171 150
172 160
173 135
174 144
175 133
176 146
177 123
178 119
179 125
180 136
181 132
182 136
183 126
184 135
185 120
186 137
187 135
188 154
189 137
190 165
191 144
192 141
193 145
194 142
195 158
196 140
197 153
198 166
199 184
200 156
201 139
202 131
203 124
204 116
205 117
206 106
207 110
208 112
209 113
210 121
211 112
212 130
213 121
214 117
215 128
216 125
217 105
218 105
219 103
220 87
221 88
222 76
223 76
224 81
225 72
226 86
227 70
228 69
229 72
230 74
231 80
232 82
233 89
234 89
235 88
236 93
237 87
238 80
239 63
240 67
241 50
242 43
243 40
244 42
245 44
246 46
247 52
248 52
249 57
250 58
251 51
252 61
253 52
254 54
255 63
256 60
257 63
258 61
259 57
260 54
261 58
262 59
263 62
264 64
265 63
266 72
267 76
268 80
269 80
270 84
271 85
272 76
273 70
274 66
275 64
276 64
277 61
278 70
279 68
280 69
281 67
282 64
283 71
284 77
285 72
286 81
287 68
288 70
289 64
290 63
291 61
292 62
293 72
294 69
295 80
296 69
297 62
298 58
299 49
300 47
301 49
302 49
303 53
304 53
305 66
306 45
307 41
308 39
309 39
310 39
311 39
312 39
313 39
314 39
315 39
316 39
317 39
318 39
319 39
320 39
321 39
322 39
323 39
324 39
325 39
326 39
327 39
328 39
329 39
330 39
331 39
332 39
333 39
334 39
335 39
336 39
337 39
338 39
339 39
340 39
341 39
342 39
343 39
344 39
345 39
346 39
347 39
348 39
349 39
350 39
351 39
352 39
353 39
354 39
355 39
356 39
357 39
358 39
359 39
360 39
361 39
362 39
363 39
364 39
365 39
366 39
367 39
368 39
369 39
370 39
371 39
372 39
373 39
374 39
375 39
376 39
377 39
378 39
379 39
380 39
381 39
382 39
383 39
384 39
385 39
386 39
387 39
388 39
389 39
390 39
391 39
392 39
393 39
394 39
395 39
396 39
397 39
398 39
399 39
400 39
401 39
402 39
403 39
404 39
405 39
406 39
407 39
408 39
409 39
410 39
411 39
412 39
413 39
414 39
415 39
416 39
417 39
418 39
419 39
420 39
421 39
422 39
423 39
424 39
425 39
426 39
427 39
428 39
429 39
430 39
431 39
432 39
433 39
434 39
435 39
436 39
437 39
438 39
439 39
440 39
441 39
442 39
443 39
444 39
445 39
446 39
447 39
448 39
449 39
450 39
451 39
452 39
453 39
454 39
455 39
456 39
457 39
458 39
459 39
460 39
461 39
462 39
463 39
464 39
465 39
466 39
467 39
468 39
469 39
470 39
471 39
472 39
473 39
474 39
475 39
476 39
477 39
478 39
479 39
480 39
481 39
482 39
483 39
484 39
485 39
486 39
487 39
488 39
489 39
490 39
491 39
492 39
493 39
494 39
495 39
496 39
497 39
498 39
499 39
500 39
501 39
502 39
503 39
504 39
505 39
506 39
507 39
508 39
509 39
510 39
511 39
512 39
513 39
514 39
515 39
516 39
517 39
518 39
519 39
520 39
521 39
522 39
523 39
524 39
525 39
526 39
527 39
528 39
529 39
530 39
531 39
532 39
533 39
534 39
535 39
536 39
537 39
538 39
539 39
540 39
541 39
542 39
543 39
544 39
545 39
546 39
547 39
548 39
549 39
550 39
551 39
552 39
553 39
554 39
555 39
556 39
557 39
558 39
559 39
560 39
561 39
562 39
563 39
564 39
565 39
566 39
567 39
568 39
569 39
570 39
571 39
572 39
573 39
574 39
575 39
576 39
577 39
578 39
579 39
580 39
581 39
582 39
583 39
584 39
585 39
586 39
587 39
588 39
589 39
590 39
591 39
592 39
593 39
594 39
595 39
596 39
597 39
598 39
599 39
600 39
601 39
602 39
603 39
604 39
605 39
606 39
607 39
608 39
609 39
610 39
611 39
612 39
613 39
614 39
615 39
616 39
617 39
618 39
619 39
620 39
621 39
622 39
623 39
624 39
625 39
626 39
627 39
628 39
629 39
630 39
631 39
632 39
633 39
634 39
635 39
636 39
637 39
638 39
639 39
640 39
641 39
642 39
643 39
644 39
645 39
646 39
647 39
648 39
649 39
650 39
651 39
652 39
653 39
654 39
655 39
656 39
657 39
658 39
659 39
660 39
661 39
662 39
663 39
664 39
665 39
666 39
667 39
668 39
669 39
670 39
671 39
672 39
673 39
674 39
675 39
676 39
677 39
678 39
679 39
680 39
681 39
682 39
683 39
684 39
685 39
686 39
687 39
688 39
689 39
690 39
691 39
692 39
693 39
694 39
695 39
696 39
697 39
698 39
699 39
700 39
701 39
702 39
703 39
704 39
705 39
706 39
707 39
708 39
709 39
710 39
711 39
712 39
713 39
714 39
715 39
716 39
717 39
718 39
719 39
720 39
721 39
722 39
723 39
724 39
725 39
726 39
727 39
728 39
729 39
730 39
731 39
732 39
733 39
734 39
735 39
736 39
737 39
738 39
739 39
740 39
741 39
742 39
743 39
744 39
745 39
746 39
747 39
748 39
749 39
750 39
751 39
752 39
753 39
754 39
755 39
756 39
757 39
758 39
759 39
760 39
761 39
762 39
763 39
764 39
765 39
766 39
767 39
768 39
769 39
770 39
771 39
772 39
773 39
774 39
775 39
776 39
777 39
778 39
779 39
780 39
781 39
782 39
783 39
784 39
785 39
786 39
787 39
788 39
789 39
790 39
791 39
792 39
793 39
794 39
795 39
796 39
797 39
798 39
799 39
800 39
801 39
802 39
803 39
804 39
805 39
806 39
807 39
808 39
809 39
810 39
811 39
812 39
813 39
814 39
815 39
816 39
817 39
818 39
819 39
820 39
821 39
822 39
823 39
824 39
825 39
826 39
827 39
828 39
829 39
830 39
831 39
832 39
833 39
834 39
835 39
836 39
837 39
838 39
839 39
840 39
841 39
842 39
843 39
844 39
845 39
846 39
847 39
848 39
849 39
850 39
851 39
852 39
853 39
854 39
855 39
856 39
857 39
858 39
859 39
860 39
861 39
862 39
863 39
864 39
865 39
866 39
867 39
868 39
869 39
870 39
871 39
872 39
873 39
874 39
875 39
876 39
877 39
878 39
879 39
880 39
881 39
882 39
883 39
884 39
885 39
886 39
887 39
888 39
889 39
890 39
891 39
892 39
893 39
894 39
895 39
896 39
897 39
898 39
899 39
900 39
901 39
902 39
903 39
904 39
905 39
906 39
907 39
908 39
909 39
910 39
911 39
912 39
913 39
914 39
915 39
916 39
917 39
918 39
919 39
920 39
921 39
922 39
923 39
924 39
925 39
926 39
927 39
928 39
929 39
930 39
931 39
932 39
933 39
934 39
935 39
936 39
937 39
938 39
939 39
940 39
941 39
942 39
943 39
944 39
945 39
946 39
947 39
948 39
949 39
950 39
951 39
952 39
953 39
954 39
955 39
956 39
957 39
958 39
959 39
960 39
961 39
962 39
963 39
964 39
965 39
966 39
967 39
968 39
969 39
970 39
971 39
972 39
973 39
974 39
975 39
976 39
977 39
978 39
979 39
980 39
981 39
982 39
983 39
984 39
985 39
986 39
987 39
988 39
989 39
990 39
991 39
992 39
993 39
994 39
995 39
996 39
997 39
998 39
999 39
