0 0
1 0
2 0
3 0
4 0
5 0
6 0
7 0
8 0
9 0
10 0
11 0
12 0
13 0
14 0
15 0
16 0
17 0
18 0
19 0
20 0
21 0
22 0
23 0
24 0
25 0
26 0
27 0
28 0
29 0
30 0
31 0
32 0
33 0
34 0
35 0
36 0
37 0
38 0
39 0
40 0
41 0
42 0
43 0
44 0
45 0
46 0
47 0
48 0
49 0
50 0
51 0
52 0
53 0
54 0
55 0
56 0
57 0
58 0
59 0
60 0
61 0
62 0
63 0
64 0
65 0
66 0
67 0
68 0
69 0
70 0
71 0
72 0
73 0
74 0
75 0
76 0
77 0
78 0
79 0
80 0
81 0
82 0
83 1.4142135623730951
84 1.4142135623730951
85 2.0
86 2.0
87 2.0
88 2.0
89 2.0
90 2.0
91 2.0
92 2.0
93 2.0
94 2.0
95 2.0
96 2.0
97 2.0
98 2.0
99 2.0
100 2.0
101 2.0
102 2.0
103 2.0
104 2.0
105 2.0
106 2.0
107 2.0
108 2.0
109 2.0
110 2.0
111 2.0
112 2.0
113 2.0
114 2.0
115 2.0
116 2.0
117 2.0
118 2.0
119 2.0
120 2.0
121 2.0
122 2.0
123 2.0
124 2.0
125 2.0
126 2.0
127 2.0
128 2.0
129 2.0
130 2.0
131 2.0
132 2.0
133 2.0
134 2.0
135 2.0
136 2.0
137 2.0
138 2.0
139 2.0
140 2.0
141 2.0
142 2.0
143 2.0
144 2.0
145 2.0
146 2.0
147 2.0
148 2.0
149 2.0
150 2.0
151 2.0
152 2.0
153 2.0
154 2.0
155 2.0
156 2.0
157 2.0
158 2.0
159 2.0
160 2.0
161 2.0
162 2.0
163 2.0
164 2.0
165 2.23606797749979
166 2.23606797749979
167 2.23606797749979
168 2.23606797749979
169 2.23606797749979
170 2.23606797749979
171 2.23606797749979
172 2.23606797749979
173 2.23606797749979
174 2.23606797749979
175 2.23606797749979
176 2.23606797749979
177 2.23606797749979
178 2.23606797749979
179 2.23606797749979
180 2.23606797749979
181 2.23606797749979
182 2.23606797749979
183 2.23606797749979
184 2.23606797749979
185 2.23606797749979
186 2.23606797749979
187 2.23606797749979
188 2.23606797749979
189 2.23606797749979
190 2.23606797749979
191 2.23606797749979
192 2.23606797749979
193 2.23606797749979
194 2.23606797749979
195 2.23606797749979
196 2.23606797749979
197 2.23606797749979
198 2.23606797749979
199 2.23606797749979
200 2.23606797749979
201 2.23606797749979
202 2.23606797749979
203 2.23606797749979
204 2.23606797749979
205 2.23606797749979
206 2.23606797749979
207 2.23606797749979
208 2.23606797749979
209 2.23606797749979
210 2.23606797749979
211 2.23606797749979
212 2.23606797749979
213 2.23606797749979
214 2.23606797749979
215 2.23606797749979
216 2.23606797749979
217 2.23606797749979
218 2.23606797749979
219 2.23606797749979
220 2.23606797749979
221 2.23606797749979
222 2.23606797749979
223 2.23606797749979
224 2.23606797749979
225 2.23606797749979
226 2.23606797749979
227 2.23606797749979
228 2.23606797749979
229 2.23606797749979
230 2.23606797749979
231 2.23606797749979
232 2.23606797749979
233 2.23606797749979
234 2.23606797749979
235 2.23606797749979
236 2.23606797749979
237 2.23606797749979
238 2.23606797749979
239 2.23606797749979
240 2.23606797749979
241 2.23606797749979
242 3.605551275463989
243 3.605551275463989
244 3.605551275463989
245 4.123105625617661
246 4.123105625617661
247 4.123105625617661
248 4.123105625617661
249 4.123105625617661
250 4.123105625617661
251 4.123105625617661
252 4.123105625617661
253 4.123105625617661
254 4.123105625617661
255 4.123105625617661
256 4.123105625617661
257 4.123105625617661
258 4.123105625617661
259 4.123105625617661
260 4.123105625617661
261 4.123105625617661
262 4.242640687119285
263 4.242640687119285
264 4.242640687119285
265 4.242640687119285
266 4.242640687119285
267 4.242640687119285
268 4.242640687119285
269 4.242640687119285
270 4.242640687119285
271 4.242640687119285
272 4.242640687119285
273 5.0
274 5.0
275 5.0
276 5.0
277 5.0
278 5.0
279 5.0
280 5.0
281 5.0
282 5.0
283 5.0
284 5.0
285 5.0
286 5.0
287 5.0
288 5.0
289 5.0
290 5.0
291 5.0
292 5.0
293 5.0
294 5.0
295 5.0
296 5.0
297 5.0
298 5.0
299 5.0
300 5.0
301 5.0
302 5.0
303 5.0
304 5.0
305 5.0
306 5.0
307 5.0
308 5.0
309 5.0
310 5.0
311 5.0
312 5.0
313 6.082762530298219
314 6.082762530298219
315 6.082762530298219
316 6.082762530298219
317 6.082762530298219
318 6.082762530298219
319 6.082762530298219
320 6.082762530298219
321 6.082762530298219
322 6.082762530298219
323 6.082762530298219
324 6.082762530298219
325 6.082762530298219
326 6.082762530298219
327 6.082762530298219
328 6.082762530298219
329 6.082762530298219
330 6.082762530298219
331 6.082762530298219
332 6.082762530298219
333 6.082762530298219
334 6.082762530298219
335 6.082762530298219
336 6.082762530298219
337 6.082762530298219
338 6.082762530298219
339 6.082762530298219
340 6.082762530298219
341 6.082762530298219
342 6.082762530298219
343 6.082762530298219
344 6.082762530298219
345 6.082762530298219
346 6.324555320336759
347 6.324555320336759
348 6.324555320336759
349 6.324555320336759
350 7.0
351 7.0
352 7.0
353 7.0
354 7.0
355 7.0
356 7.0
357 7.0
358 7.0
359 7.0
360 7.0
361 7.0
362 7.0
363 7.0
364 7.0
365 7.0
366 7.0
367 7.0
368 7.0
369 7.0
370 7.0
371 7.0
372 7.0
373 7.0
374 7.0
375 7.0
376 7.0
377 7.0
378 7.0
379 7.0
380 7.0
381 7.0
382 7.0
383 7.0
384 7.0
385 7.0
386 7.0
387 7.0
388 7.0
389 7.0
390 7.0
391 7.0
392 7.0
393 7.0
394 7.0
395 7.0
396 7.0
397 7.0
398 7.0
399 7.0
400 8.06225774829855
401 8.06225774829855
402 8.06225774829855
403 8.06225774829855
404 8.06225774829855
405 8.06225774829855
406 8.06225774829855
407 8.06225774829855
408 8.06225774829855
409 8.06225774829855
410 8.06225774829855
411 8.06225774829855
412 8.06225774829855
413 8.06225774829855
414 8.06225774829855
415 8.06225774829855
416 8.06225774829855
417 8.06225774829855
418 8.06225774829855
419 8.06225774829855
420 8.06225774829855
421 8.06225774829855
422 8.06225774829855
423 8.06225774829855
424 8.06225774829855
425 8.06225774829855
426 8.06225774829855
427 8.06225774829855
428 8.06225774829855
429 8.06225774829855
430 8.06225774829855
431 8.06225774829855
432 8.06225774829855
433 8.06225774829855
434 8.06225774829855
435 8.06225774829855
436 8.06225774829855
437 8.06225774829855
438 8.06225774829855
439 8.06225774829855
440 8.06225774829855
441 8.06225774829855
442 8.06225774829855
443 8.06225774829855
444 8.06225774829855
445 8.06225774829855
446 8.06225774829855
447 8.06225774829855
448 8.06225774829855
449 8.06225774829855
450 8.06225774829855
451 8.06225774829855
452 8.06225774829855
453 8.06225774829855
454 8.06225774829855
455 8.06225774829855
456 8.06225774829855
457 8.06225774829855
458 8.06225774829855
459 8.06225774829855
460 8.06225774829855
461 8.06225774829855
462 8.06225774829855
463 8.06225774829855
464 8.06225774829855
465 8.06225774829855
466 8.06225774829855
467 8.06225774829855
468 8.06225774829855
469 8.06225774829855
470 8.06225774829855
471 8.06225774829855
472 8.06225774829855
473 8.06225774829855
474 8.06225774829855
475 8.06225774829855
476 8.06225774829855
477 8.06225774829855
478 8.06225774829855
479 8.06225774829855
480 8.06225774829855
481 8.06225774829855
482 8.06225774829855
483 8.06225774829855
484 8.06225774829855
485 8.06225774829855
486 8.06225774829855
487 8.06225774829855
488 8.06225774829855
489 8.06225774829855
490 8.06225774829855
491 8.06225774829855
492 8.06225774829855
493 8.06225774829855
494 8.06225774829855
495 8.06225774829855
496 8.06225774829855
497 8.06225774829855
498 8.06225774829855
499 8.06225774829855
500 8.06225774829855
501 8.06225774829855
502 8.06225774829855
503 8.06225774829855
504 8.06225774829855
505 8.06225774829855
506 8.06225774829855
507 8.06225774829855
508 8.06225774829855
509 8.06225774829855
510 8.06225774829855
511 8.06225774829855
512 8.06225774829855
513 8.06225774829855
514 8.06225774829855
515 8.06225774829855
516 8.06225774829855
517 8.06225774829855
518 8.06225774829855
519 8.06225774829855
520 8.06225774829855
521 8.06225774829855
522 8.06225774829855
523 8.06225774829855
524 8.06225774829855
525 8.06225774829855
526 8.06225774829855
527 8.06225774829855
528 8.06225774829855
529 8.06225774829855
530 8.06225774829855
531 8.06225774829855
532 8.06225774829855
533 8.06225774829855
534 8.06225774829855
535 8.06225774829855
536 8.06225774829855
537 8.06225774829855
538 8.06225774829855
539 8.06225774829855
540 8.06225774829855
541 8.06225774829855
542 8.06225774829855
543 8.246211251235321
544 8.246211251235321
545 8.246211251235321
546 8.246211251235321
547 8.246211251235321
548 8.246211251235321
549 8.246211251235321
550 8.246211251235321
551 8.246211251235321
552 8.246211251235321
553 9.219544457292887
554 9.219544457292887
555 10.44030650891055
556 10.44030650891055
557 10.44030650891055
558 10.44030650891055
559 10.44030650891055
560 10.44030650891055
561 10.770329614269007
562 10.770329614269007
563 11.180339887498949
564 11.180339887498949
565 11.180339887498949
566 11.180339887498949
567 11.180339887498949
568 11.180339887498949
569 11.180339887498949
570 11.180339887498949
571 11.180339887498949
572 11.180339887498949
573 11.180339887498949
574 11.180339887498949
575 11.180339887498949
576 11.180339887498949
577 11.180339887498949
578 11.180339887498949
579 11.180339887498949
580 11.180339887498949
581 11.180339887498949
582 11.180339887498949
583 11.180339887498949
584 11.180339887498949
585 11.180339887498949
586 11.180339887498949
587 11.180339887498949
588 11.180339887498949
589 11.180339887498949
590 11.180339887498949
591 11.180339887498949
592 11.180339887498949
593 11.180339887498949
594 11.180339887498949
595 11.180339887498949
596 11.180339887498949
597 11.180339887498949
598 11.180339887498949
599 11.180339887498949
600 11.180339887498949
601 11.180339887498949
602 11.180339887498949
603 11.180339887498949
604 11.180339887498949
605 11.180339887498949
606 11.180339887498949
607 11.180339887498949
608 11.180339887498949
609 11.180339887498949
610 11.180339887498949
611 11.180339887498949
612 11.180339887498949
613 11.180339887498949
614 11.180339887498949
615 11.180339887498949
616 11.180339887498949
617 11.180339887498949
618 11.180339887498949
619 11.180339887498949
620 11.180339887498949
621 11.180339887498949
622 11.180339887498949
623 11.180339887498949
624 11.180339887498949
625 11.180339887498949
626 11.180339887498949
627 11.180339887498949
628 11.180339887498949
629 11.180339887498949
630 11.180339887498949
631 11.180339887498949
632 11.180339887498949
633 11.180339887498949
634 11.180339887498949
635 11.180339887498949
636 11.180339887498949
637 11.180339887498949
638 11.180339887498949
639 11.180339887498949
640 11.180339887498949
641 11.180339887498949
642 11.180339887498949
643 11.180339887498949
644 11.180339887498949
645 11.180339887498949
646 11.180339887498949
647 11.180339887498949
648 11.180339887498949
649 11.180339887498949
650 11.180339887498949
651 11.180339887498949
652 11.180339887498949
653 11.180339887498949
654 11.180339887498949
655 11.180339887498949
656 11.180339887498949
657 11.180339887498949
658 11.180339887498949
659 11.180339887498949
660 11.180339887498949
661 11.180339887498949
662 11.180339887498949
663 11.180339887498949
664 11.180339887498949
665 11.180339887498949
666 11.180339887498949
667 11.180339887498949
668 11.180339887498949
669 11.180339887498949
670 11.180339887498949
671 11.180339887498949
672 11.180339887498949
673 11.180339887498949
674 11.180339887498949
675 11.180339887498949
676 11.180339887498949
677 11.180339887498949
678 11.180339887498949
679 11.180339887498949
680 11.180339887498949
681 11.180339887498949
682 11.180339887498949
683 11.180339887498949
684 11.180339887498949
685 11.180339887498949
686 11.180339887498949
687 11.180339887498949
688 11.180339887498949
689 11.180339887498949
690 11.180339887498949
691 11.180339887498949
692 11.180339887498949
693 11.180339887498949
694 11.180339887498949
695 11.180339887498949
696 11.180339887498949
697 11.180339887498949
698 11.180339887498949
699 11.180339887498949
700 11.180339887498949
701 11.180339887498949
702 11.180339887498949
703 11.180339887498949
704 11.180339887498949
705 11.180339887498949
706 11.180339887498949
707 11.180339887498949
708 11.180339887498949
709 11.180339887498949
710 11.180339887498949
711 11.180339887498949
712 11.180339887498949
713 11.180339887498949
714 11.180339887498949
715 11.180339887498949
716 11.180339887498949
717 11.180339887498949
718 11.180339887498949
719 11.180339887498949
720 11.180339887498949
721 11.180339887498949
722 11.180339887498949
723 11.180339887498949
724 11.180339887498949
725 11.180339887498949
726 11.180339887498949
727 11.180339887498949
728 11.180339887498949
729 11.180339887498949
730 11.180339887498949
731 11.180339887498949
732 11.180339887498949
733 11.180339887498949
734 11.180339887498949
735 11.180339887498949
736 11.180339887498949
737 11.180339887498949
738 11.180339887498949
739 11.180339887498949
740 11.180339887498949
741 11.180339887498949
742 11.180339887498949
743 11.180339887498949
744 11.180339887498949
745 11.180339887498949
746 11.180339887498949
747 11.180339887498949
748 11.180339887498949
749 11.180339887498949
750 11.180339887498949
751 11.180339887498949
752 11.180339887498949
753 11.180339887498949
754 11.180339887498949
755 11.180339887498949
756 11.180339887498949
757 11.180339887498949
758 11.180339887498949
759 11.180339887498949
760 11.180339887498949
761 11.180339887498949
762 11.180339887498949
763 11.180339887498949
764 11.180339887498949
765 11.180339887498949
766 11.180339887498949
767 11.180339887498949
768 11.180339887498949
769 11.180339887498949
770 11.180339887498949
771 11.180339887498949
772 11.180339887498949
773 11.180339887498949
774 11.180339887498949
775 11.180339887498949
776 11.180339887498949
777 11.180339887498949
778 11.180339887498949
779 11.180339887498949
780 11.180339887498949
781 11.180339887498949
782 11.180339887498949
783 11.180339887498949
784 11.180339887498949
785 11.180339887498949
786 11.180339887498949
787 11.180339887498949
788 11.180339887498949
789 11.180339887498949
790 12.083045973594572
791 12.083045973594572
792 12.083045973594572
793 12.083045973594572
794 12.083045973594572
795 12.083045973594572
796 12.083045973594572
797 12.083045973594572
798 12.083045973594572
799 12.083045973594572
800 12.083045973594572
801 12.083045973594572
802 12.083045973594572
803 12.083045973594572
804 12.083045973594572
805 12.083045973594572
806 12.083045973594572
807 12.083045973594572
808 12.083045973594572
809 12.083045973594572
810 12.083045973594572
811 12.083045973594572
812 12.083045973594572
813 12.083045973594572
814 12.083045973594572
815 12.083045973594572
816 12.083045973594572
817 12.083045973594572
818 12.083045973594572
819 12.083045973594572
820 12.083045973594572
821 12.083045973594572
822 12.083045973594572
823 12.083045973594572
824 12.083045973594572
825 12.083045973594572
826 12.083045973594572
827 12.083045973594572
828 12.083045973594572
829 12.083045973594572
830 12.083045973594572
831 12.083045973594572
832 12.083045973594572
833 12.083045973594572
834 12.083045973594572
835 12.083045973594572
836 12.083045973594572
837 12.083045973594572
838 12.083045973594572
839 12.083045973594572
840 12.083045973594572
841 12.083045973594572
842 12.083045973594572
843 12.083045973594572
844 12.083045973594572
845 12.083045973594572
846 12.083045973594572
847 12.083045973594572
848 12.083045973594572
849 12.083045973594572
850 12.083045973594572
851 12.083045973594572
852 12.083045973594572
853 12.083045973594572
854 12.083045973594572
855 12.083045973594572
856 12.083045973594572
857 12.083045973594572
858 12.083045973594572
859 12.083045973594572
860 12.083045973594572
861 12.083045973594572
862 12.083045973594572
863 12.083045973594572
864 12.083045973594572
865 12.083045973594572
866 12.083045973594572
867 12.083045973594572
868 12.083045973594572
869 13.416407864998739
870 13.416407864998739
871 13.416407864998739
872 13.416407864998739
873 13.416407864998739
874 13.416407864998739
875 13.416407864998739
876 13.416407864998739
877 13.416407864998739
878 13.416407864998739
879 13.416407864998739
880 13.416407864998739
881 13.416407864998739
882 13.416407864998739
883 13.416407864998739
884 13.416407864998739
885 13.416407864998739
886 13.416407864998739
887 13.416407864998739
888 13.416407864998739
889 13.416407864998739
890 13.416407864998739
891 13.416407864998739
892 13.416407864998739
893 13.416407864998739
894 13.416407864998739
895 13.416407864998739
896 13.416407864998739
897 13.416407864998739
898 13.416407864998739
899 13.416407864998739
900 13.416407864998739
901 13.416407864998739
902 13.416407864998739
903 13.416407864998739
904 13.416407864998739
905 13.416407864998739
906 13.416407864998739
907 13.416407864998739
908 13.416407864998739
909 13.416407864998739
910 13.416407864998739
911 13.416407864998739
912 13.416407864998739
913 13.416407864998739
914 13.416407864998739
915 13.416407864998739
916 13.416407864998739
917 13.416407864998739
918 13.416407864998739
919 13.416407864998739
920 13.416407864998739
921 13.416407864998739
922 13.416407864998739
923 13.416407864998739
924 13.416407864998739
925 13.416407864998739
926 13.416407864998739
927 13.416407864998739
928 13.416407864998739
929 13.416407864998739
930 13.416407864998739
931 13.416407864998739
932 13.416407864998739
933 13.416407864998739
934 13.416407864998739
935 13.416407864998739
936 13.416407864998739
937 13.416407864998739
938 13.416407864998739
939 13.416407864998739
940 13.416407864998739
941 13.416407864998739
942 13.416407864998739
943 13.416407864998739
944 13.416407864998739
945 13.416407864998739
946 13.416407864998739
947 13.416407864998739
948 13.416407864998739
949 13.416407864998739
950 13.416407864998739
951 13.416407864998739
952 13.416407864998739
953 13.416407864998739
954 13.416407864998739
955 13.416407864998739
956 13.416407864998739
957 13.416407864998739
958 13.416407864998739
959 13.416407864998739
960 13.416407864998739
961 13.416407864998739
962 13.416407864998739
963 13.416407864998739
964 13.416407864998739
965 13.416407864998739
966 13.416407864998739
967 13.416407864998739
968 13.416407864998739
969 13.416407864998739
970 13.416407864998739
971 13.416407864998739
972 13.416407864998739
973 13.416407864998739
974 13.416407864998739
975 13.416407864998739
976 13.416407864998739
977 13.416407864998739
978 13.416407864998739
979 13.416407864998739
980 13.416407864998739
981 13.416407864998739
982 13.416407864998739
983 13.416407864998739
984 13.416407864998739
985 13.416407864998739
986 13.416407864998739
987 13.416407864998739
988 13.416407864998739
989 13.416407864998739
990 13.416407864998739
991 14.7648230602334
992 14.7648230602334
993 14.7648230602334
994 14.7648230602334
995 14.7648230602334
996 14.7648230602334
997 14.7648230602334
998 14.7648230602334
999 14.7648230602334
1000 14.7648230602334
1001 14.7648230602334
1002 14.7648230602334
1003 14.7648230602334
1004 14.7648230602334
1005 14.7648230602334
1006 14.7648230602334
1007 14.7648230602334
1008 14.7648230602334
1009 14.7648230602334
1010 14.7648230602334
1011 14.7648230602334
1012 14.7648230602334
1013 14.7648230602334
1014 14.7648230602334
1015 14.7648230602334
1016 14.7648230602334
1017 14.7648230602334
1018 14.7648230602334
1019 14.7648230602334
1020 14.7648230602334
1021 14.7648230602334
1022 14.7648230602334
1023 14.7648230602334
1024 14.7648230602334
1025 14.7648230602334
1026 14.7648230602334
1027 14.7648230602334
1028 14.7648230602334
1029 14.7648230602334
1030 14.7648230602334
1031 14.7648230602334
1032 14.7648230602334
1033 14.7648230602334
1034 14.7648230602334
1035 14.7648230602334
1036 14.7648230602334
1037 14.7648230602334
1038 14.7648230602334
1039 14.7648230602334
1040 14.7648230602334
1041 14.7648230602334
1042 14.7648230602334
1043 14.7648230602334
1044 14.7648230602334
1045 15.524174696260024
1046 15.524174696260024
1047 15.524174696260024
1048 15.524174696260024
1049 16.1245154965971
1050 16.1245154965971
1051 16.1245154965971
1052 16.1245154965971
1053 16.1245154965971
1054 16.1245154965971
1055 16.1245154965971
1056 16.1245154965971
1057 16.1245154965971
1058 16.1245154965971
1059 16.1245154965971
1060 16.76305461424021
1061 16.76305461424021
1062 16.76305461424021
1063 16.76305461424021
1064 16.76305461424021
1065 16.76305461424021
1066 16.76305461424021
1067 16.76305461424021
1068 16.76305461424021
1069 16.76305461424021
1070 16.76305461424021
1071 16.76305461424021
1072 16.76305461424021
1073 16.76305461424021
1074 16.76305461424021
1075 16.76305461424021
1076 16.76305461424021
1077 16.76305461424021
1078 16.76305461424021
1079 16.76305461424021
1080 16.76305461424021
1081 16.76305461424021
1082 16.76305461424021
1083 16.76305461424021
1084 16.76305461424021
1085 16.76305461424021
1086 16.76305461424021
1087 16.76305461424021
1088 16.76305461424021
1089 17.26267650163207
1090 17.26267650163207
1091 17.26267650163207
1092 17.26267650163207
1093 17.26267650163207
1094 17.26267650163207
1095 17.26267650163207
1096 18.027756377319946
1097 18.027756377319946
1098 18.027756377319946
1099 18.027756377319946
1100 19.313207915827967
1101 19.313207915827967
1102 19.313207915827967
1103 19.313207915827967
1104 19.313207915827967
1105 19.313207915827967
1106 19.313207915827967
1107 19.313207915827967
1108 19.313207915827967
1109 19.313207915827967
1110 19.313207915827967
1111 19.313207915827967
1112 19.313207915827967
1113 19.313207915827967
1114 19.313207915827967
1115 19.313207915827967
1116 19.313207915827967
1117 19.313207915827967
1118 19.313207915827967
1119 19.313207915827967
1120 19.313207915827967
1121 19.313207915827967
1122 19.313207915827967
1123 19.313207915827967
1124 19.313207915827967
1125 19.313207915827967
1126 19.313207915827967
1127 19.313207915827967
1128 19.313207915827967
1129 19.313207915827967
1130 19.313207915827967
1131 19.313207915827967
1132 19.313207915827967
1133 19.313207915827967
1134 19.313207915827967
1135 19.313207915827967
1136 19.313207915827967
1137 19.313207915827967
1138 19.313207915827967
1139 19.313207915827967
1140 19.313207915827967
1141 19.313207915827967
1142 19.313207915827967
1143 19.313207915827967
1144 19.313207915827967
1145 19.313207915827967
1146 19.313207915827967
1147 19.313207915827967
1148 19.313207915827967
1149 19.313207915827967
1150 19.313207915827967
1151 19.313207915827967
1152 19.313207915827967
1153 19.313207915827967
1154 19.313207915827967
1155 19.313207915827967
1156 19.313207915827967
1157 19.313207915827967
1158 19.313207915827967
1159 19.313207915827967
1160 19.313207915827967
1161 19.313207915827967
1162 19.313207915827967
1163 19.313207915827967
1164 19.313207915827967
1165 19.313207915827967
1166 19.313207915827967
1167 19.313207915827967
1168 19.313207915827967
1169 19.313207915827967
1170 19.313207915827967
1171 19.313207915827967
1172 19.313207915827967
1173 19.313207915827967
1174 19.313207915827967
1175 19.313207915827967
1176 19.313207915827967
1177 19.313207915827967
1178 19.313207915827967
1179 19.313207915827967
1180 19.313207915827967
1181 19.313207915827967
1182 19.313207915827967
1183 19.313207915827967
1184 19.313207915827967
1185 19.313207915827967
1186 19.313207915827967
1187 19.313207915827967
1188 19.313207915827967
1189 19.313207915827967
1190 19.313207915827967
1191 19.313207915827967
1192 19.313207915827967
1193 19.313207915827967
1194 19.313207915827967
1195 19.313207915827967
1196 19.313207915827967
1197 19.313207915827967
1198 19.313207915827967
1199 19.313207915827967
1200 19.313207915827967
1201 19.313207915827967
1202 19.313207915827967
1203 20.12461179749811
1204 20.12461179749811
1205 20.12461179749811
1206 20.12461179749811
1207 20.12461179749811
1208 20.12461179749811
1209 20.12461179749811
1210 20.12461179749811
1211 20.12461179749811
1212 20.12461179749811
1213 20.12461179749811
1214 20.12461179749811
1215 21.470910553583888
1216 21.470910553583888
1217 21.470910553583888
1218 21.470910553583888
1219 21.470910553583888
1220 21.470910553583888
1221 21.470910553583888
1222 21.470910553583888
1223 21.470910553583888
1224 21.470910553583888
1225 21.470910553583888
1226 21.470910553583888
1227 21.470910553583888
1228 21.470910553583888
1229 21.470910553583888
1230 21.470910553583888
1231 21.470910553583888
1232 21.470910553583888
1233 21.470910553583888
1234 21.470910553583888
1235 21.470910553583888
1236 21.470910553583888
1237 21.470910553583888
1238 21.470910553583888
1239 21.470910553583888
1240 21.470910553583888
1241 21.470910553583888
1242 21.470910553583888
1243 21.470910553583888
1244 21.470910553583888
1245 21.470910553583888
1246 21.470910553583888
1247 21.470910553583888
1248 21.470910553583888
1249 21.470910553583888
1250 21.470910553583888
1251 21.470910553583888
1252 21.470910553583888
1253 21.470910553583888
1254 21.470910553583888
1255 21.470910553583888
1256 21.470910553583888
1257 21.470910553583888
1258 21.470910553583888
1259 21.470910553583888
1260 21.470910553583888
1261 21.470910553583888
1262 21.470910553583888
1263 21.470910553583888
1264 21.470910553583888
1265 21.470910553583888
1266 21.470910553583888
1267 21.470910553583888
1268 21.470910553583888
1269 22.825424421026653
1270 22.825424421026653
1271 22.825424421026653
1272 22.825424421026653
1273 22.825424421026653
1274 22.825424421026653
1275 22.825424421026653
1276 22.825424421026653
1277 22.825424421026653
1278 22.825424421026653
1279 22.825424421026653
1280 22.825424421026653
1281 22.825424421026653
1282 22.825424421026653
1283 22.825424421026653
1284 22.825424421026653
1285 22.825424421026653
1286 22.825424421026653
1287 22.825424421026653
1288 22.825424421026653
1289 22.825424421026653
1290 22.825424421026653
1291 22.825424421026653
1292 22.825424421026653
1293 22.825424421026653
1294 22.825424421026653
1295 22.825424421026653
1296 22.825424421026653
1297 22.825424421026653
1298 22.825424421026653
1299 22.825424421026653
1300 22.825424421026653
1301 22.825424421026653
1302 22.825424421026653
1303 22.825424421026653
1304 22.825424421026653
1305 22.825424421026653
1306 22.825424421026653
1307 22.825424421026653
1308 22.825424421026653
1309 22.825424421026653
1310 22.825424421026653
1311 22.825424421026653
1312 22.825424421026653
1313 22.825424421026653
1314 22.825424421026653
1315 22.825424421026653
1316 22.825424421026653
1317 22.825424421026653
1318 22.825424421026653
1319 22.825424421026653
1320 22.825424421026653
1321 22.825424421026653
1322 22.825424421026653
1323 22.825424421026653
1324 22.825424421026653
1325 22.825424421026653
1326 22.825424421026653
1327 22.825424421026653
1328 22.825424421026653
1329 22.825424421026653
1330 22.825424421026653
1331 22.825424421026653
1332 22.825424421026653
1333 22.825424421026653
1334 22.825424421026653
1335 22.825424421026653
1336 22.825424421026653
1337 22.825424421026653
1338 22.825424421026653
1339 22.825424421026653
1340 22.825424421026653
1341 22.825424421026653
1342 22.825424421026653
1343 22.825424421026653
1344 22.825424421026653
1345 22.825424421026653
1346 22.825424421026653
1347 22.825424421026653
1348 22.825424421026653
1349 22.825424421026653
1350 22.825424421026653
1351 22.825424421026653
1352 22.825424421026653
1353 22.825424421026653
1354 22.825424421026653
1355 22.825424421026653
1356 22.825424421026653
1357 22.825424421026653
1358 22.825424421026653
1359 22.825424421026653
1360 22.825424421026653
1361 22.825424421026653
1362 22.825424421026653
1363 22.825424421026653
1364 22.825424421026653
1365 22.825424421026653
1366 22.825424421026653
1367 22.825424421026653
1368 22.825424421026653
1369 22.825424421026653
1370 22.825424421026653
1371 22.825424421026653
1372 22.825424421026653
1373 22.825424421026653
1374 22.825424421026653
1375 22.825424421026653
1376 22.825424421026653
1377 22.825424421026653
1378 22.825424421026653
1379 22.825424421026653
1380 22.825424421026653
1381 22.825424421026653
1382 22.825424421026653
1383 22.825424421026653
1384 22.825424421026653
1385 22.825424421026653
1386 22.825424421026653
1387 22.825424421026653
1388 22.825424421026653
1389 22.825424421026653
1390 22.825424421026653
1391 22.825424421026653
1392 22.825424421026653
1393 22.825424421026653
1394 22.825424421026653
1395 22.825424421026653
1396 22.825424421026653
1397 22.825424421026653
1398 22.825424421026653
1399 22.825424421026653
1400 22.825424421026653
1401 22.825424421026653
1402 22.825424421026653
1403 22.825424421026653
1404 25.059928172283335
1405 25.059928172283335
1406 25.059928172283335
1407 26.419689627245813
1408 26.419689627245813
1409 26.419689627245813
1410 26.419689627245813
1411 26.419689627245813
1412 26.419689627245813
1413 26.419689627245813
1414 26.419689627245813
1415 26.419689627245813
1416 26.419689627245813
1417 26.419689627245813
1418 26.419689627245813
1419 26.419689627245813
1420 26.419689627245813
1421 26.419689627245813
1422 26.419689627245813
1423 26.419689627245813
1424 26.419689627245813
1425 26.419689627245813
1426 26.419689627245813
1427 26.419689627245813
1428 26.419689627245813
1429 26.419689627245813
1430 26.419689627245813
1431 26.419689627245813
1432 26.419689627245813
1433 26.419689627245813
1434 26.419689627245813
1435 26.419689627245813
1436 26.419689627245813
1437 26.419689627245813
1438 26.419689627245813
1439 26.419689627245813
1440 26.419689627245813
1441 26.419689627245813
1442 26.419689627245813
1443 26.419689627245813
1444 26.419689627245813
1445 26.419689627245813
1446 26.419689627245813
1447 27.459060435491963
1448 27.459060435491963
1449 27.459060435491963
1450 27.459060435491963
1451 27.459060435491963
1452 27.459060435491963
1453 27.459060435491963
1454 27.459060435491963
1455 27.459060435491963
1456 27.459060435491963
1457 27.459060435491963
1458 27.459060435491963
1459 27.459060435491963
1460 27.459060435491963
1461 27.459060435491963
1462 27.459060435491963
1463 27.459060435491963
1464 27.459060435491963
1465 27.459060435491963
1466 27.459060435491963
1467 27.459060435491963
1468 27.459060435491963
1469 27.459060435491963
1470 27.459060435491963
1471 27.459060435491963
1472 27.459060435491963
1473 27.459060435491963
1474 27.459060435491963
1475 27.459060435491963
1476 27.459060435491963
1477 27.459060435491963
1478 27.459060435491963
1479 27.459060435491963
1480 27.459060435491963
1481 27.459060435491963
1482 27.459060435491963
1483 27.459060435491963
1484 27.459060435491963
1485 27.459060435491963
1486 27.459060435491963
1487 27.459060435491963
1488 27.459060435491963
1489 27.459060435491963
1490 27.459060435491963
1491 27.459060435491963
1492 27.459060435491963
1493 27.459060435491963
1494 27.459060435491963
1495 27.459060435491963
1496 27.459060435491963
1497 27.459060435491963
1498 27.459060435491963
1499 27.459060435491963
1500 27.459060435491963
1501 27.459060435491963
1502 27.459060435491963
1503 27.459060435491963
1504 27.459060435491963
1505 27.459060435491963
1506 27.459060435491963
1507 27.459060435491963
1508 27.459060435491963
1509 27.459060435491963
1510 28.844410203711913
1511 28.844410203711913
1512 28.844410203711913
1513 28.844410203711913
1514 28.844410203711913
1515 28.844410203711913
1516 28.844410203711913
1517 28.844410203711913
1518 28.844410203711913
1519 28.844410203711913
1520 28.844410203711913
1521 28.844410203711913
1522 28.844410203711913
1523 28.844410203711913
1524 28.844410203711913
1525 28.844410203711913
1526 28.844410203711913
1527 28.844410203711913
1528 28.844410203711913
1529 28.844410203711913
1530 28.844410203711913
1531 28.844410203711913
1532 28.844410203711913
1533 28.844410203711913
1534 28.844410203711913
1535 28.844410203711913
1536 28.844410203711913
1537 28.844410203711913
1538 28.844410203711913
1539 28.844410203711913
1540 28.844410203711913
1541 28.844410203711913
1542 28.844410203711913
1543 28.844410203711913
1544 28.844410203711913
1545 28.844410203711913
1546 28.844410203711913
1547 28.844410203711913
1548 28.844410203711913
1549 28.844410203711913
1550 28.844410203711913
1551 28.844410203711913
1552 28.844410203711913
1553 28.844410203711913
1554 28.844410203711913
1555 28.844410203711913
1556 28.844410203711913
1557 28.844410203711913
1558 28.844410203711913
1559 28.844410203711913
1560 28.844410203711913
1561 28.844410203711913
1562 28.844410203711913
1563 28.844410203711913
1564 28.844410203711913
1565 28.844410203711913
1566 29.410882339705484
1567 29.410882339705484
1568 29.410882339705484
1569 29.410882339705484
1570 29.410882339705484
1571 29.410882339705484
1572 29.410882339705484
1573 29.410882339705484
1574 29.410882339705484
1575 29.410882339705484
1576 29.410882339705484
1577 29.410882339705484
1578 29.410882339705484
1579 29.410882339705484
1580 29.410882339705484
1581 29.410882339705484
1582 29.410882339705484
1583 29.410882339705484
1584 29.410882339705484
1585 29.410882339705484
1586 29.410882339705484
1587 29.410882339705484
1588 29.410882339705484
1589 29.410882339705484
1590 29.410882339705484
1591 29.410882339705484
1592 29.410882339705484
1593 30.23243291566195
1594 30.23243291566195
1595 30.23243291566195
1596 30.23243291566195
1597 30.23243291566195
1598 30.23243291566195
1599 30.23243291566195
1600 30.23243291566195
1601 30.23243291566195
1602 30.23243291566195
1603 30.23243291566195
1604 30.23243291566195
1605 30.23243291566195
1606 30.23243291566195
1607 30.805843601498726
1608 30.805843601498726
1609 30.805843601498726
1610 30.805843601498726
1611 30.805843601498726
1612 30.805843601498726
1613 30.805843601498726
1614 30.805843601498726
1615 30.805843601498726
1616 30.805843601498726
1617 30.805843601498726
1618 30.805843601498726
1619 30.805843601498726
1620 30.805843601498726
1621 30.805843601498726
1622 30.805843601498726
1623 30.805843601498726
1624 30.805843601498726
1625 30.805843601498726
1626 30.805843601498726
1627 30.805843601498726
1628 30.805843601498726
1629 30.805843601498726
1630 30.805843601498726
1631 30.805843601498726
1632 30.805843601498726
1633 30.805843601498726
1634 30.805843601498726
1635 30.805843601498726
1636 30.805843601498726
1637 30.805843601498726
1638 30.805843601498726
1639 30.805843601498726
1640 30.805843601498726
1641 30.805843601498726
1642 30.805843601498726
1643 30.805843601498726
1644 30.805843601498726
1645 30.805843601498726
1646 30.805843601498726
1647 30.805843601498726
1648 30.805843601498726
1649 30.805843601498726
1650 30.805843601498726
1651 30.805843601498726
1652 30.805843601498726
1653 30.805843601498726
1654 30.805843601498726
1655 30.805843601498726
1656 30.805843601498726
1657 30.805843601498726
1658 30.805843601498726
1659 30.805843601498726
1660 30.805843601498726
1661 30.805843601498726
1662 30.805843601498726
1663 30.805843601498726
1664 30.805843601498726
1665 30.805843601498726
1666 30.805843601498726
1667 30.805843601498726
1668 30.805843601498726
1669 30.805843601498726
1670 30.805843601498726
1671 30.805843601498726
1672 30.805843601498726
1673 30.805843601498726
1674 30.805843601498726
1675 30.805843601498726
1676 30.805843601498726
1677 30.805843601498726
1678 30.805843601498726
1679 30.805843601498726
1680 30.805843601498726
1681 30.805843601498726
1682 30.805843601498726
1683 30.805843601498726
1684 30.805843601498726
1685 30.805843601498726
1686 30.805843601498726
1687 30.805843601498726
1688 30.805843601498726
1689 30.805843601498726
1690 30.805843601498726
1691 30.805843601498726
1692 30.805843601498726
1693 30.805843601498726
1694 30.805843601498726
1695 30.805843601498726
1696 30.805843601498726
1697 30.805843601498726
1698 30.805843601498726
1699 30.805843601498726
1700 30.805843601498726
1701 30.805843601498726
1702 30.805843601498726
1703 30.805843601498726
1704 30.805843601498726
1705 30.805843601498726
1706 30.805843601498726
1707 30.805843601498726
1708 30.805843601498726
1709 30.805843601498726
1710 30.805843601498726
1711 30.805843601498726
1712 30.805843601498726
1713 30.805843601498726
1714 30.805843601498726
1715 30.805843601498726
1716 30.805843601498726
1717 30.805843601498726
1718 30.805843601498726
1719 30.805843601498726
1720 30.805843601498726
1721 30.805843601498726
1722 30.805843601498726
1723 30.805843601498726
1724 30.805843601498726
1725 30.805843601498726
1726 30.805843601498726
1727 30.805843601498726
1728 30.805843601498726
1729 30.805843601498726
1730 31.144823004794873
1731 31.144823004794873
1732 31.144823004794873
1733 31.144823004794873
1734 31.144823004794873
1735 31.144823004794873
1736 31.144823004794873
1737 31.144823004794873
1738 31.144823004794873
1739 31.144823004794873
1740 31.144823004794873
1741 31.144823004794873
1742 31.144823004794873
1743 31.144823004794873
1744 31.144823004794873
1745 31.144823004794873
1746 31.144823004794873
1747 31.144823004794873
1748 31.144823004794873
1749 31.144823004794873
1750 31.144823004794873
1751 31.144823004794873
1752 32.55764119219941
1753 32.55764119219941
1754 32.55764119219941
1755 32.55764119219941
1756 32.55764119219941
1757 32.55764119219941
1758 32.55764119219941
1759 32.55764119219941
1760 32.55764119219941
1761 32.55764119219941
1762 32.55764119219941
1763 32.55764119219941
1764 32.55764119219941
1765 32.55764119219941
1766 32.55764119219941
1767 32.55764119219941
1768 32.55764119219941
1769 32.55764119219941
1770 32.55764119219941
1771 32.64965543462902
1772 32.64965543462902
1773 32.64965543462902
1774 32.64965543462902
1775 32.64965543462902
1776 32.64965543462902
1777 32.64965543462902
1778 32.64965543462902
1779 32.64965543462902
1780 32.64965543462902
1781 32.64965543462902
1782 32.64965543462902
1783 32.64965543462902
1784 32.64965543462902
1785 32.64965543462902
1786 32.64965543462902
1787 32.64965543462902
1788 32.64965543462902
1789 32.64965543462902
1790 32.64965543462902
1791 32.64965543462902
1792 32.64965543462902
1793 32.64965543462902
1794 32.64965543462902
1795 32.64965543462902
1796 32.64965543462902
1797 32.64965543462902
1798 32.64965543462902
1799 32.64965543462902
1800 32.64965543462902
1801 32.64965543462902
1802 32.64965543462902
1803 32.64965543462902
1804 32.64965543462902
1805 32.64965543462902
1806 32.64965543462902
1807 32.64965543462902
1808 32.64965543462902
1809 32.64965543462902
1810 32.64965543462902
1811 32.64965543462902
1812 32.64965543462902
1813 32.64965543462902
1814 32.64965543462902
1815 32.64965543462902
1816 32.64965543462902
1817 32.64965543462902
1818 32.64965543462902
1819 32.64965543462902
1820 32.64965543462902
1821 32.64965543462902
1822 32.64965543462902
1823 32.64965543462902
1824 32.64965543462902
1825 32.64965543462902
1826 32.64965543462902
1827 32.64965543462902
1828 32.64965543462902
1829 32.64965543462902
1830 32.64965543462902
1831 32.64965543462902
1832 32.64965543462902
1833 32.64965543462902
1834 32.64965543462902
1835 32.64965543462902
1836 32.64965543462902
1837 32.64965543462902
1838 32.64965543462902
1839 32.64965543462902
1840 32.64965543462902
1841 32.64965543462902
1842 32.64965543462902
1843 32.64965543462902
1844 32.64965543462902
1845 32.802438933713454
1846 32.802438933713454
1847 32.802438933713454
1848 32.802438933713454
1849 32.802438933713454
1850 32.802438933713454
1851 32.802438933713454
1852 32.802438933713454
1853 32.802438933713454
1854 32.802438933713454
1855 32.802438933713454
1856 32.802438933713454
1857 32.802438933713454
1858 32.802438933713454
1859 32.802438933713454
1860 32.802438933713454
1861 32.802438933713454
1862 32.802438933713454
1863 32.802438933713454
1864 32.802438933713454
1865 32.802438933713454
1866 32.802438933713454
1867 32.802438933713454
1868 32.802438933713454
1869 32.802438933713454
1870 32.802438933713454
1871 32.802438933713454
1872 32.802438933713454
1873 32.802438933713454
1874 32.802438933713454
1875 32.802438933713454
1876 32.802438933713454
1877 32.802438933713454
1878 32.802438933713454
1879 32.802438933713454
1880 32.802438933713454
1881 32.802438933713454
1882 32.802438933713454
1883 32.802438933713454
1884 32.802438933713454
1885 32.802438933713454
1886 32.802438933713454
1887 32.802438933713454
1888 33.015148038438355
1889 33.015148038438355
1890 33.015148038438355
1891 33.015148038438355
1892 33.015148038438355
1893 33.015148038438355
1894 33.015148038438355
1895 33.015148038438355
1896 33.015148038438355
1897 33.015148038438355
1898 34.058772731852805
1899 34.058772731852805
1900 34.058772731852805
1901 34.058772731852805
1902 34.058772731852805
1903 34.058772731852805
1904 34.058772731852805
1905 34.058772731852805
1906 34.058772731852805
1907 34.058772731852805
1908 34.058772731852805
1909 34.058772731852805
1910 34.058772731852805
1911 34.058772731852805
1912 34.058772731852805
1913 34.058772731852805
1914 34.058772731852805
1915 34.058772731852805
1916 34.058772731852805
1917 34.058772731852805
1918 34.058772731852805
1919 34.058772731852805
1920 34.058772731852805
1921 34.058772731852805
1922 34.058772731852805
1923 34.058772731852805
1924 34.058772731852805
1925 34.058772731852805
1926 34.058772731852805
1927 34.058772731852805
1928 34.058772731852805
1929 34.058772731852805
1930 34.058772731852805
1931 34.058772731852805
1932 34.058772731852805
1933 34.058772731852805
1934 34.058772731852805
1935 34.058772731852805
1936 34.058772731852805
1937 34.058772731852805
1938 34.058772731852805
1939 34.058772731852805
1940 34.058772731852805
1941 34.058772731852805
1942 34.058772731852805
1943 34.40930106817051
1944 34.40930106817051
1945 34.40930106817051
1946 34.40930106817051
1947 35.0
1948 35.0
1949 35.0
1950 35.0
1951 35.0
1952 35.0
1953 35.0
1954 35.4682957019364
1955 35.4682957019364
1956 35.4682957019364
1957 35.4682957019364
1958 35.4682957019364
1959 35.4682957019364
1960 35.4682957019364
1961 35.4682957019364
1962 35.4682957019364
1963 35.4682957019364
1964 35.4682957019364
1965 35.4682957019364
1966 35.4682957019364
1967 35.4682957019364
1968 35.4682957019364
1969 35.4682957019364
1970 35.4682957019364
1971 35.4682957019364
1972 35.4682957019364
1973 35.4682957019364
1974 35.4682957019364
1975 35.4682957019364
1976 35.4682957019364
1977 35.4682957019364
1978 35.4682957019364
1979 35.4682957019364
1980 35.4682957019364
1981 35.4682957019364
1982 35.4682957019364
1983 35.4682957019364
1984 35.4682957019364
1985 35.4682957019364
1986 35.4682957019364
1987 36.124783736376884
1988 36.124783736376884
1989 36.124783736376884
1990 36.124783736376884
1991 36.124783736376884
1992 36.124783736376884
1993 36.124783736376884
1994 36.124783736376884
1995 36.124783736376884
1996 36.124783736376884
1997 36.124783736376884
1998 36.124783736376884
1999 36.124783736376884
2000 36.124783736376884
2001 36.124783736376884
2002 36.124783736376884
2003 36.124783736376884
2004 36.124783736376884
2005 36.124783736376884
2006 36.124783736376884
2007 36.124783736376884
2008 36.124783736376884
2009 36.124783736376884
2010 36.124783736376884
2011 36.124783736376884
2012 36.124783736376884
2013 36.124783736376884
2014 36.359317925395686
2015 36.359317925395686
2016 36.359317925395686
2017 36.359317925395686
2018 36.359317925395686
2019 36.359317925395686
2020 36.359317925395686
2021 37.73592452822641
2022 37.73592452822641
2023 37.73592452822641
2024 37.73592452822641
2025 37.73592452822641
2026 37.73592452822641
2027 37.73592452822641
2028 37.73592452822641
2029 37.73592452822641
2030 37.73592452822641
2031 37.73592452822641
2032 37.73592452822641
2033 37.73592452822641
2034 37.73592452822641
2035 37.73592452822641
2036 37.73592452822641
2037 37.73592452822641
2038 38.600518131237564
2039 38.600518131237564
2040 38.600518131237564
2041 39.20459156782532
2042 39.20459156782532
2043 39.20459156782532
2044 39.20459156782532
2045 39.20459156782532
2046 39.20459156782532
2047 39.20459156782532
2048 39.20459156782532
2049 39.20459156782532
2050 39.20459156782532
2051 39.20459156782532
2052 39.20459156782532
2053 39.20459156782532
2054 39.20459156782532
2055 39.20459156782532
2056 39.20459156782532
2057 39.20459156782532
2058 39.20459156782532
2059 39.20459156782532
2060 39.20459156782532
2061 39.20459156782532
2062 39.20459156782532
2063 39.20459156782532
2064 39.20459156782532
2065 40.36087214122113
2066 40.607881008493905
2067 40.607881008493905
2068 40.607881008493905
2069 40.607881008493905
2070 40.607881008493905
2071 40.607881008493905
2072 40.607881008493905
2073 40.607881008493905
2074 40.607881008493905
2075 40.607881008493905
2076 40.607881008493905
2077 40.607881008493905
2078 40.607881008493905
2079 40.607881008493905
2080 40.607881008493905
