0.867566 0.867566
0.734264 0.734264
0.467795 0.467795
0.935121 0.935122
0.869308 0.869308
0.737746 0.737747
0.474754 0.474756
0.949034 0.949037
0.897119 0.897124
0.793341 0.793352
0.585889 0.58591
0.171193 0.171234
0.342215 0.342296
0.684088 0.684251
0.367492 0.367817
0.734616 0.735266
0.468497 0.469796
0.936525 0.939123
0.872113 0.877306
0.743353 0.753735
0.485964 0.506716
0.971441 0.0129254
0.941911 0.0258379
0.88288 0.0516499
0.764878 0.103248
0.528991 0.206393
0.0574533 0.412579
0.114849 0.824746
0.229583 0.648668
0.458937 0.296687
0.917416 0.593078
0.833914 0.185563
0.666993 0.370941
0.33332 0.741512
0.666307 0.482282
0.331947 0.964082
0.663562 0.9272
0.32646 0.853473
0.652594 0.706093
0.304535 0.41148
0.608766 0.822548
0.216922 0.644274
0.433628 0.287904
0.866821 0.57552
0.732776 0.150464
0.464819 0.300778
0.929174 0.601254
0.857419 0.201908
0.713981 0.403613
0.427247 0.806823
0.854067 0.612839
0.707281 0.225065
0.413854 0.449905
0.827294 0.899359
0.65376 0.79782
0.306867 0.594841
0.613427 0.189088
0.22624 0.377986
0.452254 0.755594
0.904056 0.510433
0.807208 0.020356
0.613608 0.0406916
0.226603 0.0813425
0.45298 0.162604
0.905507 0.325045
0.810108 0.649764
0.619406 0.298879
0.238193 0.597458
0.476148 0.194319
0.95182 0.388444
0.902688 0.7765
0.804473 0.552224
0.608142 0.103896
0.215675 0.207689
0.431135 0.41517
0.861838 0.829924
0.722815 0.659019
0.444906 0.317379
0.889368 0.63444
0.777846 0.268246
0.554915 0.536223
0.109274 0.0719103
0.218439 0.143749
0.43666 0.287354
0.872884 0.57442
0.744894 0.148266
0.489044 0.296383
0.977599 0.592469
0.95422 0.184346
0.907486 0.368507
0.814064 0.736646
0.627313 0.472556
0.253999 0.944639
0.507744 0.888333
0.0149794 0.775778
0.0299438 0.55078
0.0598577 0.10101
0.119656 0.201918
0.239191 0.403635
0.478144 0.806866
0.955809 0.612926
0.910662 0.225238
0.820414 0.450252
0.640008 0.900053
0.279376 0.799206
0.558474 0.597613
0.116389 0.194629
0.232661 0.389064
0.465089 0.777738
0.929713 0.554699
0.858497 0.108844
0.716135 0.217578
0.431553 0.434939
0.862675 0.869443
0.724488 0.738017
0.448251 0.475295
0.896055 0.950116
0.791213 0.899281
0.581635 0.797663
0.162689 0.594527
0.325216 0.18846
0.650106 0.376732
0.299563 0.753087
0.598826 0.505421
0.197053 0.0103365
0.393909 0.0206627
0.787424 0.0413047
0.57406 0.082568
0.147545 0.165054
0.294943 0.329942
0.589591 0.659554
0.178592 0.318449
0.357005 0.636579
0.713654 0.272521
0.426593 0.544769
0.85276 0.0889926
0.704668 0.177896
0.40863 0.355614
0.816852 0.710873
0.632888 0.421035
0.265143 0.84165
0.53002 0.682458
0.0595099 0.364234
0.11896 0.728103
0.237802 0.455478
0.475365 0.9105
0.950255 0.82009
0.89956 0.639359
0.798221 0.278079
0.595644 0.55588
0.190693 0.111204
0.381196 0.222297
0.76201 0.444372
0.523258 0.8883
0.0459931 0.775712
0.0919402 0.550648
0.183788 0.100746
0.367393 0.20139
0.734419 0.402579
0.468103 0.804756
0.935739 0.608708
0.870542 0.216807
0.740213 0.433396
0.479685 0.866359
0.95889 0.731852
0.916822 0.462972
0.832727 0.925481
0.664621 0.850037
0.328578 0.699225
0.656828 0.39775
0.312999 0.795103
0.625685 0.589411
0.250745 0.178233
0.501238 0.356287
0.00197576 0.712218
0.00394954 0.423723
0.00789514 0.847023
0.0157824 0.693198
0.031549 0.385703
0.0630664 0.771021
0.12607 0.541271
0.252013 0.0820004
0.503775 0.163919
0.00704587 0.327674
0.0140847 0.655019
0.0281553 0.309384
0.0562824 0.618458
0.112509 0.236297
0.224905 0.472358
0.449585 0.944244
0.898719 0.887545
0.79654 0.774202
0.592284 0.547629
0.183975 0.0947103
0.367766 0.189326
0.735165 0.378462
0.469595 0.756546
0.93872 0.512336
0.876501 0.0241605
0.752125 0.0482969
0.503498 0.0965455
0.00649274 0.192994
0.012979 0.385796
0.025945 0.771206
0.051864 0.541641
0.103676 0.0827396
0.207249 0.165396
0.41429 0.330627
0.828166 0.660924
0.655504 0.321188
0.310353 0.642054
0.620395 0.283466
0.24017 0.566649
0.4801 0.132731
0.959721 0.265328
0.918481 0.530392
0.836044 0.0602528
0.671253 0.120445
0.341834 0.24077
0.683326 0.4813
0.365968 0.962118
0.731571 0.923275
0.46241 0.845626
0.924358 0.690407
0.847792 0.380123
0.694737 0.759867
0.388779 0.518973
0.777169 0.0374277
0.553561 0.074818
0.106569 0.149561
0.213031 0.298973
0.425849 0.597647
0.851271 0.194696
0.701691 0.389197
0.402681 0.778005
0.804958 0.555232
0.609112 0.109909
0.217614 0.219709
0.435011 0.439198
0.869587 0.877958
0.738305 0.755037
0.475872 0.509319
0.951269 0.0181289
0.901586 0.0362396
0.80227 0.0724429
0.603738 0.144813
0.206872 0.289482
0.413537 0.578674
0.826661 0.15677
0.652496 0.313383
0.304339 0.626453
0.608374 0.252281
0.21614 0.504309
0.432064 0.00811319
0.863695 0.0162183
0.726526 0.0324203
0.452326 0.0648082
0.9042 0.129552
0.807496 0.258974
0.614185 0.517688
0.227756 0.0348592
0.455284 0.0696835
0.910113 0.139297
0.819315 0.278455
0.637811 0.556632
0.274984 0.112708
0.549692 0.225304
0.098835 0.450382
0.197571 0.900314
0.394945 0.799728
0.789495 0.598656
0.5782 0.196713
0.155822 0.393229
0.311488 0.786065
0.622664 0.571343
0.244705 0.142115
0.489165 0.284088
0.97784 0.567892
0.954703 0.135216
0.908451 0.270297
0.815993 0.540324
0.63117 0.0801085
0.26171 0.160137
0.523158 0.320114
0.0457924 0.639908
0.0915391 0.279175
0.182987 0.558071
0.36579 0.115584
0.731215 0.231053
0.461698 0.461874
0.922935 0.923287
0.844946 0.84565
0.689047 0.690455
0.377405 0.38022
0.754433 0.76006
0.508112 0.519359
0.0157167 0.0381989
0.0314177 0.0763595
0.062804 0.152643
0.125545 0.305133
0.250965 0.60996
0.501679 0.219311
0.00285534 0.438403
0.00570782 0.876367
0.0114099 0.751857
0.0228085 0.502963
0.0455941 0.00542244
0.0911426 0.0108394
0.182194 0.0216681
0.364206 0.0433145
0.728048 0.0865856
0.455368 0.173085
0.91028 0.345996
0.81965 0.691646
0.638481 0.382601
0.276323 0.764819
0.55237 0.528873
0.104187 0.0572168
0.208269 0.114376
0.41633 0.228638
0.832244 0.457048
0.663656 0.913639
0.326649 0.826364
0.65297 0.651902
0.305288 0.303151
0.61027 0.606
0.21993 0.211393
0.439641 0.422575
0.878842 0.844728
0.756805 0.688611
0.512852 0.376534
0.0251917 0.752691
0.0503583 0.504629
0.100666 0.00875306
0.201232 0.0174974
0.402262 0.0349772
0.804122 0.0699195
0.60744 0.139769
0.214273 0.279398
0.428331 0.558517
0.856235 0.116476
0.711613 0.232835
0.422514 0.465437
0.844605 0.930409
0.688366 0.859887
0.376044 0.718914
0.751713 0.437109
0.502673 0.873781
0.00484432 0.746688
0.0096838 0.49263
0.0193579 0.984767
0.0386965 0.96855
0.0773542 0.936131
0.154631 0.871326
0.309108 0.741781
0.617906 0.48282
0.235194 0.965158
0.470153 0.92935
0.939836 0.857772
0.878733 0.714685
0.756587 0.428656
0.512418 0.856883
0.024324 0.71291
0.0486237 0.425107
0.0971987 0.849789
0.1943 0.698729
0.388406 0.396758
0.776424 0.79312
0.552071 0.585447
0.103591 0.170308
0.207078 0.340447
0.413949 0.680553
0.827483 0.360425
0.654139 0.720489
0.307624 0.440258
0.61494 0.880076
0.229265 0.759272
0.4583 0.517785
0.916142 0.0350525
0.831367 0.0700699
0.661903 0.14007
0.323144 0.279999
0.645964 0.559719
0.291283 0.118878
0.582274 0.237637
0.163966 0.475037
0.327767 0.949599
0.655207 0.898249
0.309759 0.795599
0.619209 0.590403
0.237798 0.180215
0.475358 0.360249
0.950241 0.720139
0.899531 0.439557
0.798163 0.878674
0.595529 0.75647
0.190462 0.512184
0.380733 0.0238549
0.761085 0.0476859
0.521409 0.0953241
0.0422956 0.190553
0.0845489 0.380915
0.169013 0.76145
0.337858 0.522138
0.675377 0.0437542
0.350079 0.0874647
0.699808 0.174842
0.398917 0.349509
0.797435 0.698668
0.594072 0.396638
0.187549 0.79288
0.374911 0.584966
0.749446 0.169347
0.498143 0.338525
0.995789 0.676712
0.990581 0.352747
0.980172 0.705142
0.959365 0.409578
0.91777 0.818746
0.834622 0.636674
0.668409 0.272711
0.336149 0.545149
0.671961 0.0897534
0.34325 0.179417
0.686157 0.358655
0.371629 0.716951
0.742886 0.433185
0.485029 0.865936
0.969572 0.731007
0.938175 0.461282
0.875412 0.922103
0.749948 0.843284
0.499146 0.685724
0.997793 0.370763
0.994588 0.741156
0.988181 0.48157
0.975373 0.962659
0.949771 0.924354
0.898593 0.847784
0.796287 0.694721
0.591777 0.388747
0.182963 0.777105
0.365742 0.553434
0.731119 0.106314
0.461507 0.212521
0.922552 0.42483
0.844181 0.849236
0.687519 0.697622
0.37435 0.394547
0.748325 0.7887
0.495902 0.576611
0.991309 0.152644
0.981626 0.305136
0.962271 0.609967
0.92358 0.219325
0.846236 0.438431
0.691625 0.876423
0.382559 0.751969
0.764735 0.503187
0.528705 0.00587059
0.0568813 0.0117353
0.113706 0.0234589
0.227298 0.0468943
0.454368 0.0937418
0.908282 0.18739
0.815656 0.374592
0.630496 0.74881
0.260362 0.496871
0.520463 0.993245
0.0404051 0.985497
0.0807699 0.970009
0.161459 0.939048
0.322757 0.877157
0.64519 0.753438
0.289736 0.506122
0.579181 0.0117375
0.157784 0.0234633
0.31541 0.0469031
0.630504 0.0937593
0.260377 0.187425
0.520494 0.374662
0.040468 0.74895
0.0808956 0.497151
0.16171 0.993805
0.323259 0.986617
0.646195 0.972247
0.291743 0.943523
0.583195 0.886102
0.165806 0.771317
0.331446 0.541863
0.662561 0.0831836
0.32446 0.166284
0.648596 0.332402
0.296543 0.664471
0.59279 0.328278
0.184988 0.656227
0.369791 0.311798
0.739212 0.623285
0.477684 0.245946
0.954891 0.491647
0.908827 0.982801
0.816745 0.96462
0.632674 0.928275
0.264716 0.855622
0.529167 0.710389
0.0578044 0.420067
0.115551 0.839714
0.230986 0.678589
0.461742 0.3565
0.923022 0.712643
0.845121 0.424574
0.689398 0.848723
0.378106 0.696598
0.755834 0.3925
0.510912 0.784607
0.0213122 0.568429
0.0426031 0.136289
0.0851637 0.272442
0.170242 0.544612
0.340314 0.0886794
0.680288 0.17727
0.359896 0.354363
0.719432 0.708371
0.438144 0.416034
0.87585 0.831652
0.750824 0.662473
0.500897 0.324283
0.00129271 0.648242
0.00258412 0.295835
0.00516566 0.591375
0.0103261 0.182158
0.020642 0.364134
0.0412633 0.727903
0.0824853 0.455078
0.164888 0.909702
0.329612 0.818493
0.658893 0.636168
0.317128 0.2717
0.633939 0.543129
0.267243 0.0857153
0.53422 0.171345
0.0679052 0.342518
0.135742 0.684694
0.271349 0.368703
0.542427 0.737038
0.0843117 0.473339
0.168539 0.946206
0.33691 0.891465
0.673483 0.782038
0.346292 0.563294
0.692238 0.126026
0.383783 0.251925
0.767183 0.503599
0.533599 0.00669357
0.0666637 0.0133804
0.133261 0.0267475
0.266388 0.0534682
0.53251 0.106883
0.0644881 0.213659
0.128912 0.427105
0.257695 0.853782
0.515132 0.706711
0.0297482 0.412714
0.0594667 0.825016
0.118874 0.649207
0.237629 0.297766
0.47502 0.595234
0.949566 0.189872
0.898182 0.379554
0.795466 0.758728
0.590136 0.516697
0.179682 0.0328774
0.359184 0.065722
0.718008 0.131378
0.435298 0.262625
0.870161 0.524988
0.739451 0.0494501
0.478162 0.0988508
0.955846 0.197603
0.910737 0.395008
0.820563 0.789621
0.640306 0.578453
0.279972 0.156327
0.559663 0.312497
0.118767 0.624681
0.237416 0.248738
0.474594 0.497227
0.948713 0.993956
0.896478 0.986918
0.792059 0.972849
0.583326 0.944725
0.166068 0.888506
0.331971 0.776123
0.66361 0.55147
0.326556 0.102388
0.652785 0.204674
0.304918 0.409143
0.609531 0.817876
0.218452 0.634934
0.436686 0.269233
0.872935 0.538197
0.744998 0.0758556
0.489251 0.151635
0.978013 0.303119
0.955048 0.605935
0.90914 0.211264
0.817372 0.422317
0.633926 0.844211
0.267218 0.687577
0.534168 0.374467
0.0678021 0.748559
0.135536 0.49637
0.270937 0.992243
0.541604 0.983494
0.0826662 0.966005
0.16525 0.931044
0.330334 0.861157
0.660338 0.721454
0.320016 0.442186
0.639712 0.88393
0.278784 0.766976
0.557288 0.533186
0.114019 0.0658384
0.227925 0.131611
0.455621 0.26309
0.910787 0.525918
0.820663 0.0513097
0.640505 0.102568
0.28037 0.205034
0.560459 0.409862
0.120358 0.819315
0.240596 0.63781
0.480951 0.274982
0.96142 0.54969
0.921879 0.09883
0.842836 0.197561
0.684828 0.394925
0.368972 0.789455
0.737575 0.578121
0.474412 0.155663
0.94835 0.31117
0.895752 0.62203
0.790609 0.243437
0.580427 0.486631
0.160274 0.972775
0.320388 0.944577
0.640456 0.88821
0.280272 0.775532
0.560265 0.550289
0.119969 0.100028
0.239818 0.199957
0.479396 0.399713
0.958312 0.799027
0.915665 0.597256
0.830415 0.193914
0.659999 0.387634
0.319338 0.77488
0.638357 0.548984
0.276076 0.0974198
0.551877 0.194742
0.103201 0.38929
0.2063 0.77819
0.412393 0.555602
0.824374 0.110648
0.647923 0.221185
0.295199 0.442149
0.590103 0.883856
0.179615 0.766827
0.359051 0.532888
0.717743 0.0652423
0.434768 0.130419
0.869102 0.260708
0.737334 0.521156
0.473931 0.0417901
0.947389 0.0835385
0.89383 0.166993
0.786766 0.33382
0.572744 0.667306
0.144916 0.333945
0.289687 0.667556
0.579085 0.334444
0.157591 0.668553
0.315024 0.336438
0.629734 0.67254
0.258837 0.344407
0.517416 0.68847
0.0343146 0.376251
0.0685949 0.752126
0.137121 0.503499
0.274105 0.00649485
0.547936 0.0129832
0.0953245 0.0259534
0.190554 0.0518809
0.380917 0.10371
0.761453 0.207316
0.522144 0.414425
0.0437651 0.828435
0.0874864 0.656041
0.174885 0.311427
0.349596 0.622542
0.698842 0.244462
0.396985 0.488679
0.793573 0.97687
0.586353 0.952763
0.172119 0.904573
0.344065 0.808242
0.687786 0.615676
0.374885 0.230735
0.749395 0.46124
0.49804 0.922019
0.995582 0.843115
0.990169 0.685387
0.979348 0.370089
0.957716 0.739808
0.914474 0.478877
0.828033 0.957274
0.655238 0.913591
0.309821 0.826269
0.619332 0.651712
0.238045 0.302773
0.475853 0.605243
0.95123 0.209881
0.901508 0.419552
0.802114 0.838685
0.603427 0.676532
0.20625 0.352388
0.412294 0.704423
0.824176 0.408142
0.647528 0.815875
0.294409 0.630935
0.588524 0.261238
0.176459 0.522216
0.352742 0.0439089
0.705132 0.0877739
0.409559 0.17546
0.818708 0.350744
0.636596 0.701138
0.272556 0.401575
0.54484 0.802749
0.089135 0.604696
0.178181 0.208786
0.356183 0.417364
0.712011 0.83431
0.423309 0.667786
0.846195 0.334905
0.691544 0.669475
0.382397 0.33828
0.764412 0.676221
0.52806 0.351767
0.055592 0.703182
0.111128 0.40566
0.222146 0.810914
0.44407 0.621017
0.887695 0.241413
0.774502 0.482585
0.54823 0.964688
0.0959127 0.928411
0.19173 0.855893
0.383267 0.710931
0.766151 0.421151
0.531536 0.841881
0.0625413 0.68292
0.12502 0.365157
0.249915 0.729949
0.499581 0.459169
0.998662 0.917879
0.996325 0.834839
0.991653 0.668844
0.982315 0.337018
0.963647 0.6737
0.926331 0.346726
0.851735 0.693105
0.702619 0.385517
0.404535 0.770649
0.808666 0.540527
0.616523 0.0805143
0.23243 0.160948
0.464628 0.321735
0.928792 0.643149
0.856655 0.285654
0.712453 0.571023
0.424193 0.141475
0.847961 0.282809
0.695074 0.565335
0.389453 0.130105
0.778516 0.260079
0.556254 0.519898
0.111951 0.039276
0.22379 0.0785126
0.447356 0.156947
0.894264 0.313737
0.787634 0.627159
0.574481 0.253692
0.148387 0.507129
0.296626 0.0137517
0.592955 0.0274897
0.185317 0.054952
0.37045 0.109849
0.740529 0.219588
0.480317 0.438957
0.960153 0.877474
0.919347 0.754071
0.837774 0.507387
0.67471 0.0142671
0.348745 0.0285198
0.697142 0.0570112
0.393586 0.113965
0.786779 0.227817
0.572771 0.455406
0.14497 0.910356
0.289795 0.819801
0.579301 0.638783
0.158023 0.276926
0.315888 0.553576
0.63146 0.106598
0.262288 0.213089
0.524313 0.425964
0.0481017 0.851503
0.0961552 0.702154
0.192214 0.403605
0.384236 0.806807
0.768088 0.612807
0.535409 0.225001
0.0702821 0.449777
0.140494 0.899105
0.280847 0.797311
0.561414 0.593825
0.122267 0.187056
0.244411 0.373924
0.488577 0.747474
0.976666 0.494201
0.952356 0.987908
0.903759 0.974828
0.806614 0.948682
0.612421 0.896414
0.224231 0.791932
0.448237 0.583073
0.896025 0.165562
0.791155 0.330959
0.581518 0.661586
0.162455 0.322511
0.324747 0.644699
0.649169 0.288752
0.297689 0.577216
0.595081 0.153855
0.189566 0.307556
0.378943 0.614805
0.757508 0.228996
0.514258 0.457762
0.0280009 0.915066
0.0559738 0.829218
0.111892 0.657606
0.223672 0.314555
0.447119 0.628795
0.893792 0.256961
0.78669 0.513666
0.572593 0.0268183
0.144613 0.0536099
0.289081 0.107166
0.577873 0.214225
0.155168 0.428236
0.31018 0.856044
0.62005 0.711232
0.23948 0.421752
0.478721 0.843082
0.956963 0.685321
0.91297 0.369957
0.825027 0.739545
0.649229 0.47835
0.297808 0.956222
0.595318 0.911488
0.190041 0.822065
0.379891 0.643308
0.759402 0.285972
0.518045 0.571659
0.0355717 0.142745
0.0711079 0.285348
0.142145 0.570411
0.284147 0.140251
0.56801 0.280362
0.135453 0.560444
0.27077 0.120328
0.541268 0.240535
0.0819956 0.48083
0.163909 0.96118
0.327654 0.921398
0.654981 0.841876
0.309307 0.682909
0.618305 0.365136
0.235991 0.729906
0.471746 0.459083
0.94302 0.917706
0.885098 0.834495
0.769311 0.668155
0.537852 0.335641
0.0751664 0.670946
0.150258 0.341222
0.300365 0.682102
0.600429 0.363522
0.200258 0.72668
0.400317 0.452633
0.800233 0.904813
0.599665 0.808721
0.198731 0.616633
0.397263 0.232649
0.794128 0.465064
0.587462 0.929664
0.174337 0.858398
0.3485 0.715938
0.696651 0.43116
0.392606 0.861889
0.784819 0.722915
0.568853 0.445108
0.137137 0.889771
0.274136 0.778651
0.547998 0.556524
0.0954475 0.112492
0.190799 0.224871
0.381408 0.449517
0.762435 0.898584
0.524107 0.796269
0.0476906 0.591743
0.0953335 0.182893
0.190572 0.365604
0.380953 0.730842
0.761524 0.460953
0.522287 0.921446
0.0440521 0.84197
0.0880601 0.683098
0.176032 0.365512
0.351888 0.730659
0.703425 0.460588
0.406146 0.920715
0.811886 0.840509
0.622959 0.680177
0.245296 0.359673
0.490346 0.718986
0.980202 0.437254
0.959424 0.87407
0.917888 0.747266
0.834858 0.493785
0.668882 0.987077
0.337095 0.973166
0.673853 0.945359
0.347032 0.889772
0.693716 0.778654
0.386739 0.55653
0.773092 0.112503
0.54541 0.224894
0.0902745 0.449564
0.180459 0.898678
0.360737 0.796457
0.721113 0.592117
0.441505 0.183643
0.882569 0.367102
0.764255 0.733837
0.527745 0.46694
0.0549625 0.933414
0.10987 0.865894
0.21963 0.730922
0.439041 0.461114
0.877643 0.921766
0.754408 0.84261
0.508063 0.684378
0.0156171 0.368072
0.0312185 0.735776
0.0624058 0.470816
0.124749 0.94116
0.249374 0.88138
0.498498 0.761878
0.996497 0.522994
0.991998 0.0454655
0.983003 0.0908855
0.965023 0.18168
0.929081 0.363178
0.857234 0.725994
0.71361 0.451262
0.426507 0.902072
0.852588 0.803242
0.704324 0.60568
0.407943 0.210754
0.815478 0.421298
0.630141 0.842174
0.259652 0.683506
0.519045 0.366328
0.0375711 0.732291
0.0751047 0.463849
0.150134 0.927234
0.300118 0.853541
0.599936 0.706228
0.199273 0.41175
0.398347 0.823087
0.796295 0.645352
0.591794 0.290058
0.182997 0.579826
0.365811 0.159071
0.731256 0.317983
0.46178 0.635649
0.923098 0.270662
0.845273 0.541054
