1.999e-08 1.999e-08
3.996e-08 5.995e-08
7.98801e-08 1.3983e-07
1.5968e-07 2.9951e-07
3.19201e-07 6.18711e-07
6.38082e-07 1.25679e-06
1.27553e-06 2.53232e-06
2.54978e-06 5.0821e-06
5.09701e-06 1.01791e-05
1.01889e-05 2.0368e-05
2.03676e-05 4.07357e-05
4.07149e-05 8.14506e-05
8.13891e-05 0.00016284
0.000162697 0.000325537
0.000325231 0.000650768
0.000650137 0.0013009
0.00129962 0.00260053
0.00259795 0.00519847
0.0051933 0.0103918
0.0103814 0.0207732
0.0207524 0.0415256
0.958516 1.00004
0.916073 1.91611
0.831231 2.74735
0.66163 3.40898
0.322598 3.73157
0.355126 4.0867
0.709897 4.7966
0.419085 5.21568
0.16225 5.37793
0.324337 5.70227
0.64835 6.35062
0.296052 6.64667
0.408192 7.05486
0.184024 7.23889
0.632135 7.87102
0.263638 8.13466
0.527013 8.66167
0.0534992 8.71517
0.106945 8.82212
0.213783 9.0359
0.427352 9.46325
0.145724 9.60898
0.291302 9.90028
0.582312 10.4826
0.164042 10.6466
0.32792 10.9746
0.655511 11.6301
0.310367 11.9404
0.379576 12.32
0.241228 12.5612
0.482216 13.0435
0.0360509 13.0795
0.0720656 13.1516
0.144059 13.2956
0.287974 13.5836
0.424339 14.0079
0.151746 14.1597
0.30334 14.463
0.393623 14.8566
0.786852 15.6435
0.572917 16.2164
0.145261 16.3617
0.290376 16.6521
0.580462 17.2325
0.160344 17.3929
0.320528 17.7134
0.359265 18.0727
0.281829 18.3545
0.563375 18.9179
0.126187 19.044
0.252249 19.2963
0.504245 19.8005
0.00798644 19.8085
0.0159649 19.8245
0.0319138 19.8564
0.0637957 19.9202
0.127528 20.0477
0.254928 20.3027
0.5096 20.8123
0.0186913 20.8309
0.037364 20.8683
0.0746906 20.943
0.149306 21.0923
0.298464 21.3908
0.596629 21.9874
0.192661 22.1801
0.38513 22.5652
0.769874 23.3351
0.538978 23.874
0.0774174 23.9515
0.154757 24.1062
0.69064 24.7969
0.38059 25.1774
0.760799 25.9382
0.520836 26.4591
0.041152 26.5002
0.0822629 26.5825
0.164444 26.7469
0.328723 27.0757
0.342883 27.4185
0.685424 28.104
0.370163 28.4741
0.260045 28.7342
0.51983 29.254
0.0391398 29.2931
0.0782405 29.3714
0.156403 29.5278
0.312649 29.8404
0.375014 30.2155
0.749653 30.9651
0.498556 31.4637
0.00338557 31.4671
0.00676775 31.4738
0.0135287 31.4873
0.0270439 31.5144
0.0540608 31.5685
0.108068 31.6765
0.216027 31.8925
0.431838 32.3244
0.136756 32.4611
0.273375 32.7345
0.453524 33.188
0.0934049 33.2814
0.186716 33.4682
0.373246 33.8414
0.746119 34.5875
0.491492 35.079
0.0175083 35.0965
0.0349991 35.1315
0.0699633 35.2015
0.139857 35.3413
0.279573 35.6209
0.441133 36.0621
0.118175 36.1802
0.763768 36.944
0.526771 37.4708
0.0530161 37.5238
0.105979 37.6298
0.211852 37.8416
0.576507 38.4181
0.152438 38.5706
0.304724 38.8753
0.609143 39.4844
0.217676 39.7021
0.435135 40.1372
0.130166 40.2674
0.260201 40.5276
0.520142 41.0477
0.0397643 41.0875
0.0794889 41.167
0.158898 41.3259
0.317638 41.6435
0.365042 42.0086
0.729719 42.7383
0.458708 43.197
0.0830429 43.28
0.166003 43.446
0.33184 43.7779
0.336653 44.1145
0.327031 44.4416
0.653735 45.0953
0.306816 45.4021
0.386674 45.7888
0.227038 46.0158
0.45385 46.4697
0.0927544 46.5624
0.185416 46.7479
0.370647 47.1185
0.259078 47.3776
0.482104 47.8597
0.0362741 47.896
0.072512 47.9685
0.144952 48.1134
0.710242 48.8237
0.419774 49.2434
0.839128 50.0826
0.677416 50.76
0.354154 51.1141
0.707955 51.8221
0.415201 52.2373
0.170013 52.4073
0.339856 52.7472
0.320628 53.0678
0.640935 53.7087
0.281228 53.9899
0.562175 54.5521
0.123789 54.6759
0.247454 54.9234
0.49466 55.418
0.0111749 55.4292
0.0223385 55.4515
0.0446548 55.4962
0.0892649 55.5855
0.17844 55.7639
0.356702 56.1206
0.286952 56.4076
0.426383 56.8339
0.85234 57.6863
0.703828 58.3901
0.406953 58.7971
0.186502 58.9836
0.372817 59.3564
0.745261 60.1016
0.489777 60.5914
0.0209366 60.6124
0.0418523 60.6542
0.0836628 60.7379
0.167242 60.9051
0.334317 61.2394
0.331701 61.5711
0.336929 61.9081
0.326478 62.2345
0.34737 62.5819
0.694392 63.2763
0.38809 63.6644
0.775791 64.4402
0.550807 64.991
0.101064 65.092
0.202026 65.2941
0.59615 65.8902
0.191704 66.0819
0.383216 66.4651
0.233951 66.6991
0.467669 67.1668
0.0651298 67.2319
0.130194 67.3621
0.739741 68.1018
0.478743 68.5806
0.0429926 68.6236
0.0859421 68.7095
0.171798 68.8813
0.656575 69.5379
0.312494 69.8504
0.375325 70.2257
0.249726 70.4754
0.499202 70.9746
0.00209462 70.9767
0.00418714 70.9809
0.00837009 70.9893
0.0167318 71.006
0.0334469 71.0395
0.93314 71.9726
0.865346 72.8379
0.729827 73.5678
0.458925 74.0267
0.0826098 74.1093
0.165137 74.2744
0.669891 74.9443
0.339112 75.2834
0.322114 75.6056
0.356094 75.9617
0.288169 76.2498
0.42395 76.6738
0.847477 77.5213
0.694106 78.2154
0.387518 78.6029
0.774649 79.3775
0.548523 79.926
0.0964966 80.0225
0.192897 80.2154
0.3856 80.601
0.770815 81.3719
0.54086 81.9127
0.0811783 81.9939
0.162275 82.1562
0.324389 82.4806
0.351547 82.8321
0.702743 83.5348
0.404783 83.9396
0.190839 84.1305
0.381487 84.512
0.237407 84.7494
0.474577 85.2239
0.0513205 85.2753
0.10259 85.3779
0.205077 85.5829
0.409948 85.9929
0.819486 86.8124
0.638153 87.4505
0.275669 87.7262
0.551062 88.2772
0.101573 88.3788
0.203044 88.5819
0.594115 89.176
0.187636 89.3636
0.375085 89.7387
0.250206 89.9889
0.500162 90.4891
0.000176258 90.4892
0.00035234 90.4896
0.000704327 90.4903
0.00140795 90.4917
0.00281449 90.4945
0.00562617 90.5001
0.0112467 90.5114
0.0224822 90.5339
0.0449418 90.5788
0.0898387 90.6687
0.179588 90.8482
0.358996 91.2072
0.282368 91.4896
0.435547 91.9252
0.870659 92.7958
0.740447 93.5363
0.480154 94.0164
0.0401717 94.0566
0.0803032 94.1369
0.160526 94.2974
0.320892 94.6183
0.641462 95.2598
0.282283 95.5421
0.564284 96.1063
0.128004 96.2343
0.25588 96.4902
0.488496 96.9787
0.0234967 97.0022
0.0469699 97.0492
0.0938929 97.1431
0.187692 97.3308
0.375196 97.706
0.249983 97.9559
0.499715 98.4557
0.00106872 98.4567
0.00213638 98.4589
0.00427062 98.4631
0.00853698 98.4717
0.0170654 98.4887
0.0341138 98.5229
0.0681934 98.591
0.136319 98.7274
0.727499 99.4549
0.454271 99.9091
0.0919131 100.001
0.183734 100.185
0.367285 100.552
0.734203 101.286
0.467671 101.754
0.0651254 101.819
0.130186 101.949
0.739759 102.689
0.478778 103.168
0.0429231 103.211
0.0858032 103.297
0.171521 103.468
0.34287 103.811
0.314604 104.126
0.371108 104.497
0.741844 105.238
0.482946 105.721
0.965409 106.687
0.929853 107.617
0.858777 108.475
0.716695 109.192
0.432673 109.625
0.135086 109.76
0.729964 110.49
0.459197 110.949
0.0820649 111.031
0.164048 111.195
0.327931 111.523
0.344465 111.868
0.688586 112.556
0.376483 112.933
0.75259 113.685
0.504428 114.19
0.00835224 114.198
0.0166961 114.215
0.0333756 114.248
0.0667177 114.315
0.133369 114.448
0.266604 114.715
0.467058 115.182
0.0663504 115.248
0.132634 115.381
0.265136 115.646
0.530008 116.176
0.0594852 116.235
0.881089 117.117
0.761297 117.878
0.521833 118.4
0.0431443 118.443
0.0862454 118.529
0.172405 118.701
0.344637 119.046
0.311071 119.357
0.621832 119.979
0.243041 120.222
0.48584 120.708
0.028806 120.737
0.0575831 120.794
0.115109 120.909
0.230102 121.139
0.459975 121.599
0.080511 121.68
0.160941 121.841
0.321722 122.163
0.356878 122.52
0.713399 123.233
0.426084 123.659
0.148257 123.807
0.296366 124.104
0.592437 124.696
0.184281 124.88
0.631623 125.512
0.262614 125.775
0.524966 126.3
0.0494078 126.349
0.0987661 126.448
0.197434 126.645
0.60533 127.25
0.210055 127.461
0.580099 128.041
0.159618 128.2
0.319077 128.519
0.637834 129.157
0.275031 129.432
0.549787 129.982
0.0990234 130.081
0.197948 130.279
0.395698 130.675
0.209001 130.884
0.582208 131.466
0.163833 131.63
0.327503 131.957
0.345322 132.303
0.309701 132.612
0.380908 132.993
0.238566 133.232
0.476893 133.709
0.0466913 133.755
0.0933359 133.849
0.186579 134.035
0.62703 134.662
0.253432 134.916
0.506611 135.422
0.0127148 135.435
0.0254169 135.46
0.0508083 135.511
0.101566 135.613
0.20303 135.816
0.594143 136.41
0.187691 136.598
0.624805 137.222
0.248985 137.471
0.497722 137.969
0.00505436 137.974
0.0101037 137.984
0.0201972 138.004
0.0403743 138.045
0.0807082 138.126
0.838664 138.964
0.67649 139.641
0.352303 139.993
0.704255 140.697
0.407805 141.105
0.184798 141.29
0.369411 141.659
0.261548 141.921
0.522834 142.444
0.045146 142.489
0.0902468 142.579
0.180403 142.759
0.360626 143.12
0.720892 143.841
0.441064 144.282
0.118314 144.4
0.236509 144.637
0.472782 145.11
0.945092 146.055
0.889239 146.944
0.777589 147.722
0.554401 148.276
0.108247 148.384
0.216386 148.601
0.567444 149.168
0.13432 149.302
0.268507 149.571
0.536745 150.108
0.0729524 150.181
0.145832 150.326
0.708482 151.035
0.416256 151.451
0.832095 152.283
0.663358 152.947
0.326053 153.273
0.651779 153.924
0.302907 154.227
0.605511 154.833
0.210416 155.043
0.579378 155.623
0.158176 155.781
0.316194 156.097
0.367928 156.465
0.264513 156.729
0.471239 157.201
0.0579925 157.259
0.115927 157.375
0.231738 157.606
0.463245 158.07
0.0739742 158.144
0.147874 158.291
0.295601 158.587
0.590906 159.178
0.181222 159.359
0.362263 159.721
0.724163 160.446
0.447603 160.893
0.105242 160.998
0.210379 161.209
0.420547 161.629
0.159326 161.789
0.318492 162.107
0.363334 162.471
0.273695 162.744
0.547117 163.291
0.0936861 163.385
0.187279 163.572
0.37437 163.947
0.251635 164.198
0.503018 164.701
0.005533 164.707
0.0110605 164.718
0.0221099 164.74
0.0441976 164.784
0.0883511 164.873
0.176614 165.049
0.646949 165.696
0.293251 165.989
0.586209 166.576
0.171832 166.747
0.343492 167.091
0.68664 167.778
0.372593 168.15
0.744813 168.895
0.488882 169.384
0.0227251 169.407
0.0454275 169.452
0.0908095 169.543
0.181528 169.724
0.362875 170.087
0.274613 170.362
0.548952 170.911
0.0973543 171.008
0.194611 171.203
0.389028 171.592
0.777666 172.369
0.554555 172.924
0.108555 173.033
0.217002 173.25
0.566212 173.816
0.131858 173.948
0.263584 174.211
0.526905 174.738
0.0532833 174.791
0.106513 174.898
0.21292 175.111
0.425627 175.536
0.149171 175.686
0.298193 175.984
0.596087 176.58
0.191579 176.772
0.382966 177.154
0.76555 177.92
0.530333 178.45
0.0601366 178.51
0.120213 178.631
0.759694 179.39
0.518628 179.909
0.0367378 179.946
0.0734388 180.019
0.146804 180.166
0.293462 180.459
0.58663 181.046
0.172673 181.219
0.345173 181.564
0.690001 182.254
0.379311 182.633
0.758244 183.391
0.515729 183.907
0.0309422 183.938
0.0618535 184
0.123645 184.124
0.247167 184.371
0.505914 184.877
0.011322 184.888
0.0226327 184.911
0.0452427 184.956
0.0904402 185.046
0.18079 185.227
0.361399 185.589
0.722437 186.311
0.444152 186.755
0.11214 186.867
0.224168 187.091
0.448112 187.54
0.104225 187.644
0.208345 187.852
0.416482 188.269
0.167453 188.436
0.334739 188.771
0.669142 189.44
0.337616 189.778
0.674894 190.452
0.349113 190.802
0.697876 191.499
0.395055 191.895
0.210285 192.105
0.42036 192.525
0.159701 192.685
0.680757 193.366
0.360833 193.726
0.721306 194.448
0.44189 194.89
0.883339 195.773
0.765795 196.539
0.530823 197.07
0.0611157 197.131
0.12217 197.253
0.244219 197.497
0.488193 197.985
0.0241025 198.009
0.0481809 198.058
0.0963135 198.154
0.192531 198.346
0.384869 198.731
0.769353 199.501
0.537937 200.039
0.0753361 200.114
0.150597 200.265
0.698957 200.963
0.397215 201.361
0.205968 201.567
0.41173 201.978
0.823049 202.801
0.645274 203.447
0.289903 203.737
0.420483 204.157
0.159454 204.317
0.318749 204.635
0.63718 205.272
0.273723 205.546
0.547172 206.093
0.0937965 206.187
0.812501 207
0.624189 207.624
0.247754 207.872
0.49526 208.367
0.00997522 208.377
0.0199405 208.397
0.039861 208.437
0.0796821 208.516
0.159284 208.676
0.31841 208.994
0.636501 209.631
0.272366 209.903
0.455541 210.358
0.089373 210.448
0.178657 210.626
0.357134 210.984
0.286088 211.27
0.57189 211.842
0.143209 211.985
0.713726 212.699
0.426738 213.125
0.14695 213.272
0.293753 213.566
0.587212 214.153
0.173837 214.327
0.652501 214.98
0.304349 215.284
0.608394 215.892
0.216179 216.108
0.432141 216.541
0.86385 217.404
0.726836 218.131
0.452946 218.584
0.0945616 218.679
0.189029 218.868
0.377868 219.246
0.244641 219.49
0.510962 220.001
0.0214138 220.023
0.0428062 220.065
0.0855696 220.151
0.171054 220.322
0.341936 220.664
0.683531 221.348
0.366378 221.714
0.26761 221.982
0.534953 222.517
0.0693711 222.586
0.138673 222.725
0.277207 223.002
0.554137 223.556
0.107719 223.664
0.78467 224.448
0.568555 225.017
0.136541 225.153
0.272946 225.426
0.45438 225.881
0.0916943 225.972
0.183297 226.156
0.36641 226.522
0.732455 227.255
0.464177 227.719
0.0721108 227.791
0.144149 227.935
0.288155 228.223
0.423978 228.647
0.152467 228.8
0.304782 229.104
0.609258 229.714
0.217908 229.932
0.435597 230.367
0.129241 230.496
0.258353 230.755
0.516448 231.271
0.03238 231.304
0.0647276 231.368
0.12939 231.498
0.741348 232.239
0.481956 232.721
0.0365709 232.758
0.0731053 232.831
0.146137 232.977
0.292129 233.269
0.416035 233.685
0.168347 233.853
0.336525 234.19
0.327286 234.517
0.345756 234.863
0.308833 235.172
0.617358 235.789
0.234099 236.023
0.467963 236.491
0.0645418 236.556
0.129019 236.685
0.257909 236.943
0.515561 237.458
0.0306055 237.489
0.0611804 237.55
0.1223 237.672
0.244477 237.917
0.511291 238.428
0.0220698 238.45
0.0441175 238.494
0.0881908 238.582
0.176293 238.759
0.647589 239.406
0.294531 239.701
0.588768 240.29
0.176948 240.467
0.646282 241.113
0.291917 241.405
0.416457 241.821
0.832498 242.654
0.664164 243.318
0.327664 243.646
0.345 243.991
0.310345 244.301
0.620379 244.921
0.240137 245.161
0.480034 245.641
0.0404118 245.682
0.0807832 245.763
0.161486 245.924
0.32281 246.247
0.645296 246.892
0.289947 247.182
0.579605 247.762
0.15863 247.92
0.317102 248.237
0.366114 248.604
0.268139 248.872
0.536009 249.408
0.0714822 249.479
0.142893 249.622
0.285643 249.908
0.571 250.479
0.141429 250.62
0.282717 250.903
0.565152 251.468
0.129739 251.598
0.259348 251.857
0.518437 252.376
0.0363556 252.412
0.0726749 252.485
0.145277 252.63
0.290409 252.92
0.580528 253.501
0.160475 253.661
0.320789 253.982
0.358742 254.341
0.282874 254.624
0.565465 255.189
0.130365 255.32
0.260601 255.58
0.520941 256.101
0.0413603 256.142
0.0826793 256.225
0.165276 256.39
0.330387 256.721
0.660443 257.381
0.320225 257.701
0.640131 258.342
0.279621 258.621
0.558962 259.18
0.117366 259.298
0.765386 260.063
0.530006 260.593
0.0594814 260.652
0.118903 260.771
0.237688 261.009
0.524862 261.534
0.049199 261.583
0.0983487 261.681
0.803401 262.485
0.605998 263.091
0.211391 263.302
0.422571 263.725
0.155281 263.88
0.310408 264.19
0.379495 264.57
0.758611 265.329
0.516464 265.845
0.0324107 265.877
0.064789 265.942
0.129513 266.072
0.258897 266.331
0.482465 266.813
0.0355524 266.849
0.0710693 266.92
0.142067 267.062
0.283993 267.346
0.567702 267.913
0.134836 268.048
0.730463 268.779
0.460196 269.239
0.0800679 269.319
0.160056 269.479
0.319952 269.799
0.360417 270.159
0.279527 270.439
0.441226 270.88
0.11799 270.998
0.235862 271.234
0.528512 271.763
0.0564955 271.819
0.887065 272.706
0.773244 273.479
0.545715 274.025
0.0908833 274.116
0.181676 274.298
0.63683 274.935
0.273024 275.208
0.545774 275.753
0.0910029 275.844
0.181915 276.026
0.363648 276.39
0.273068 276.663
0.545864 277.209
0.0911814 277.3
0.182272 277.482
0.364361 277.847
0.271642 278.118
0.543012 278.661
0.0854819 278.747
0.170878 278.918
0.658414 279.576
0.31617 279.892
0.632024 280.524
0.263417 280.788
0.47343 281.261
0.0536137 281.315
0.107174 281.422
0.21424 281.636
0.428266 282.064
0.143896 282.208
0.287648 282.496
0.424992 282.921
0.150442 283.071
0.300733 283.372
0.398835 283.771
0.797271 284.568
0.593744 285.162
0.186895 285.349
0.373602 285.722
0.253169 285.976
0.493915 286.47
0.0126635 286.482
0.0253143 286.507
0.0506034 286.558
0.101156 286.659
0.202211 286.861
0.59578 287.457
0.190964 287.648
0.381737 288.03
0.236908 288.267
0.526421 288.793
0.0523162 288.846
0.10458 288.95
0.209055 289.159
0.417902 289.577
0.164614 289.742
0.329064 290.071
0.342202 290.413
0.684061 291.097
0.367438 291.465
0.265491 291.73
0.469283 292.199
0.0619034 292.261
0.123745 292.385
0.752634 293.138
0.504515 293.642
0.00852636 293.651
0.0170442 293.668
0.0340713 293.702
0.0681086 293.77
0.136149 293.906
0.272162 294.178
0.544052 294.722
0.0875599 294.81
0.175032 294.985
0.349889 295.335
0.300571 295.635
0.399158 296.034
0.797918 296.832
0.595038 297.427
0.18948 297.617
0.378771 297.996
0.242837 298.238
0.514569 298.753
0.0286229 298.782
0.0572172 298.839
0.114377 298.953
0.22864 299.182
0.542948 299.725
0.0853536 299.81
0.170622 299.981
0.341073 300.322
0.318195 300.64
0.636071 301.276
0.271506 301.548
0.54274 302.09
0.0849379 302.175
0.169791 302.345
0.660588 303.006
0.320516 303.326
0.359289 303.686
0.718219 304.404
0.43572 304.839
0.128996 304.968
0.257862 305.226
0.515467 305.742
0.0304176 305.772
0.0608048 305.833
0.878451 306.711
0.756024 307.467
0.511292 307.979
0.0220725 308.001
0.044123 308.045
0.0882019 308.133
0.176316 308.309
0.352455 308.662
0.704557 309.366
0.40841 309.775
0.816411 310.591
0.632006 311.223
0.26338 311.487
0.473503 311.96
0.946532 312.907
0.892118 313.799
0.783343 314.582
0.565903 315.148
0.13124 315.279
0.262349 315.542
0.475564 316.017
0.0493466 316.067
0.0986438 316.165
0.197189 316.362
0.394181 316.757
0.212033 316.969
0.423854 317.392
0.152717 317.545
0.694719 318.24
0.388744 318.629
0.7771 319.406
0.553422 319.959
0.106291 320.065
0.212476 320.278
0.424741 320.703
0.150944 320.854
0.301737 321.155
0.396829 321.552
0.206739 321.759
0.413272 322.172
0.173869 322.346
0.652436 322.999
0.304219 323.303
