0.030000
0.000000
0.120000
0.080000
0.040000
0.000000
0.040000
0.030000
0.040000
0.030000
0.000000
0.000000
0.040000
0.000000
0.030000
0.000000
0.070000
0.040000
0.110000
0.100000
0.050000
0.050000
0.000000
0.060000
0.000000
0.040000
0.030000
0.000000
0.130000
0.030000
0.080000
0.040000
0.000000
0.040000
0.040000
0.000000
0.070000
0.080000
0.030000
0.030000
0.110000
0.120000
0.000000
0.080000
0.030000
0.000000
0.000000
0.000000
0.050000
0.030000
0.120000
0.120000
0.080000
0.040000
0.000000
0.040000
0.120000
0.060000
0.000000
0.000000
0.000000
0.060000
0.030000
0.040000
0.070000
0.100000
0.080000
0.120000
0.000000
0.000000
0.000000
0.040000
0.120000
0.000000
0.030000
0.040000
0.030000
0.100000
0.000000
0.030000
0.000000
0.060000
0.040000
0.000000
0.000000
0.120000
0.000000
0.040000
0.040000
0.000000
0.040000
0.000000
0.000000
0.030000
0.000000
0.120000
0.070000
0.000000
0.000000
0.070000
