0.038600
0.057000
0.035000
0.045500
0.031800
0.048300
0.035800
0.048600
0.041500
0.031200
0.044200
0.032100
0.063100
0.033900
0.038400
0.055700
0.073300
0.039900
0.039400
0.037800
0.046900
0.050100
0.058300
0.058200
0.034800
0.058000
0.044100
0.040800
0.066100
0.033300
0.043600
0.048400
0.057000
0.043900
0.042900
0.024600
0.036300
0.041700
0.048700
0.039500
0.057300
0.044400
0.040500
0.042500
0.054200
0.050800
0.029000
0.044600
0.034600
0.040500
0.035000
0.032200
0.053700
0.047600
0.054400
0.037700
0.076200
0.025000
0.044100
0.054300
0.046900
0.046200
0.034600
0.042300
0.046600
0.039200
0.032500
0.049300
0.056400
0.063700
0.033300
0.047100
0.056200
0.029300
0.043200
0.053100
0.053100
0.035300
0.032500
0.040000
0.056900
0.039100
0.039400
0.036000
0.026600
0.025700
0.044300
0.037500
0.042600
0.033500
0.049100
0.042700
0.039900
0.038900
0.021400
0.031800
0.032400
0.043500
0.038900
0.064100
