0.044065
0.044144
0.044911
0.043461
0.043515
0.042090
0.040663
0.043717
0.043364
0.043706
0.045504
0.044285
0.042122
0.042726
0.043887
0.043266
0.043141
0.042076
0.042983
0.042217
0.045044
0.046022
0.042547
0.043061
0.042418
0.043208
0.044159
0.043327
0.045186
0.042404
0.042561
0.043586
0.042889
0.044397
0.045119
0.042393
0.043107
0.045027
0.042876
0.041193
0.043155
0.044456
0.042655
0.043691
0.045878
0.042558
0.042695
0.044027
0.044783
0.044546
0.042570
0.041721
0.044863
0.041875
0.043131
0.044761
0.043601
0.040963
0.043590
0.043425
0.042481
0.043421
0.043074
0.042908
0.043477
0.043052
0.044649
0.045015
0.042079
0.042617
0.041406
0.044120
0.045277
0.043983
0.041773
0.043920
0.042918
0.043337
0.045121
0.044201
0.045479
0.040755
0.043559
0.043182
0.041762
0.043338
0.043387
0.043968
0.043303
0.044080
0.042387
0.041985
0.044360
0.041992
0.044451
0.042420
0.042202
0.044643
0.043118
0.043504
