0.048500
0.033700
0.050500
0.050775
0.048600
0.036200
0.038200
0.036225
0.033075
0.047750
0.044475
0.041275
0.042025
0.053350
0.033525
0.040825
0.039025
0.033925
0.041525
0.043750
0.039525
0.033650
0.049025
0.046175
0.043175
0.047050
0.034075
0.046050
0.030875
0.038950
0.052825
0.039200
0.037275
0.040225
0.038675
0.038625
0.036775
0.050350
0.048075
0.051050
0.041350
0.052050
0.049425
0.038600
0.038675
0.039275
0.044450
0.042700
0.034400
0.047400
0.041200
0.057650
0.051500
0.045875
0.054825
0.042900
0.049050
0.039750
0.040325
0.043425
0.035050
0.043675
0.050300
0.046450
0.040550
0.027475
0.049950
0.034325
0.051000
0.048700
0.044825
0.051775
0.041700
0.041900
0.032425
0.041400
0.044200
0.038400
0.052575
0.043525
0.036025
0.037450
0.040800
0.043125
0.042975
0.038875
0.042500
0.052575
0.045125
0.038575
0.047600
0.039950
0.039650
0.042100
0.038775
0.047300
0.044225
0.046100
0.035175
0.042900
