0.043720
0.043464
0.045040
0.043236
0.042008
0.043984
0.041996
0.039552
0.044856
0.040260
0.037168
0.040816
0.039464
0.045456
0.038200
0.046980
0.043772
0.047660
0.045148
0.043872
0.047344
0.045024
0.044688
0.046736
0.042376
0.043632
0.045832
0.038616
0.044136
0.037880
0.042692
0.043996
0.042908
0.043128
0.045480
0.044652
0.045052
0.041016
0.044760
0.043800
0.049512
0.043952
0.042324
0.042668
0.039772
0.041696
0.040500
0.039312
0.045140
0.044984
0.045732
0.041920
0.041324
0.045716
0.046296
0.041176
0.046376
0.046300
0.044084
0.044212
0.037808
0.046940
0.039436
0.042360
0.046008
0.043924
0.041024
0.042528
0.043100
0.042316
0.043648
0.042552
0.041532
0.042068
0.044376
0.042744
0.042860
0.044064
0.044060
0.040840
0.046464
0.040628
0.043304
0.042588
0.044856
0.040072
0.042816
0.042960
0.036508
0.045364
0.044820
0.042340
0.043176
0.043716
0.047120
0.043732
0.037200
0.045888
0.044384
0.044108
