1 1.0
2 1.4142135623730951
3 2.23606797749979
4 3.1622776601683795
5 3.1622776601683795
6 3.605551275463989
7 4.47213595499958
8 4.47213595499958
9 4.47213595499958
10 4.47213595499958
11 4.47213595499958
12 4.47213595499958
13 4.47213595499958
14 5.0990195135927845
15 5.0990195135927845
16 5.0990195135927845
17 5.0990195135927845
18 5.0990195135927845
19 5.0990195135927845
20 5.0990195135927845
21 5.0990195135927845
22 5.0990195135927845
23 5.385164807134504
24 5.385164807134504
25 5.830951894845301
26 5.830951894845301
27 5.830951894845301
28 5.830951894845301
29 5.830951894845301
30 5.830951894845301
31 5.830951894845301
32 6.082762530298219
33 6.082762530298219
34 6.708203932499369
35 7.0710678118654755
36 7.0710678118654755
37 7.0710678118654755
38 7.0710678118654755
39 7.0710678118654755
40 7.0710678118654755
41 7.0710678118654755
42 7.0710678118654755
43 7.0710678118654755
44 7.0710678118654755
45 7.0710678118654755
46 7.0710678118654755
47 7.0710678118654755
48 7.0710678118654755
49 7.0710678118654755
50 7.615773105863909
51 7.615773105863909
52 7.615773105863909
53 8.246211251235321
54 8.246211251235321
55 8.246211251235321
56 8.246211251235321
57 8.246211251235321
58 8.246211251235321
59 8.246211251235321
60 8.246211251235321
61 8.246211251235321
62 8.246211251235321
63 8.246211251235321
64 9.219544457292887
65 9.219544457292887
66 9.219544457292887
67 9.219544457292887
68 9.219544457292887
69 9.219544457292887
70 9.219544457292887
71 9.219544457292887
72 9.219544457292887
73 9.219544457292887
74 9.219544457292887
75 9.219544457292887
76 9.219544457292887
77 9.219544457292887
78 9.219544457292887
79 9.219544457292887
80 9.219544457292887
81 9.219544457292887
82 9.219544457292887
83 9.219544457292887
84 9.219544457292887
85 9.219544457292887
86 9.219544457292887
87 9.219544457292887
88 9.486832980505138
89 9.486832980505138
90 9.486832980505138
91 9.486832980505138
92 10.44030650891055
93 10.44030650891055
94 10.44030650891055
95 10.44030650891055
96 10.44030650891055
97 10.44030650891055
98 10.44030650891055
99 10.44030650891055
100 10.44030650891055
101 10.44030650891055
102 10.44030650891055
103 10.44030650891055
104 10.44030650891055
105 10.44030650891055
106 10.44030650891055
107 10.44030650891055
108 10.44030650891055
109 10.44030650891055
110 10.44030650891055
111 10.44030650891055
112 10.44030650891055
113 10.44030650891055
114 10.44030650891055
115 10.44030650891055
116 10.44030650891055
117 10.44030650891055
118 10.44030650891055
119 10.44030650891055
120 10.44030650891055
121 10.44030650891055
122 10.44030650891055
123 10.44030650891055
124 10.44030650891055
125 10.44030650891055
126 10.44030650891055
127 10.44030650891055
128 10.44030650891055
129 10.44030650891055
130 11.40175425099138
131 11.40175425099138
132 11.40175425099138
133 12.36931687685298
134 12.36931687685298
135 12.36931687685298
136 12.36931687685298
137 12.36931687685298
138 12.36931687685298
139 12.36931687685298
140 13.341664064126334
141 13.341664064126334
142 13.341664064126334
143 13.341664064126334
144 13.341664064126334
145 13.341664064126334
146 13.341664064126334
147 13.341664064126334
148 13.341664064126334
149 13.341664064126334
150 13.341664064126334
151 13.341664064126334
152 13.341664064126334
153 13.341664064126334
154 13.341664064126334
155 13.341664064126334
156 13.341664064126334
157 13.341664064126334
158 13.341664064126334
159 13.341664064126334
160 13.341664064126334
161 13.341664064126334
162 13.341664064126334
163 13.341664064126334
164 13.341664064126334
165 13.341664064126334
166 13.341664064126334
167 13.341664064126334
168 14.317821063276353
169 14.317821063276353
170 14.317821063276353
171 14.560219778561036
172 14.560219778561036
173 14.560219778561036
174 14.560219778561036
175 14.560219778561036
176 14.560219778561036
177 14.560219778561036
178 14.560219778561036
179 14.560219778561036
180 14.560219778561036
181 14.560219778561036
182 15.297058540778355
183 15.297058540778355
184 15.297058540778355
185 15.297058540778355
186 15.297058540778355
187 15.297058540778355
188 15.297058540778355
189 15.297058540778355
190 15.297058540778355
191 15.524174696260024
192 15.524174696260024
193 15.524174696260024
194 15.524174696260024
195 15.524174696260024
196 15.524174696260024
197 15.524174696260024
198 15.524174696260024
199 15.524174696260024
200 15.524174696260024
201 15.524174696260024
202 16.278820596099706
203 16.278820596099706
204 16.278820596099706
205 16.278820596099706
206 16.278820596099706
207 16.278820596099706
208 16.278820596099706
209 16.278820596099706
210 16.278820596099706
211 16.278820596099706
212 16.278820596099706
213 16.278820596099706
214 16.278820596099706
215 16.278820596099706
216 16.278820596099706
217 16.278820596099706
218 16.278820596099706
219 16.278820596099706
220 16.278820596099706
221 16.278820596099706
222 16.278820596099706
223 16.278820596099706
224 16.278820596099706
225 16.278820596099706
226 16.278820596099706
227 16.278820596099706
228 16.278820596099706
229 16.278820596099706
230 16.278820596099706
231 16.278820596099706
232 16.278820596099706
233 16.278820596099706
234 16.278820596099706
235 16.278820596099706
236 16.278820596099706
237 16.278820596099706
238 16.278820596099706
239 16.278820596099706
240 16.278820596099706
241 16.278820596099706
242 16.278820596099706
243 16.278820596099706
244 16.278820596099706
245 16.278820596099706
246 16.278820596099706
247 16.278820596099706
248 16.278820596099706
249 16.278820596099706
250 16.278820596099706
251 16.278820596099706
252 16.278820596099706
253 16.278820596099706
254 16.278820596099706
255 16.278820596099706
256 16.278820596099706
257 16.278820596099706
258 16.278820596099706
259 16.278820596099706
260 16.278820596099706
261 16.278820596099706
262 16.278820596099706
263 16.278820596099706
264 16.278820596099706
265 16.278820596099706
266 16.278820596099706
267 16.278820596099706
268 16.278820596099706
269 16.278820596099706
270 16.278820596099706
271 16.278820596099706
272 16.278820596099706
273 16.278820596099706
274 17.08800749063506
275 17.08800749063506
276 17.08800749063506
277 17.08800749063506
278 17.08800749063506
279 17.08800749063506
280 17.08800749063506
281 17.08800749063506
282 17.08800749063506
283 17.08800749063506
284 17.08800749063506
285 17.08800749063506
286 17.08800749063506
287 17.08800749063506
288 17.08800749063506
289 17.08800749063506
290 17.08800749063506
291 17.08800749063506
292 17.08800749063506
293 17.08800749063506
294 17.08800749063506
295 17.08800749063506
296 17.08800749063506
297 17.08800749063506
298 17.08800749063506
299 17.08800749063506
300 17.08800749063506
301 17.08800749063506
302 17.08800749063506
303 17.08800749063506
304 17.88854381999832
305 17.88854381999832
306 17.88854381999832
307 17.88854381999832
308 17.88854381999832
309 17.88854381999832
310 17.88854381999832
311 17.88854381999832
312 17.88854381999832
313 18.788294228055936
314 18.788294228055936
315 18.788294228055936
316 18.788294228055936
317 18.788294228055936
318 18.788294228055936
319 18.788294228055936
320 18.788294228055936
321 18.788294228055936
322 18.788294228055936
323 18.788294228055936
324 18.788294228055936
325 18.788294228055936
326 18.788294228055936
327 18.788294228055936
328 18.788294228055936
329 18.788294228055936
330 18.788294228055936
331 18.788294228055936
332 18.788294228055936
333 18.788294228055936
334 18.788294228055936
335 18.788294228055936
336 18.788294228055936
337 18.788294228055936
338 18.788294228055936
339 18.788294228055936
340 18.788294228055936
341 18.788294228055936
342 18.788294228055936
343 19.697715603592208
344 19.697715603592208
345 19.697715603592208
346 19.697715603592208
347 19.697715603592208
348 19.697715603592208
349 19.697715603592208
350 19.697715603592208
351 19.697715603592208
352 19.697715603592208
353 19.697715603592208
354 19.697715603592208
355 19.697715603592208
356 19.697715603592208
357 19.697715603592208
358 19.697715603592208
359 19.697715603592208
360 19.697715603592208
361 19.697715603592208
362 19.697715603592208
363 19.697715603592208
364 19.697715603592208
365 19.697715603592208
366 19.697715603592208
367 19.697715603592208
368 19.697715603592208
369 19.697715603592208
370 19.697715603592208
371 19.697715603592208
372 19.697715603592208
373 19.697715603592208
374 19.697715603592208
375 19.697715603592208
376 19.697715603592208
377 19.697715603592208
378 19.697715603592208
379 19.697715603592208
380 19.697715603592208
381 19.697715603592208
382 19.697715603592208
383 19.697715603592208
384 20.615528128088304
385 20.615528128088304
386 20.615528128088304
387 20.615528128088304
388 20.615528128088304
389 20.615528128088304
390 20.615528128088304
391 20.615528128088304
392 20.615528128088304
393 20.615528128088304
394 20.615528128088304
395 20.615528128088304
396 20.615528128088304
397 20.615528128088304
398 20.615528128088304
399 20.615528128088304
400 20.615528128088304
401 20.615528128088304
402 20.615528128088304
403 20.615528128088304
404 20.615528128088304
405 20.615528128088304
406 20.615528128088304
407 21.540659228538015
408 21.540659228538015
409 21.540659228538015
410 21.540659228538015
411 21.540659228538015
412 21.540659228538015
413 21.540659228538015
414 21.540659228538015
415 21.540659228538015
416 21.540659228538015
417 21.540659228538015
418 21.540659228538015
419 21.540659228538015
420 21.540659228538015
421 21.540659228538015
422 21.540659228538015
423 21.540659228538015
424 21.540659228538015
425 21.540659228538015
426 21.540659228538015
427 21.540659228538015
428 21.540659228538015
429 21.540659228538015
430 21.540659228538015
431 21.540659228538015
432 21.540659228538015
433 21.540659228538015
434 21.540659228538015
435 21.540659228538015
436 21.540659228538015
437 21.540659228538015
438 21.540659228538015
439 21.540659228538015
440 21.540659228538015
441 21.540659228538015
442 21.540659228538015
443 21.540659228538015
444 21.540659228538015
445 21.540659228538015
446 21.540659228538015
447 21.540659228538015
448 21.540659228538015
449 21.540659228538015
450 21.540659228538015
451 21.540659228538015
452 22.47220505424423
453 22.47220505424423
454 22.47220505424423
455 22.47220505424423
456 22.47220505424423
457 22.47220505424423
458 22.47220505424423
459 22.47220505424423
460 22.47220505424423
461 22.47220505424423
462 22.47220505424423
463 22.47220505424423
464 22.47220505424423
465 22.47220505424423
466 22.47220505424423
467 22.47220505424423
468 22.47220505424423
469 22.47220505424423
470 22.47220505424423
471 22.47220505424423
472 22.47220505424423
473 22.47220505424423
474 22.47220505424423
475 22.47220505424423
476 22.47220505424423
477 22.47220505424423
478 22.47220505424423
479 22.47220505424423
480 22.47220505424423
481 22.47220505424423
482 22.47220505424423
483 22.47220505424423
484 22.47220505424423
485 22.47220505424423
486 22.47220505424423
487 22.47220505424423
488 22.47220505424423
489 22.47220505424423
490 22.47220505424423
491 22.47220505424423
492 22.47220505424423
493 22.47220505424423
494 22.47220505424423
495 22.47220505424423
496 22.47220505424423
497 22.47220505424423
498 22.47220505424423
499 22.47220505424423
500 22.47220505424423
501 22.47220505424423
502 22.47220505424423
503 22.47220505424423
504 22.47220505424423
505 23.40939982143925
506 23.40939982143925
507 23.40939982143925
508 23.40939982143925
509 23.40939982143925
510 23.40939982143925
511 23.40939982143925
512 23.40939982143925
513 23.40939982143925
514 23.769728648009426
515 23.769728648009426
516 23.769728648009426
517 23.769728648009426
518 23.769728648009426
519 23.769728648009426
520 23.769728648009426
521 23.769728648009426
522 23.769728648009426
523 23.769728648009426
524 23.769728648009426
525 23.769728648009426
526 23.769728648009426
527 23.769728648009426
528 23.769728648009426
529 23.769728648009426
530 23.769728648009426
531 23.769728648009426
532 23.769728648009426
533 23.769728648009426
534 23.769728648009426
535 23.769728648009426
536 23.769728648009426
537 23.769728648009426
538 23.769728648009426
539 23.769728648009426
540 23.769728648009426
541 23.769728648009426
542 23.769728648009426
543 23.769728648009426
544 23.769728648009426
545 23.769728648009426
546 23.769728648009426
547 23.769728648009426
548 23.769728648009426
549 23.769728648009426
550 23.769728648009426
551 23.769728648009426
552 23.769728648009426
553 23.769728648009426
554 23.769728648009426
555 23.769728648009426
556 23.769728648009426
557 23.769728648009426
558 23.769728648009426
559 23.769728648009426
560 23.769728648009426
561 23.769728648009426
562 23.769728648009426
563 23.769728648009426
564 23.769728648009426
565 23.769728648009426
566 23.769728648009426
567 23.769728648009426
568 23.769728648009426
569 23.769728648009426
570 23.769728648009426
571 23.769728648009426
572 23.769728648009426
573 23.769728648009426
574 23.769728648009426
575 23.769728648009426
576 23.769728648009426
577 23.769728648009426
578 23.769728648009426
579 23.769728648009426
580 23.769728648009426
581 23.769728648009426
582 23.769728648009426
583 23.769728648009426
584 23.769728648009426
585 23.769728648009426
586 23.769728648009426
587 23.769728648009426
588 23.769728648009426
589 23.769728648009426
590 23.769728648009426
591 23.769728648009426
592 23.769728648009426
593 23.769728648009426
594 23.769728648009426
595 23.769728648009426
596 23.769728648009426
597 23.769728648009426
598 23.769728648009426
599 23.769728648009426
600 23.769728648009426
601 23.769728648009426
602 23.769728648009426
603 23.769728648009426
604 23.769728648009426
605 23.769728648009426
606 23.769728648009426
607 23.769728648009426
608 23.769728648009426
609 23.769728648009426
610 23.769728648009426
611 23.769728648009426
612 23.769728648009426
613 23.769728648009426
614 23.769728648009426
615 23.769728648009426
616 23.769728648009426
617 23.769728648009426
618 23.769728648009426
619 23.769728648009426
620 23.769728648009426
621 23.769728648009426
622 23.769728648009426
623 23.769728648009426
624 23.769728648009426
625 23.769728648009426
626 23.769728648009426
627 23.769728648009426
628 24.041630560342615
629 24.041630560342615
630 24.698178070456937
631 24.698178070456937
632 24.698178070456937
633 24.698178070456937
634 24.698178070456937
635 24.698178070456937
636 24.698178070456937
637 24.698178070456937
638 24.698178070456937
639 24.698178070456937
640 24.698178070456937
641 24.698178070456937
642 24.698178070456937
643 24.698178070456937
644 24.698178070456937
645 25.0
646 25.0
647 25.0
648 25.0
649 25.0
650 25.0
651 25.0
652 25.0
653 25.0
654 25.0
655 25.0
656 25.0
657 25.0
658 25.0
659 25.0
660 25.0
661 25.0
662 25.0
663 25.0
664 25.0
665 25.0
666 25.0
667 25.0
668 25.632011235952593
669 25.632011235952593
670 25.632011235952593
671 25.632011235952593
672 25.632011235952593
673 25.632011235952593
674 25.632011235952593
675 25.632011235952593
676 25.632011235952593
677 25.632011235952593
678 25.632011235952593
679 25.632011235952593
680 25.632011235952593
681 25.632011235952593
682 25.632011235952593
683 25.632011235952593
684 25.632011235952593
685 25.632011235952593
686 25.632011235952593
687 25.632011235952593
688 25.632011235952593
689 25.632011235952593
690 25.632011235952593
691 25.632011235952593
692 25.632011235952593
693 25.632011235952593
694 25.632011235952593
695 25.632011235952593
696 25.632011235952593
697 25.632011235952593
698 25.632011235952593
699 25.632011235952593
700 25.632011235952593
701 25.632011235952593
702 25.632011235952593
703 25.632011235952593
704 25.632011235952593
705 25.632011235952593
706 25.632011235952593
707 25.632011235952593
708 25.632011235952593
709 25.632011235952593
710 25.632011235952593
711 25.632011235952593
712 25.632011235952593
713 25.632011235952593
714 25.632011235952593
715 25.632011235952593
716 25.632011235952593
717 25.632011235952593
718 25.632011235952593
719 25.632011235952593
720 25.632011235952593
721 25.632011235952593
722 25.632011235952593
723 25.632011235952593
724 25.632011235952593
725 25.632011235952593
726 25.632011235952593
727 25.632011235952593
728 25.632011235952593
729 25.632011235952593
730 25.632011235952593
731 25.632011235952593
732 25.632011235952593
733 25.632011235952593
734 25.632011235952593
735 25.632011235952593
736 25.632011235952593
737 25.632011235952593
738 26.0
739 26.0
740 26.0
741 26.0
742 26.0
743 26.0
744 26.0
745 26.0
746 26.0
747 26.0
748 26.0
749 26.0
750 26.0
751 26.0
752 26.0
753 26.0
754 26.0
755 26.0
756 26.0
757 26.0
758 26.0
759 26.0
760 26.0
761 26.0
762 26.0
763 26.0
764 26.0
765 26.0
766 26.248809496813376
767 26.248809496813376
768 26.248809496813376
769 26.248809496813376
770 26.248809496813376
771 26.248809496813376
772 26.248809496813376
773 26.248809496813376
774 26.248809496813376
775 26.248809496813376
776 26.248809496813376
777 26.248809496813376
778 26.248809496813376
779 26.248809496813376
780 26.248809496813376
781 26.248809496813376
782 26.248809496813376
783 26.248809496813376
784 26.248809496813376
785 26.248809496813376
786 26.248809496813376
787 26.248809496813376
788 26.248809496813376
789 26.248809496813376
790 26.248809496813376
791 26.248809496813376
792 26.248809496813376
793 26.248809496813376
794 26.248809496813376
795 26.248809496813376
796 26.248809496813376
797 26.248809496813376
798 26.248809496813376
799 26.248809496813376
800 26.248809496813376
801 26.248809496813376
802 26.248809496813376
803 26.248809496813376
804 26.248809496813376
805 26.248809496813376
806 26.248809496813376
807 26.248809496813376
808 26.248809496813376
809 26.248809496813376
810 26.248809496813376
811 26.248809496813376
812 26.248809496813376
813 26.248809496813376
814 26.832815729997478
815 26.832815729997478
816 26.832815729997478
817 26.832815729997478
818 26.832815729997478
819 26.832815729997478
820 26.832815729997478
821 26.832815729997478
822 26.832815729997478
823 26.832815729997478
824 26.832815729997478
825 26.832815729997478
826 27.294688127912362
827 27.294688127912362
828 27.294688127912362
829 27.294688127912362
830 27.294688127912362
831 27.294688127912362
832 27.294688127912362
833 27.294688127912362
834 27.294688127912362
835 27.294688127912362
836 27.294688127912362
837 27.294688127912362
838 27.294688127912362
839 27.294688127912362
840 27.294688127912362
841 27.294688127912362
842 27.294688127912362
843 27.294688127912362
844 27.294688127912362
845 27.294688127912362
846 27.294688127912362
847 27.294688127912362
848 27.294688127912362
849 27.294688127912362
850 27.294688127912362
851 27.294688127912362
852 27.294688127912362
853 27.294688127912362
854 27.294688127912362
855 27.294688127912362
856 27.294688127912362
857 27.294688127912362
858 27.294688127912362
859 27.294688127912362
860 27.294688127912362
861 27.294688127912362
862 27.294688127912362
863 27.294688127912362
864 27.294688127912362
865 27.294688127912362
866 27.294688127912362
867 27.294688127912362
868 27.294688127912362
869 27.294688127912362
870 27.294688127912362
871 27.294688127912362
872 27.294688127912362
873 27.294688127912362
874 27.294688127912362
875 27.294688127912362
876 27.294688127912362
877 27.294688127912362
878 27.294688127912362
879 27.294688127912362
880 27.294688127912362
881 27.294688127912362
882 27.294688127912362
883 27.294688127912362
884 27.294688127912362
885 27.294688127912362
886 27.294688127912362
887 27.294688127912362
888 27.294688127912362
889 27.294688127912362
890 27.294688127912362
891 27.294688127912362
892 27.294688127912362
893 27.294688127912362
894 27.294688127912362
895 27.294688127912362
896 27.294688127912362
897 27.294688127912362
898 27.294688127912362
899 27.294688127912362
900 27.294688127912362
901 27.294688127912362
902 27.294688127912362
903 27.294688127912362
904 27.294688127912362
905 27.294688127912362
906 27.294688127912362
907 27.294688127912362
908 27.294688127912362
909 27.294688127912362
910 27.294688127912362
911 27.294688127912362
912 27.294688127912362
913 27.294688127912362
914 27.294688127912362
915 27.294688127912362
916 27.294688127912362
917 27.294688127912362
918 27.294688127912362
919 27.294688127912362
920 27.294688127912362
921 27.294688127912362
922 27.294688127912362
923 27.294688127912362
924 28.178005607210743
925 28.178005607210743
926 28.178005607210743
927 28.178005607210743
928 28.178005607210743
929 28.178005607210743
930 28.178005607210743
931 28.178005607210743
932 28.178005607210743
933 28.178005607210743
934 28.178005607210743
935 28.178005607210743
936 28.178005607210743
937 28.178005607210743
938 28.178005607210743
939 28.178005607210743
940 28.178005607210743
941 28.178005607210743
942 28.178005607210743
943 28.178005607210743
944 28.178005607210743
945 28.178005607210743
946 28.178005607210743
947 28.178005607210743
948 28.178005607210743
949 28.178005607210743
950 28.178005607210743
951 28.178005607210743
952 28.178005607210743
953 28.178005607210743
954 28.178005607210743
955 28.178005607210743
956 28.178005607210743
957 28.178005607210743
958 28.178005607210743
959 28.178005607210743
960 28.178005607210743
961 28.178005607210743
962 28.178005607210743
963 28.178005607210743
964 28.178005607210743
965 28.178005607210743
966 28.178005607210743
967 28.178005607210743
968 28.178005607210743
969 28.178005607210743
970 28.178005607210743
971 28.178005607210743
972 28.178005607210743
973 28.178005607210743
974 28.178005607210743
975 28.178005607210743
976 28.178005607210743
977 28.178005607210743
978 28.178005607210743
979 28.178005607210743
980 28.178005607210743
981 28.178005607210743
982 28.178005607210743
983 28.178005607210743
984 28.178005607210743
985 28.178005607210743
986 28.178005607210743
987 28.178005607210743
988 28.178005607210743
989 28.178005607210743
990 28.178005607210743
991 28.178005607210743
992 28.178005607210743
993 28.178005607210743
994 28.178005607210743
995 28.178005607210743
996 28.178005607210743
997 28.178005607210743
998 28.178005607210743
999 28.178005607210743
1000 28.178005607210743
1001 28.178005607210743
1002 28.178005607210743
1003 28.178005607210743
1004 28.178005607210743
1005 28.178005607210743
1006 28.178005607210743
1007 28.178005607210743
1008 28.178005607210743
1009 28.178005607210743
1010 28.178005607210743
1011 28.178005607210743
1012 28.178005607210743
1013 28.178005607210743
1014 28.178005607210743
1015 28.178005607210743
1016 28.178005607210743
1017 28.178005607210743
1018 28.178005607210743
1019 28.178005607210743
1020 28.178005607210743
1021 28.178005607210743
1022 28.178005607210743
1023 28.178005607210743
1024 28.178005607210743
1025 28.178005607210743
1026 28.178005607210743
1027 28.178005607210743
1028 28.178005607210743
1029 28.178005607210743
1030 28.178005607210743
1031 28.178005607210743
1032 28.178005607210743
1033 28.178005607210743
1034 28.178005607210743
1035 28.178005607210743
1036 28.178005607210743
1037 28.178005607210743
1038 28.178005607210743
1039 28.178005607210743
1040 28.178005607210743
1041 28.178005607210743
1042 28.178005607210743
1043 28.178005607210743
1044 28.178005607210743
1045 28.178005607210743
1046 28.178005607210743
1047 28.178005607210743
1048 28.178005607210743
1049 28.178005607210743
1050 28.178005607210743
1051 28.178005607210743
1052 28.178005607210743
1053 28.178005607210743
1054 28.178005607210743
1055 28.178005607210743
1056 28.178005607210743
1057 28.178005607210743
1058 28.178005607210743
1059 28.178005607210743
1060 28.178005607210743
1061 28.178005607210743
1062 28.178005607210743
1063 28.178005607210743
1064 28.178005607210743
1065 28.178005607210743
1066 28.178005607210743
1067 28.178005607210743
1068 28.178005607210743
1069 28.178005607210743
1070 28.178005607210743
1071 28.178005607210743
1072 28.178005607210743
1073 28.178005607210743
1074 28.178005607210743
1075 28.178005607210743
1076 28.178005607210743
1077 28.178005607210743
1078 28.178005607210743
1079 28.178005607210743
1080 28.178005607210743
1081 28.178005607210743
1082 28.178005607210743
1083 28.178005607210743
1084 28.178005607210743
1085 28.178005607210743
1086 28.178005607210743
1087 28.178005607210743
1088 28.178005607210743
1089 28.178005607210743
1090 28.178005607210743
1091 28.178005607210743
1092 28.178005607210743
1093 28.178005607210743
1094 28.178005607210743
1095 28.178005607210743
1096 28.178005607210743
1097 28.178005607210743
1098 28.178005607210743
1099 28.178005607210743
1100 28.178005607210743
1101 28.178005607210743
1102 29.120439557122072
1103 29.120439557122072
1104 29.120439557122072
1105 29.120439557122072
1106 29.120439557122072
1107 29.120439557122072
1108 29.120439557122072
1109 29.120439557122072
1110 29.120439557122072
1111 29.120439557122072
1112 29.120439557122072
1113 29.120439557122072
1114 29.120439557122072
1115 29.120439557122072
1116 29.120439557122072
1117 29.120439557122072
1118 29.120439557122072
1119 29.120439557122072
1120 29.120439557122072
1121 29.120439557122072
1122 29.120439557122072
1123 29.120439557122072
1124 29.120439557122072
1125 29.120439557122072
1126 29.120439557122072
1127 29.120439557122072
1128 29.120439557122072
1129 29.120439557122072
1130 29.120439557122072
1131 29.120439557122072
1132 29.120439557122072
1133 29.120439557122072
1134 29.120439557122072
1135 29.120439557122072
1136 29.120439557122072
1137 29.120439557122072
1138 29.120439557122072
1139 29.120439557122072
1140 29.120439557122072
1141 29.120439557122072
1142 29.120439557122072
1143 29.120439557122072
1144 29.5296461204668
1145 29.5296461204668
1146 29.5296461204668
1147 29.5296461204668
1148 29.5296461204668
1149 29.5296461204668
1150 29.5296461204668
1151 29.5296461204668
1152 29.5296461204668
1153 29.5296461204668
1154 29.5296461204668
1155 29.5296461204668
1156 29.5296461204668
1157 29.5296461204668
1158 29.5296461204668
1159 29.5296461204668
1160 29.5296461204668
1161 29.5296461204668
1162 29.5296461204668
1163 29.5296461204668
1164 29.5296461204668
1165 29.5296461204668
1166 29.5296461204668
1167 29.5296461204668
1168 29.5296461204668
1169 29.5296461204668
1170 29.5296461204668
1171 29.5296461204668
1172 30.01666203960727
1173 30.01666203960727
1174 30.01666203960727
1175 30.01666203960727
1176 30.01666203960727
1177 30.01666203960727
1178 30.01666203960727
1179 30.01666203960727
1180 30.01666203960727
1181 30.01666203960727
1182 30.01666203960727
1183 30.01666203960727
1184 30.01666203960727
1185 30.01666203960727
1186 30.01666203960727
1187 30.01666203960727
1188 30.01666203960727
1189 30.01666203960727
1190 30.01666203960727
1191 30.01666203960727
1192 30.01666203960727
1193 30.01666203960727
1194 30.01666203960727
1195 30.01666203960727
1196 30.886890422961002
1197 30.886890422961002
1198 30.886890422961002
1199 30.886890422961002
1200 30.886890422961002
1201 30.886890422961002
1202 30.886890422961002
1203 30.886890422961002
1204 30.886890422961002
1205 30.886890422961002
1206 30.886890422961002
1207 30.886890422961002
1208 30.886890422961002
1209 30.886890422961002
1210 30.886890422961002
1211 30.886890422961002
1212 30.886890422961002
1213 30.886890422961002
1214 30.886890422961002
1215 30.886890422961002
1216 30.886890422961002
1217 30.886890422961002
1218 30.886890422961002
1219 30.886890422961002
1220 30.886890422961002
1221 30.886890422961002
1222 30.886890422961002
1223 30.886890422961002
1224 30.886890422961002
1225 30.886890422961002
1226 30.886890422961002
1227 30.886890422961002
1228 30.886890422961002
1229 30.886890422961002
1230 30.886890422961002
1231 30.886890422961002
1232 30.886890422961002
1233 30.886890422961002
1234 30.886890422961002
1235 30.886890422961002
1236 30.886890422961002
1237 30.886890422961002
1238 30.886890422961002
1239 30.886890422961002
1240 30.886890422961002
1241 30.886890422961002
1242 30.886890422961002
1243 30.886890422961002
1244 30.886890422961002
1245 30.886890422961002
1246 30.886890422961002
1247 30.886890422961002
1248 30.886890422961002
1249 30.886890422961002
1250 30.886890422961002
1251 30.886890422961002
1252 30.886890422961002
1253 30.886890422961002
1254 30.886890422961002
1255 30.886890422961002
1256 30.886890422961002
1257 30.886890422961002
1258 30.886890422961002
1259 30.886890422961002
1260 30.886890422961002
1261 30.886890422961002
1262 30.886890422961002
1263 30.886890422961002
1264 30.886890422961002
1265 30.886890422961002
1266 30.886890422961002
1267 30.886890422961002
1268 30.886890422961002
1269 30.886890422961002
1270 30.886890422961002
1271 31.76476034853718
1272 31.76476034853718
1273 31.76476034853718
1274 31.76476034853718
1275 31.76476034853718
1276 31.76476034853718
1277 31.76476034853718
1278 31.76476034853718
1279 31.76476034853718
1280 31.76476034853718
1281 31.76476034853718
1282 31.76476034853718
1283 31.76476034853718
1284 31.76476034853718
1285 31.76476034853718
1286 31.76476034853718
1287 31.76476034853718
1288 31.76476034853718
1289 31.76476034853718
1290 31.76476034853718
1291 31.76476034853718
1292 31.76476034853718
1293 31.76476034853718
1294 31.76476034853718
1295 31.76476034853718
1296 31.76476034853718
1297 31.76476034853718
1298 31.76476034853718
1299 31.76476034853718
1300 31.76476034853718
1301 31.76476034853718
1302 31.76476034853718
1303 31.76476034853718
1304 31.76476034853718
1305 31.76476034853718
1306 31.76476034853718
1307 31.76476034853718
1308 31.76476034853718
1309 31.76476034853718
1310 31.76476034853718
1311 31.76476034853718
1312 31.76476034853718
1313 31.76476034853718
1314 31.76476034853718
1315 31.76476034853718
1316 31.76476034853718
1317 31.76476034853718
1318 31.76476034853718
1319 31.76476034853718
1320 31.76476034853718
1321 31.76476034853718
1322 31.76476034853718
1323 31.76476034853718
1324 31.76476034853718
1325 31.76476034853718
1326 31.76476034853718
1327 31.76476034853718
1328 31.76476034853718
1329 31.76476034853718
1330 31.76476034853718
1331 31.76476034853718
1332 31.76476034853718
1333 31.76476034853718
1334 31.76476034853718
1335 31.76476034853718
1336 31.76476034853718
1337 31.76476034853718
1338 31.76476034853718
1339 31.76476034853718
1340 31.76476034853718
1341 31.76476034853718
1342 31.76476034853718
1343 31.76476034853718
1344 31.76476034853718
1345 31.76476034853718
1346 31.76476034853718
1347 31.76476034853718
1348 31.76476034853718
1349 31.76476034853718
1350 31.76476034853718
1351 31.76476034853718
1352 31.76476034853718
1353 31.76476034853718
1354 31.76476034853718
1355 31.76476034853718
1356 31.76476034853718
1357 31.76476034853718
1358 31.76476034853718
1359 31.76476034853718
1360 31.76476034853718
1361 31.76476034853718
1362 31.76476034853718
1363 31.76476034853718
1364 31.76476034853718
1365 31.76476034853718
1366 31.76476034853718
1367 31.76476034853718
1368 31.76476034853718
1369 31.76476034853718
1370 31.76476034853718
1371 31.76476034853718
1372 31.76476034853718
1373 31.76476034853718
1374 31.76476034853718
1375 31.76476034853718
1376 31.76476034853718
1377 31.76476034853718
1378 31.76476034853718
1379 31.76476034853718
1380 31.76476034853718
1381 31.76476034853718
1382 31.76476034853718
1383 31.76476034853718
1384 31.76476034853718
1385 31.76476034853718
1386 31.76476034853718
1387 31.76476034853718
1388 31.76476034853718
1389 31.76476034853718
1390 31.76476034853718
1391 31.76476034853718
1392 31.76476034853718
1393 31.76476034853718
1394 31.76476034853718
1395 31.76476034853718
1396 31.76476034853718
1397 31.76476034853718
1398 31.76476034853718
1399 31.76476034853718
1400 31.76476034853718
1401 31.76476034853718
1402 31.76476034853718
1403 31.76476034853718
1404 31.76476034853718
1405 31.76476034853718
1406 31.76476034853718
1407 31.76476034853718
1408 31.76476034853718
1409 31.76476034853718
1410 31.76476034853718
1411 31.76476034853718
1412 31.76476034853718
1413 31.76476034853718
1414 31.76476034853718
1415 31.76476034853718
1416 31.76476034853718
1417 31.76476034853718
1418 31.76476034853718
1419 31.76476034853718
1420 31.76476034853718
1421 31.76476034853718
1422 31.76476034853718
1423 31.76476034853718
1424 31.76476034853718
1425 31.76476034853718
1426 31.76476034853718
1427 31.76476034853718
1428 31.76476034853718
1429 31.76476034853718
1430 31.76476034853718
1431 31.76476034853718
1432 31.76476034853718
1433 31.76476034853718
1434 31.76476034853718
1435 31.76476034853718
1436 31.76476034853718
1437 31.76476034853718
1438 31.76476034853718
1439 31.76476034853718
1440 31.76476034853718
1441 31.76476034853718
1442 31.76476034853718
1443 31.76476034853718
1444 31.76476034853718
1445 31.76476034853718
1446 31.953090617340916
1447 31.953090617340916
1448 31.953090617340916
1449 31.953090617340916
1450 31.953090617340916
1451 31.953090617340916
1452 31.953090617340916
1453 31.953090617340916
1454 31.953090617340916
1455 31.953090617340916
1456 31.953090617340916
1457 31.953090617340916
1458 31.953090617340916
1459 31.953090617340916
1460 32.89376840679705
1461 32.89376840679705
1462 32.89376840679705
1463 32.89376840679705
1464 32.89376840679705
1465 32.89376840679705
1466 32.89376840679705
1467 32.89376840679705
1468 32.89376840679705
1469 32.89376840679705
1470 32.89376840679705
1471 32.89376840679705
1472 32.89376840679705
1473 32.89376840679705
1474 32.89376840679705
1475 32.89376840679705
1476 32.89376840679705
1477 32.89376840679705
1478 32.89376840679705
1479 32.89376840679705
1480 32.89376840679705
1481 32.89376840679705
1482 32.89376840679705
1483 32.89376840679705
1484 32.89376840679705
1485 32.89376840679705
1486 32.89376840679705
1487 32.89376840679705
1488 32.89376840679705
1489 32.89376840679705
1490 32.89376840679705
1491 32.89376840679705
1492 32.89376840679705
1493 32.89376840679705
1494 32.89376840679705
1495 32.89376840679705
1496 32.89376840679705
1497 32.89376840679705
1498 32.89376840679705
1499 32.89376840679705
1500 32.89376840679705
1501 32.89376840679705
1502 32.89376840679705
1503 32.89376840679705
1504 32.89376840679705
1505 32.89376840679705
1506 32.89376840679705
1507 32.89376840679705
1508 32.89376840679705
1509 32.89376840679705
1510 32.89376840679705
1511 32.89376840679705
1512 32.89376840679705
1513 32.89376840679705
1514 32.89376840679705
1515 32.89376840679705
1516 32.89376840679705
1517 32.89376840679705
1518 32.89376840679705
1519 32.89376840679705
1520 32.89376840679705
1521 32.89376840679705
1522 32.89376840679705
1523 32.89376840679705
1524 32.89376840679705
1525 32.89376840679705
1526 32.89376840679705
1527 32.89376840679705
1528 32.89376840679705
1529 32.89376840679705
1530 32.89376840679705
1531 32.89376840679705
1532 32.89376840679705
1533 32.89376840679705
1534 32.89376840679705
1535 32.89376840679705
1536 32.89376840679705
1537 32.89376840679705
1538 32.89376840679705
1539 32.89376840679705
1540 32.89376840679705
1541 32.89376840679705
1542 32.89376840679705
1543 32.89376840679705
1544 32.89376840679705
1545 32.89376840679705
1546 32.89376840679705
1547 32.89376840679705
1548 32.89376840679705
1549 32.89376840679705
1550 32.89376840679705
1551 32.89376840679705
1552 32.89376840679705
1553 32.89376840679705
1554 32.89376840679705
1555 32.89376840679705
1556 32.89376840679705
1557 32.89376840679705
1558 32.89376840679705
1559 32.89376840679705
1560 32.89376840679705
1561 32.89376840679705
1562 32.89376840679705
1563 32.89376840679705
1564 32.89376840679705
1565 32.89376840679705
1566 32.89376840679705
1567 32.89376840679705
1568 32.89376840679705
1569 32.89376840679705
1570 32.89376840679705
1571 32.984845004941285
1572 32.984845004941285
1573 32.984845004941285
1574 32.984845004941285
1575 32.984845004941285
1576 32.984845004941285
1577 32.984845004941285
1578 32.984845004941285
1579 32.984845004941285
1580 33.83784863137726
1581 33.83784863137726
1582 33.83784863137726
1583 33.83784863137726
1584 33.83784863137726
1585 33.83784863137726
1586 33.83784863137726
1587 33.83784863137726
1588 33.83784863137726
1589 33.83784863137726
1590 33.83784863137726
1591 33.83784863137726
1592 33.83784863137726
1593 33.83784863137726
1594 33.83784863137726
1595 33.83784863137726
1596 33.83784863137726
1597 33.83784863137726
1598 33.83784863137726
1599 33.83784863137726
1600 33.83784863137726
1601 33.83784863137726
1602 33.83784863137726
1603 33.83784863137726
1604 33.83784863137726
1605 34.17601498127012
1606 34.17601498127012
1607 34.17601498127012
1608 34.17601498127012
1609 34.17601498127012
1610 34.17601498127012
1611 34.17601498127012
1612 34.17601498127012
1613 34.17601498127012
1614 34.17601498127012
1615 34.17601498127012
1616 34.17601498127012
1617 34.17601498127012
1618 34.17601498127012
1619 34.17601498127012
1620 34.17601498127012
1621 34.17601498127012
1622 34.17601498127012
1623 34.17601498127012
1624 34.17601498127012
1625 34.17601498127012
1626 34.17601498127012
1627 34.17601498127012
1628 34.17601498127012
1629 34.17601498127012
1630 34.17601498127012
1631 34.17601498127012
1632 34.17601498127012
1633 34.17601498127012
1634 34.17601498127012
1635 34.17601498127012
1636 34.17601498127012
1637 34.17601498127012
1638 34.17601498127012
1639 34.17601498127012
1640 34.17601498127012
1641 34.17601498127012
1642 34.17601498127012
1643 34.17601498127012
1644 34.17601498127012
1645 34.17601498127012
1646 34.17601498127012
1647 34.17601498127012
1648 34.17601498127012
1649 34.17601498127012
1650 34.17601498127012
1651 34.17601498127012
1652 34.17601498127012
1653 34.17601498127012
1654 34.17601498127012
1655 34.17601498127012
1656 34.17601498127012
1657 34.17601498127012
1658 34.17601498127012
1659 34.17601498127012
1660 34.17601498127012
1661 34.17601498127012
1662 34.17601498127012
1663 34.17601498127012
1664 34.17601498127012
1665 34.17601498127012
1666 34.17601498127012
1667 34.17601498127012
1668 34.17601498127012
1669 34.17601498127012
1670 34.17601498127012
1671 34.17601498127012
1672 34.17601498127012
1673 34.17601498127012
1674 34.17601498127012
1675 34.17601498127012
1676 34.17601498127012
1677 34.17601498127012
1678 34.17601498127012
1679 34.17601498127012
1680 34.17601498127012
1681 34.17601498127012
1682 34.17601498127012
1683 34.17601498127012
1684 34.17601498127012
1685 34.17601498127012
1686 34.17601498127012
1687 34.17601498127012
1688 34.17601498127012
1689 34.17601498127012
1690 34.17601498127012
1691 34.17601498127012
1692 34.17601498127012
1693 34.17601498127012
1694 34.17601498127012
1695 34.17601498127012
1696 34.17601498127012
1697 34.17601498127012
1698 34.17601498127012
1699 34.17601498127012
1700 34.17601498127012
1701 34.17601498127012
1702 34.17601498127012
1703 34.17601498127012
1704 34.17601498127012
1705 34.17601498127012
1706 34.17601498127012
1707 34.17601498127012
1708 34.17601498127012
1709 34.17601498127012
1710 34.17601498127012
1711 34.17601498127012
1712 34.17601498127012
1713 34.17601498127012
1714 34.17601498127012
1715 34.17601498127012
1716 34.17601498127012
1717 34.17601498127012
1718 34.17601498127012
1719 34.17601498127012
1720 34.17601498127012
1721 34.17601498127012
1722 34.17601498127012
1723 34.17601498127012
1724 34.17601498127012
1725 34.17601498127012
1726 34.17601498127012
1727 34.17601498127012
1728 34.17601498127012
1729 34.17601498127012
1730 34.17601498127012
1731 34.17601498127012
1732 34.17601498127012
1733 34.17601498127012
1734 34.17601498127012
1735 34.17601498127012
1736 34.17601498127012
1737 34.17601498127012
1738 34.17601498127012
1739 34.17601498127012
1740 34.17601498127012
1741 34.17601498127012
1742 34.17601498127012
1743 34.17601498127012
1744 34.17601498127012
1745 34.17601498127012
1746 34.17601498127012
1747 34.17601498127012
1748 34.17601498127012
1749 34.17601498127012
1750 34.17601498127012
1751 34.17601498127012
1752 34.17601498127012
1753 34.17601498127012
1754 34.17601498127012
1755 34.17601498127012
1756 34.17601498127012
1757 34.17601498127012
1758 34.17601498127012
1759 34.17601498127012
1760 34.17601498127012
1761 34.17601498127012
1762 34.17601498127012
1763 34.17601498127012
1764 34.17601498127012
1765 34.17601498127012
1766 34.17601498127012
1767 34.20526275297414
1768 34.20526275297414
1769 34.20526275297414
1770 34.20526275297414
1771 34.20526275297414
1772 34.20526275297414
1773 34.539832078341085
1774 34.539832078341085
1775 34.539832078341085
1776 34.539832078341085
1777 34.539832078341085
1778 34.539832078341085
1779 34.539832078341085
1780 34.539832078341085
1781 34.539832078341085
1782 34.539832078341085
1783 34.539832078341085
1784 35.11409973215888
1785 35.11409973215888
1786 35.11409973215888
1787 35.11409973215888
1788 35.11409973215888
1789 35.11409973215888
1790 35.11409973215888
1791 35.11409973215888
1792 35.11409973215888
1793 35.11409973215888
1794 35.11409973215888
1795 35.11409973215888
1796 35.11409973215888
1797 35.11409973215888
1798 35.11409973215888
1799 35.11409973215888
1800 35.17101079013795
1801 35.17101079013795
1802 35.17101079013795
1803 35.17101079013795
1804 35.17101079013795
1805 35.17101079013795
1806 35.17101079013795
1807 35.17101079013795
1808 35.17101079013795
1809 35.17101079013795
1810 35.17101079013795
1811 35.17101079013795
1812 35.17101079013795
1813 35.17101079013795
1814 35.17101079013795
1815 35.17101079013795
1816 35.17101079013795
1817 35.17101079013795
1818 35.17101079013795
1819 35.17101079013795
1820 35.17101079013795
1821 35.17101079013795
1822 35.17101079013795
1823 35.17101079013795
1824 35.17101079013795
1825 35.17101079013795
1826 35.17101079013795
1827 35.17101079013795
1828 35.17101079013795
1829 35.17101079013795
1830 35.17101079013795
1831 35.17101079013795
1832 35.17101079013795
1833 35.17101079013795
1834 36.05551275463989
1835 36.05551275463989
1836 36.05551275463989
1837 36.05551275463989
1838 36.05551275463989
1839 36.05551275463989
1840 36.05551275463989
1841 36.05551275463989
1842 36.05551275463989
1843 36.05551275463989
1844 36.05551275463989
1845 36.05551275463989
1846 36.05551275463989
1847 36.05551275463989
1848 36.05551275463989
1849 36.05551275463989
1850 36.05551275463989
1851 36.05551275463989
1852 36.05551275463989
1853 36.05551275463989
1854 36.05551275463989
1855 36.05551275463989
1856 36.05551275463989
1857 36.05551275463989
1858 36.05551275463989
1859 36.05551275463989
1860 36.05551275463989
1861 36.05551275463989
1862 36.05551275463989
1863 36.05551275463989
1864 36.05551275463989
1865 36.05551275463989
1866 36.05551275463989
1867 36.05551275463989
1868 36.05551275463989
1869 36.05551275463989
1870 36.05551275463989
1871 36.05551275463989
1872 36.05551275463989
1873 36.05551275463989
1874 36.05551275463989
1875 36.05551275463989
1876 36.05551275463989
1877 36.05551275463989
1878 36.05551275463989
1879 36.05551275463989
1880 36.05551275463989
1881 36.05551275463989
1882 36.05551275463989
1883 36.05551275463989
1884 36.05551275463989
1885 36.05551275463989
1886 36.05551275463989
1887 36.05551275463989
1888 36.05551275463989
1889 36.05551275463989
1890 36.05551275463989
1891 36.05551275463989
1892 36.05551275463989
1893 36.05551275463989
1894 36.05551275463989
1895 36.05551275463989
1896 36.05551275463989
1897 36.05551275463989
1898 36.05551275463989
1899 36.05551275463989
1900 36.05551275463989
1901 36.05551275463989
1902 36.05551275463989
1903 36.05551275463989
1904 36.05551275463989
1905 36.05551275463989
1906 36.05551275463989
1907 36.05551275463989
1908 36.05551275463989
1909 36.05551275463989
1910 36.05551275463989
1911 36.05551275463989
1912 36.05551275463989
1913 36.05551275463989
1914 36.05551275463989
1915 36.05551275463989
1916 36.05551275463989
1917 36.05551275463989
1918 36.05551275463989
1919 36.05551275463989
1920 36.05551275463989
1921 36.05551275463989
1922 36.05551275463989
1923 36.05551275463989
1924 36.05551275463989
1925 36.05551275463989
1926 36.05551275463989
1927 36.05551275463989
1928 36.05551275463989
1929 36.05551275463989
1930 36.05551275463989
1931 36.05551275463989
1932 36.05551275463989
1933 36.05551275463989
1934 36.05551275463989
1935 36.05551275463989
1936 36.05551275463989
1937 36.05551275463989
1938 36.05551275463989
1939 36.05551275463989
1940 36.05551275463989
1941 36.05551275463989
1942 36.05551275463989
1943 36.05551275463989
1944 36.05551275463989
1945 36.05551275463989
1946 36.05551275463989
1947 36.05551275463989
1948 36.05551275463989
1949 36.05551275463989
1950 36.05551275463989
1951 36.05551275463989
1952 36.05551275463989
1953 36.05551275463989
1954 36.05551275463989
1955 36.05551275463989
1956 36.05551275463989
1957 36.05551275463989
1958 36.05551275463989
1959 36.138621999185304
1960 36.138621999185304
1961 36.138621999185304
1962 36.138621999185304
1963 36.138621999185304
1964 36.138621999185304
1965 36.138621999185304
1966 36.138621999185304
1967 36.138621999185304
1968 36.138621999185304
1969 36.138621999185304
1970 36.138621999185304
1971 36.138621999185304
1972 36.138621999185304
1973 36.138621999185304
1974 36.138621999185304
1975 36.138621999185304
1976 36.138621999185304
1977 36.138621999185304
1978 36.138621999185304
1979 36.138621999185304
1980 36.138621999185304
1981 36.138621999185304
1982 36.138621999185304
1983 36.138621999185304
1984 36.138621999185304
1985 36.138621999185304
1986 36.138621999185304
1987 36.138621999185304
1988 36.138621999185304
1989 36.138621999185304
1990 36.138621999185304
1991 36.138621999185304
1992 36.138621999185304
1993 36.138621999185304
1994 36.138621999185304
1995 36.138621999185304
1996 36.138621999185304
1997 36.138621999185304
1998 36.138621999185304
1999 36.138621999185304
2000 36.138621999185304
2001 36.138621999185304
2002 36.138621999185304
2003 36.138621999185304
2004 36.138621999185304
2005 36.138621999185304
2006 36.138621999185304
2007 36.138621999185304
2008 36.138621999185304
2009 36.138621999185304
2010 36.138621999185304
2011 36.138621999185304
2012 36.138621999185304
2013 36.138621999185304
2014 36.138621999185304
2015 36.138621999185304
2016 36.138621999185304
2017 36.138621999185304
2018 36.138621999185304
2019 36.138621999185304
2020 36.138621999185304
2021 36.138621999185304
2022 36.138621999185304
2023 36.138621999185304
2024 36.138621999185304
2025 36.138621999185304
2026 36.138621999185304
2027 36.138621999185304
2028 36.138621999185304
2029 36.138621999185304
2030 36.138621999185304
2031 36.138621999185304
2032 36.138621999185304
2033 36.138621999185304
2034 36.138621999185304
2035 36.138621999185304
2036 36.138621999185304
2037 36.138621999185304
2038 36.138621999185304
2039 36.138621999185304
2040 36.138621999185304
2041 36.138621999185304
2042 36.138621999185304
2043 36.138621999185304
2044 36.138621999185304
2045 36.138621999185304
2046 36.138621999185304
2047 36.138621999185304
2048 36.138621999185304
2049 36.138621999185304
2050 36.138621999185304
2051 36.138621999185304
2052 36.138621999185304
2053 36.138621999185304
2054 36.138621999185304
2055 36.138621999185304
2056 36.138621999185304
2057 36.138621999185304
2058 36.138621999185304
2059 36.138621999185304
2060 36.138621999185304
2061 36.138621999185304
2062 36.138621999185304
2063 36.138621999185304
2064 36.138621999185304
2065 36.138621999185304
2066 36.138621999185304
2067 36.138621999185304
2068 36.138621999185304
2069 36.138621999185304
2070 36.138621999185304
2071 36.138621999185304
2072 36.138621999185304
2073 36.138621999185304
2074 36.138621999185304
2075 36.138621999185304
2076 36.138621999185304
2077 36.138621999185304
2078 36.138621999185304
2079 36.138621999185304
2080 36.138621999185304
2081 36.138621999185304
2082 36.138621999185304
2083 36.138621999185304
2084 36.138621999185304
2085 36.138621999185304
2086 36.138621999185304
2087 36.138621999185304
2088 36.138621999185304
2089 36.138621999185304
2090 36.138621999185304
2091 36.138621999185304
2092 36.138621999185304
2093 36.138621999185304
2094 36.138621999185304
2095 36.138621999185304
2096 36.138621999185304
2097 36.138621999185304
2098 36.138621999185304
2099 36.138621999185304
2100 36.138621999185304
2101 36.138621999185304
2102 36.138621999185304
2103 36.138621999185304
2104 36.138621999185304
2105 36.138621999185304
2106 36.138621999185304
2107 36.138621999185304
2108 36.138621999185304
2109 36.138621999185304
2110 36.138621999185304
2111 36.138621999185304
2112 36.138621999185304
2113 36.138621999185304
2114 36.138621999185304
2115 36.138621999185304
2116 36.138621999185304
2117 36.138621999185304
2118 36.138621999185304
2119 36.138621999185304
2120 36.138621999185304
2121 36.87817782917155
2122 36.87817782917155
2123 36.87817782917155
2124 36.87817782917155
2125 36.87817782917155
2126 36.87817782917155
2127 36.87817782917155
2128 36.87817782917155
2129 36.87817782917155
2130 36.87817782917155
2131 36.87817782917155
2132 36.87817782917155
2133 36.87817782917155
2134 36.87817782917155
2135 36.87817782917155
2136 36.87817782917155
2137 36.87817782917155
2138 36.87817782917155
2139 36.87817782917155
2140 36.87817782917155
2141 36.87817782917155
2142 36.87817782917155
2143 36.87817782917155
2144 36.87817782917155
2145 36.87817782917155
2146 36.87817782917155
2147 36.87817782917155
2148 36.87817782917155
2149 36.87817782917155
2150 36.87817782917155
2151 36.87817782917155
2152 36.87817782917155
2153 36.87817782917155
2154 36.87817782917155
2155 36.87817782917155
2156 36.87817782917155
2157 36.87817782917155
2158 36.87817782917155
2159 36.87817782917155
2160 36.87817782917155
2161 36.87817782917155
2162 36.87817782917155
2163 36.87817782917155
2164 36.87817782917155
2165 36.87817782917155
2166 36.87817782917155
2167 36.87817782917155
2168 36.87817782917155
2169 37.8549864614954
2170 37.8549864614954
2171 37.8549864614954
2172 37.8549864614954
2173 37.8549864614954
2174 37.8549864614954
2175 37.8549864614954
2176 37.8549864614954
2177 37.8549864614954
2178 37.8549864614954
2179 37.8549864614954
2180 37.8549864614954
2181 37.8549864614954
2182 37.8549864614954
2183 37.8549864614954
2184 37.8549864614954
2185 37.8549864614954
2186 37.8549864614954
2187 37.8549864614954
2188 37.8549864614954
2189 37.8549864614954
2190 37.8549864614954
2191 37.8549864614954
2192 37.8549864614954
2193 37.8549864614954
2194 37.8549864614954
2195 37.8549864614954
2196 37.8549864614954
2197 37.8549864614954
2198 37.8549864614954
2199 37.8549864614954
2200 37.8549864614954
2201 37.8549864614954
2202 37.8549864614954
2203 37.8549864614954
2204 37.8549864614954
2205 37.8549864614954
2206 37.8549864614954
2207 37.8549864614954
2208 37.8549864614954
2209 37.8549864614954
2210 38.8329756778952
2211 38.8329756778952
2212 38.8329756778952
2213 38.8329756778952
2214 38.8329756778952
2215 38.8329756778952
2216 38.8329756778952
2217 38.8329756778952
2218 38.8329756778952
2219 38.8329756778952
2220 38.8329756778952
2221 38.8329756778952
2222 38.8329756778952
2223 38.8329756778952
2224 38.8329756778952
2225 38.8329756778952
2226 38.8329756778952
2227 38.8329756778952
2228 38.8329756778952
2229 38.8329756778952
2230 38.8329756778952
2231 38.8329756778952
2232 38.8329756778952
2233 38.8329756778952
2234 38.8329756778952
2235 38.8329756778952
2236 38.8329756778952
2237 38.8329756778952
2238 38.8329756778952
2239 38.8329756778952
2240 38.8329756778952
2241 38.8329756778952
2242 38.8329756778952
2243 38.8329756778952
2244 38.8329756778952
2245 38.8329756778952
2246 38.8329756778952
2247 38.8329756778952
2248 38.8329756778952
2249 38.8329756778952
2250 38.8329756778952
2251 38.8329756778952
2252 38.8329756778952
2253 38.8329756778952
2254 38.8329756778952
2255 38.8329756778952
2256 38.8329756778952
2257 38.8329756778952
2258 38.8329756778952
2259 38.8329756778952
2260 38.8329756778952
2261 38.8329756778952
2262 38.8329756778952
2263 38.8329756778952
2264 38.8329756778952
2265 38.8329756778952
2266 38.8329756778952
2267 38.8329756778952
2268 38.8329756778952
2269 38.8329756778952
2270 38.8329756778952
2271 38.8329756778952
2272 38.8329756778952
2273 38.8329756778952
2274 38.8329756778952
2275 38.8329756778952
2276 38.8329756778952
2277 38.8329756778952
2278 38.8329756778952
2279 38.8329756778952
2280 38.8329756778952
2281 38.8329756778952
2282 38.8329756778952
2283 38.8329756778952
2284 38.8329756778952
2285 38.8329756778952
2286 38.8329756778952
2287 38.8329756778952
2288 38.8329756778952
2289 38.8329756778952
2290 38.8329756778952
2291 38.8329756778952
2292 38.8329756778952
2293 38.8329756778952
2294 38.8329756778952
2295 38.8329756778952
2296 38.8329756778952
2297 38.8329756778952
2298 38.8329756778952
2299 38.8329756778952
2300 38.8329756778952
2301 38.8329756778952
2302 38.8329756778952
2303 38.8329756778952
2304 38.8329756778952
2305 38.8329756778952
2306 38.8329756778952
2307 38.8329756778952
2308 38.8329756778952
2309 38.8329756778952
2310 38.8329756778952
2311 38.8329756778952
2312 38.8329756778952
2313 38.8329756778952
2314 38.8329756778952
2315 38.8329756778952
2316 38.8329756778952
2317 38.8329756778952
2318 38.8329756778952
2319 38.8329756778952
2320 38.8329756778952
2321 38.8329756778952
2322 38.8329756778952
2323 38.8329756778952
2324 38.8329756778952
2325 38.8329756778952
2326 38.8329756778952
2327 38.8329756778952
2328 38.8329756778952
2329 39.81205847478876
2330 39.81205847478876
2331 39.81205847478876
2332 39.81205847478876
2333 39.81205847478876
2334 39.81205847478876
2335 39.81205847478876
2336 39.81205847478876
2337 39.81205847478876
2338 39.81205847478876
2339 39.81205847478876
2340 39.81205847478876
2341 39.81205847478876
2342 39.81205847478876
2343 39.81205847478876
2344 39.81205847478876
2345 39.81205847478876
2346 39.81205847478876
2347 39.81205847478876
2348 39.81205847478876
2349 39.81205847478876
2350 39.81205847478876
2351 39.81205847478876
2352 39.81205847478876
2353 39.81205847478876
2354 39.81205847478876
2355 39.81205847478876
2356 39.81205847478876
2357 39.81205847478876
2358 39.81205847478876
2359 39.81205847478876
2360 39.81205847478876
2361 39.81205847478876
2362 39.81205847478876
2363 39.81205847478876
2364 39.81205847478876
2365 39.81205847478876
2366 39.81205847478876
2367 39.81205847478876
2368 39.81205847478876
2369 39.81205847478876
2370 39.81205847478876
2371 39.81205847478876
2372 39.81205847478876
2373 39.81205847478876
2374 39.81205847478876
2375 39.81205847478876
2376 39.81205847478876
2377 39.81205847478876
2378 39.81205847478876
2379 39.81205847478876
2380 39.81205847478876
2381 39.81205847478876
2382 39.81205847478876
2383 39.81205847478876
2384 39.81205847478876
2385 39.81205847478876
2386 39.81205847478876
2387 39.81205847478876
2388 39.81205847478876
2389 39.81205847478876
2390 39.81205847478876
2391 39.81205847478876
2392 39.81205847478876
2393 39.81205847478876
2394 39.81205847478876
2395 39.81205847478876
2396 39.81205847478876
2397 39.81205847478876
2398 39.81205847478876
2399 39.81205847478876
2400 39.81205847478876
2401 39.81205847478876
2402 39.81205847478876
2403 39.81205847478876
2404 39.81205847478876
2405 39.81205847478876
2406 39.81205847478876
2407 39.81205847478876
2408 39.81205847478876
2409 39.81205847478876
2410 39.81205847478876
2411 39.81205847478876
2412 39.81205847478876
2413 39.81205847478876
2414 39.81205847478876
2415 39.81205847478876
2416 39.81205847478876
2417 39.81205847478876
2418 39.81205847478876
2419 39.81205847478876
2420 39.81205847478876
2421 39.81205847478876
2422 39.81205847478876
2423 39.81205847478876
2424 39.81205847478876
2425 39.81205847478876
2426 39.81205847478876
2427 39.81205847478876
2428 39.81205847478876
2429 39.81205847478876
2430 39.81205847478876
2431 39.81205847478876
2432 39.81205847478876
2433 39.81205847478876
2434 39.81205847478876
2435 39.81205847478876
2436 39.81205847478876
2437 39.81205847478876
2438 39.81205847478876
2439 39.81205847478876
2440 39.81205847478876
2441 39.81205847478876
2442 39.81205847478876
2443 39.81205847478876
2444 39.81205847478876
2445 39.81205847478876
2446 39.81205847478876
2447 39.81205847478876
2448 39.81205847478876
2449 39.81205847478876
2450 39.81205847478876
2451 39.81205847478876
2452 39.81205847478876
2453 39.81205847478876
2454 39.81205847478876
2455 39.81205847478876
2456 39.81205847478876
2457 39.81205847478876
2458 39.81205847478876
2459 39.81205847478876
2460 39.81205847478876
2461 39.81205847478876
2462 39.81205847478876
2463 39.81205847478876
2464 39.81205847478876
2465 39.81205847478876
2466 39.81205847478876
2467 39.81205847478876
2468 39.81205847478876
2469 39.81205847478876
2470 39.81205847478876
2471 39.81205847478876
2472 39.81205847478876
2473 39.81205847478876
2474 39.81205847478876
2475 39.81205847478876
2476 39.81205847478876
2477 39.81205847478876
2478 39.81205847478876
2479 39.81205847478876
2480 39.81205847478876
2481 39.81205847478876
2482 39.81205847478876
2483 39.81205847478876
2484 39.81205847478876
2485 39.81205847478876
2486 39.81205847478876
2487 39.81205847478876
2488 39.81205847478876
2489 39.81205847478876
2490 39.81205847478876
2491 39.81205847478876
2492 39.81205847478876
2493 39.81205847478876
2494 39.81205847478876
2495 39.81205847478876
2496 39.81205847478876
2497 39.81205847478876
2498 39.81205847478876
2499 39.81205847478876
2500 39.81205847478876
2501 39.81205847478876
2502 39.81205847478876
2503 39.81205847478876
2504 39.81205847478876
2505 39.81205847478876
2506 39.81205847478876
2507 39.81205847478876
2508 39.81205847478876
2509 39.81205847478876
2510 39.81205847478876
2511 39.81205847478876
2512 39.81205847478876
2513 39.81205847478876
2514 39.81205847478876
2515 39.81205847478876
2516 39.81205847478876
2517 39.81205847478876
2518 39.81205847478876
2519 39.81205847478876
2520 39.81205847478876
2521 39.81205847478876
2522 39.81205847478876
2523 39.81205847478876
2524 39.81205847478876
2525 39.81205847478876
2526 39.81205847478876
2527 39.81205847478876
2528 39.81205847478876
2529 39.81205847478876
2530 39.81205847478876
2531 39.81205847478876
2532 39.81205847478876
2533 39.81205847478876
2534 39.81205847478876
2535 39.81205847478876
2536 39.81205847478876
2537 39.81205847478876
2538 39.81205847478876
2539 39.81205847478876
2540 39.81205847478876
2541 39.81205847478876
2542 39.81205847478876
2543 39.81205847478876
2544 39.81205847478876
2545 39.81205847478876
2546 39.81205847478876
2547 39.81205847478876
2548 39.81205847478876
2549 39.81205847478876
2550 39.81205847478876
2551 39.81205847478876
2552 39.81205847478876
2553 39.81205847478876
2554 39.81205847478876
2555 39.81205847478876
2556 39.81205847478876
2557 39.81205847478876
2558 39.81205847478876
2559 39.81205847478876
2560 39.81205847478876
2561 39.81205847478876
2562 39.81205847478876
2563 39.81205847478876
2564 39.81205847478876
2565 39.81205847478876
2566 39.81205847478876
2567 39.81205847478876
2568 39.81205847478876
2569 39.81205847478876
2570 39.81205847478876
2571 39.81205847478876
2572 39.81205847478876
2573 39.81205847478876
2574 39.81205847478876
2575 39.81205847478876
2576 39.81205847478876
2577 39.81205847478876
2578 39.81205847478876
2579 39.81205847478876
2580 39.81205847478876
2581 39.81205847478876
2582 39.81205847478876
2583 39.81205847478876
2584 39.81205847478876
2585 39.81205847478876
2586 39.81205847478876
2587 39.81205847478876
2588 39.81205847478876
2589 39.81205847478876
2590 39.81205847478876
2591 39.81205847478876
2592 39.81205847478876
2593 39.81205847478876
2594 39.81205847478876
2595 39.81205847478876
2596 39.81205847478876
2597 39.81205847478876
2598 39.81205847478876
2599 39.81205847478876
2600 39.81205847478876
2601 39.81205847478876
2602 39.81205847478876
2603 39.81205847478876
2604 39.81205847478876
2605 39.81205847478876
2606 39.81205847478876
2607 39.81205847478876
2608 39.81205847478876
2609 39.81205847478876
2610 39.81205847478876
2611 39.81205847478876
2612 39.81205847478876
2613 39.81205847478876
2614 39.81205847478876
2615 39.81205847478876
2616 39.81205847478876
2617 39.81205847478876
2618 39.81205847478876
2619 39.81205847478876
2620 39.81205847478876
2621 39.81205847478876
2622 39.81205847478876
2623 39.81205847478876
2624 39.81205847478876
2625 39.81205847478876
2626 39.81205847478876
2627 39.81205847478876
2628 39.81205847478876
2629 39.81205847478876
2630 39.81205847478876
2631 39.81205847478876
2632 39.81205847478876
2633 39.81205847478876
2634 39.81205847478876
2635 39.81205847478876
2636 39.81205847478876
2637 39.81205847478876
2638 39.81205847478876
2639 39.81205847478876
2640 39.81205847478876
2641 39.81205847478876
2642 39.81205847478876
2643 39.81205847478876
2644 39.81205847478876
2645 39.81205847478876
2646 39.81205847478876
2647 39.81205847478876
2648 39.81205847478876
2649 39.81205847478876
2650 39.81205847478876
2651 39.81205847478876
2652 39.81205847478876
2653 39.81205847478876
2654 39.81205847478876
2655 39.81205847478876
2656 39.81205847478876
2657 39.81205847478876
2658 39.81205847478876
2659 39.81205847478876
2660 40.792156108742276
2661 40.792156108742276
2662 40.792156108742276
2663 40.792156108742276
2664 40.792156108742276
2665 40.792156108742276
2666 40.792156108742276
2667 40.792156108742276
2668 40.792156108742276
2669 40.792156108742276
2670 40.792156108742276
2671 40.792156108742276
2672 40.792156108742276
2673 40.792156108742276
2674 40.792156108742276
2675 40.792156108742276
2676 40.792156108742276
2677 40.792156108742276
2678 40.792156108742276
2679 40.792156108742276
2680 40.792156108742276
2681 40.792156108742276
2682 40.792156108742276
2683 40.792156108742276
2684 40.792156108742276
2685 40.792156108742276
2686 40.792156108742276
2687 40.792156108742276
2688 40.792156108742276
2689 40.792156108742276
2690 40.792156108742276
2691 40.792156108742276
2692 40.792156108742276
2693 40.792156108742276
2694 40.792156108742276
2695 40.792156108742276
2696 40.792156108742276
2697 40.792156108742276
2698 40.792156108742276
2699 40.792156108742276
2700 40.792156108742276
2701 40.792156108742276
2702 40.792156108742276
2703 40.792156108742276
2704 40.792156108742276
2705 40.792156108742276
2706 40.792156108742276
2707 40.792156108742276
2708 40.792156108742276
2709 40.792156108742276
2710 40.792156108742276
2711 40.792156108742276
2712 40.792156108742276
2713 40.792156108742276
2714 40.792156108742276
2715 40.792156108742276
2716 40.792156108742276
2717 40.792156108742276
2718 40.792156108742276
2719 40.792156108742276
2720 40.792156108742276
2721 40.792156108742276
2722 40.792156108742276
2723 40.792156108742276
2724 40.792156108742276
2725 40.792156108742276
2726 40.792156108742276
2727 40.792156108742276
2728 40.792156108742276
2729 40.792156108742276
2730 40.792156108742276
2731 40.792156108742276
2732 40.792156108742276
2733 40.792156108742276
2734 40.792156108742276
2735 40.792156108742276
2736 40.792156108742276
2737 40.792156108742276
2738 40.792156108742276
2739 40.792156108742276
2740 40.792156108742276
2741 40.792156108742276
2742 40.792156108742276
2743 40.792156108742276
2744 40.792156108742276
2745 40.792156108742276
2746 40.792156108742276
2747 40.792156108742276
2748 40.792156108742276
2749 40.792156108742276
2750 40.792156108742276
2751 40.792156108742276
2752 40.792156108742276
2753 40.792156108742276
2754 40.792156108742276
2755 40.792156108742276
2756 40.792156108742276
2757 40.792156108742276
2758 40.792156108742276
2759 40.792156108742276
2760 40.792156108742276
2761 40.792156108742276
2762 40.792156108742276
2763 40.792156108742276
2764 40.792156108742276
2765 40.792156108742276
2766 40.792156108742276
2767 40.792156108742276
2768 40.792156108742276
2769 40.792156108742276
2770 40.792156108742276
2771 40.792156108742276
2772 40.792156108742276
2773 40.792156108742276
2774 40.792156108742276
2775 40.792156108742276
2776 40.792156108742276
2777 40.792156108742276
2778 40.792156108742276
2779 40.792156108742276
2780 40.792156108742276
2781 40.792156108742276
2782 40.792156108742276
2783 40.792156108742276
2784 40.792156108742276
2785 40.792156108742276
2786 40.792156108742276
2787 40.792156108742276
2788 40.792156108742276
2789 40.792156108742276
2790 40.792156108742276
2791 40.792156108742276
2792 40.792156108742276
2793 40.792156108742276
2794 40.792156108742276
2795 40.792156108742276
2796 40.792156108742276
2797 40.792156108742276
2798 40.792156108742276
2799 40.792156108742276
2800 40.792156108742276
2801 40.792156108742276
2802 40.792156108742276
2803 40.792156108742276
2804 40.792156108742276
2805 40.792156108742276
2806 40.792156108742276
2807 40.792156108742276
2808 40.792156108742276
2809 40.792156108742276
2810 40.792156108742276
2811 40.792156108742276
2812 40.792156108742276
2813 40.792156108742276
2814 40.792156108742276
2815 40.792156108742276
2816 40.792156108742276
2817 40.792156108742276
2818 40.792156108742276
2819 40.792156108742276
2820 40.792156108742276
2821 40.792156108742276
2822 40.792156108742276
2823 40.792156108742276
2824 40.792156108742276
2825 40.792156108742276
2826 40.792156108742276
2827 40.792156108742276
2828 40.792156108742276
2829 40.792156108742276
2830 40.792156108742276
2831 40.792156108742276
2832 40.792156108742276
2833 40.792156108742276
2834 40.792156108742276
2835 40.792156108742276
2836 40.792156108742276
2837 40.792156108742276
2838 40.792156108742276
2839 40.792156108742276
2840 40.792156108742276
2841 40.792156108742276
2842 40.792156108742276
2843 40.792156108742276
2844 40.792156108742276
2845 40.792156108742276
2846 40.792156108742276
2847 40.792156108742276
2848 40.792156108742276
2849 40.792156108742276
2850 40.792156108742276
2851 40.792156108742276
2852 40.792156108742276
2853 40.792156108742276
2854 40.792156108742276
2855 40.792156108742276
2856 40.792156108742276
2857 40.792156108742276
2858 40.792156108742276
2859 40.792156108742276
2860 40.792156108742276
2861 40.792156108742276
2862 40.792156108742276
2863 40.792156108742276
2864 40.792156108742276
2865 40.792156108742276
2866 40.792156108742276
2867 40.792156108742276
2868 40.792156108742276
2869 40.792156108742276
2870 40.792156108742276
2871 40.792156108742276
2872 40.792156108742276
2873 40.792156108742276
2874 40.792156108742276
2875 40.792156108742276
2876 40.792156108742276
2877 40.792156108742276
2878 40.792156108742276
2879 40.792156108742276
2880 40.792156108742276
2881 40.792156108742276
2882 40.792156108742276
2883 40.792156108742276
2884 40.792156108742276
2885 40.792156108742276
2886 40.792156108742276
2887 40.792156108742276
2888 40.792156108742276
2889 40.792156108742276
2890 40.792156108742276
2891 40.792156108742276
2892 40.792156108742276
2893 40.792156108742276
2894 40.792156108742276
2895 40.792156108742276
2896 40.792156108742276
2897 40.792156108742276
2898 40.792156108742276
2899 40.792156108742276
2900 40.792156108742276
2901 40.792156108742276
2902 40.792156108742276
2903 40.792156108742276
2904 40.792156108742276
2905 40.792156108742276
2906 40.792156108742276
2907 40.792156108742276
2908 40.792156108742276
2909 40.792156108742276
2910 40.792156108742276
2911 40.792156108742276
2912 40.792156108742276
2913 40.792156108742276
2914 41.0
2915 41.0
2916 41.0
2917 41.0
2918 41.0
2919 41.0
2920 41.0
2921 41.0
2922 41.0
2923 41.0
2924 41.0
2925 41.0
2926 41.0
2927 41.0
2928 41.0
2929 41.0
2930 41.0
2931 41.0
2932 41.0
2933 41.0
2934 41.0
2935 41.0
2936 41.0
2937 41.0
2938 41.0
2939 41.0
2940 41.0
2941 41.0
2942 41.0
2943 41.0
2944 41.0
2945 41.0
2946 41.0
2947 41.0
2948 41.0
2949 41.0
2950 41.0
2951 41.0
2952 41.0
2953 41.0
2954 41.0
2955 41.0
2956 41.0
2957 41.0
2958 41.0
2959 41.0
2960 41.0
2961 41.0
2962 41.0
2963 41.0
2964 41.0
2965 41.0
2966 41.0
2967 41.0
2968 41.0
2969 41.0
2970 41.0
2971 41.0
2972 41.0
2973 41.0
2974 41.0
2975 41.0
2976 41.0
2977 41.0
2978 41.0
2979 41.0
2980 41.0
2981 41.0
2982 41.0
2983 41.0
2984 41.0
2985 41.0
2986 41.0
2987 41.0
2988 41.0
2989 41.0
2990 41.0
2991 41.0
2992 41.0
2993 41.0
2994 41.0
2995 41.0
2996 41.0
2997 41.0
2998 41.0
2999 41.0
3000 41.0
3001 41.0
3002 41.0
3003 41.0
3004 41.0
3005 41.0
3006 41.0
3007 41.0
3008 41.0
3009 41.0
3010 41.0
3011 41.0
3012 41.0
3013 41.0
3014 41.0
3015 41.0
3016 41.0
3017 41.0
3018 41.0
3019 41.0
3020 41.0
3021 41.0
3022 41.0
3023 41.0
3024 41.0
3025 41.0
3026 41.0
3027 41.0
3028 41.0
3029 41.0
3030 41.0
3031 41.0
3032 41.0
3033 41.0
3034 41.0
3035 41.0
3036 41.0
3037 41.0
3038 41.0
3039 41.0
3040 41.0
3041 41.0
3042 41.0
3043 41.0
3044 41.0
3045 41.0
3046 41.0
3047 41.593268686170845
3048 41.593268686170845
3049 41.593268686170845
3050 41.593268686170845
3051 41.593268686170845
3052 41.773197148410844
3053 41.773197148410844
3054 41.773197148410844
3055 41.773197148410844
3056 41.773197148410844
3057 41.773197148410844
3058 41.773197148410844
3059 41.773197148410844
3060 41.773197148410844
3061 41.773197148410844
3062 41.773197148410844
3063 41.773197148410844
3064 41.773197148410844
3065 41.773197148410844
3066 41.773197148410844
3067 41.773197148410844
3068 41.773197148410844
3069 41.773197148410844
3070 41.773197148410844
3071 41.773197148410844
3072 41.773197148410844
3073 41.773197148410844
3074 41.773197148410844
3075 41.773197148410844
3076 41.773197148410844
3077 41.773197148410844
3078 41.773197148410844
3079 41.773197148410844
3080 41.773197148410844
3081 41.773197148410844
3082 41.773197148410844
3083 41.773197148410844
3084 41.773197148410844
3085 41.773197148410844
3086 41.773197148410844
3087 41.773197148410844
3088 41.773197148410844
3089 41.773197148410844
3090 41.773197148410844
3091 41.773197148410844
3092 41.773197148410844
3093 41.773197148410844
3094 41.773197148410844
3095 41.773197148410844
3096 41.773197148410844
3097 41.773197148410844
3098 41.773197148410844
3099 41.773197148410844
3100 41.773197148410844
3101 41.773197148410844
3102 41.773197148410844
3103 41.773197148410844
3104 41.773197148410844
3105 41.773197148410844
3106 41.773197148410844
3107 41.773197148410844
3108 41.773197148410844
3109 41.773197148410844
3110 41.773197148410844
3111 41.773197148410844
3112 41.773197148410844
3113 41.773197148410844
3114 41.773197148410844
3115 41.773197148410844
3116 41.773197148410844
3117 41.773197148410844
3118 41.773197148410844
3119 41.773197148410844
3120 41.773197148410844
3121 41.773197148410844
3122 41.773197148410844
3123 41.773197148410844
3124 41.773197148410844
3125 41.773197148410844
3126 41.773197148410844
3127 41.773197148410844
3128 41.773197148410844
3129 41.773197148410844
3130 41.773197148410844
3131 41.773197148410844
3132 41.773197148410844
3133 41.773197148410844
3134 41.773197148410844
3135 41.773197148410844
3136 41.773197148410844
3137 41.773197148410844
3138 41.773197148410844
3139 41.773197148410844
3140 41.773197148410844
3141 41.773197148410844
3142 41.773197148410844
3143 41.773197148410844
3144 41.773197148410844
3145 41.773197148410844
3146 41.773197148410844
3147 41.773197148410844
3148 41.773197148410844
3149 41.773197148410844
3150 41.773197148410844
3151 41.773197148410844
3152 41.773197148410844
3153 41.773197148410844
3154 41.773197148410844
3155 41.773197148410844
3156 41.773197148410844
3157 41.773197148410844
3158 41.773197148410844
3159 41.773197148410844
3160 41.773197148410844
3161 41.773197148410844
3162 41.773197148410844
3163 41.773197148410844
3164 41.773197148410844
3165 41.773197148410844
3166 41.773197148410844
3167 41.773197148410844
3168 41.773197148410844
3169 41.773197148410844
3170 41.773197148410844
3171 41.773197148410844
3172 41.773197148410844
3173 41.773197148410844
3174 41.773197148410844
3175 41.773197148410844
3176 41.773197148410844
3177 41.773197148410844
3178 41.773197148410844
3179 41.773197148410844
3180 41.773197148410844
3181 41.773197148410844
3182 41.773197148410844
3183 41.773197148410844
3184 42.579337712087536
3185 42.579337712087536
3186 42.579337712087536
3187 42.579337712087536
3188 42.579337712087536
3189 42.579337712087536
3190 42.579337712087536
3191 42.579337712087536
3192 42.579337712087536
3193 42.579337712087536
3194 42.579337712087536
3195 42.579337712087536
3196 42.579337712087536
3197 42.579337712087536
3198 42.579337712087536
3199 42.579337712087536
3200 42.579337712087536
3201 42.579337712087536
3202 42.579337712087536
3203 42.579337712087536
3204 42.579337712087536
3205 42.579337712087536
3206 42.579337712087536
3207 42.579337712087536
3208 42.579337712087536
3209 42.579337712087536
3210 42.579337712087536
3211 42.579337712087536
3212 42.579337712087536
3213 42.579337712087536
3214 42.579337712087536
3215 42.579337712087536
3216 42.579337712087536
3217 42.579337712087536
3218 42.579337712087536
3219 42.579337712087536
3220 43.56604182158393
3221 43.56604182158393
3222 43.56604182158393
3223 43.56604182158393
3224 43.56604182158393
3225 43.56604182158393
3226 43.56604182158393
3227 43.56604182158393
3228 43.56604182158393
3229 43.56604182158393
3230 43.56604182158393
3231 43.56604182158393
3232 43.56604182158393
3233 43.56604182158393
3234 43.56604182158393
3235 43.56604182158393
3236 43.56604182158393
3237 43.56604182158393
3238 43.56604182158393
3239 43.56604182158393
3240 43.56604182158393
3241 43.56604182158393
3242 43.56604182158393
3243 43.56604182158393
3244 43.56604182158393
3245 43.56604182158393
3246 43.56604182158393
3247 43.56604182158393
3248 43.56604182158393
3249 43.56604182158393
3250 43.56604182158393
3251 43.56604182158393
3252 43.56604182158393
3253 43.56604182158393
3254 43.56604182158393
3255 43.56604182158393
3256 43.56604182158393
3257 43.56604182158393
3258 43.56604182158393
3259 43.56604182158393
3260 43.56604182158393
3261 44.553338819890925
3262 44.553338819890925
3263 44.553338819890925
3264 44.553338819890925
3265 44.553338819890925
3266 44.553338819890925
3267 44.553338819890925
3268 44.553338819890925
3269 44.553338819890925
3270 44.553338819890925
3271 44.553338819890925
3272 44.553338819890925
3273 44.553338819890925
3274 44.553338819890925
3275 44.553338819890925
3276 44.553338819890925
3277 44.553338819890925
3278 44.553338819890925
3279 44.553338819890925
3280 44.553338819890925
3281 44.553338819890925
3282 44.553338819890925
3283 44.553338819890925
3284 44.553338819890925
3285 44.553338819890925
3286 44.553338819890925
3287 44.553338819890925
3288 44.553338819890925
3289 44.553338819890925
3290 44.553338819890925
3291 44.553338819890925
3292 44.553338819890925
3293 44.553338819890925
3294 44.553338819890925
3295 44.553338819890925
3296 44.553338819890925
3297 44.553338819890925
3298 44.553338819890925
3299 44.553338819890925
3300 44.553338819890925
3301 44.553338819890925
3302 44.553338819890925
3303 44.553338819890925
3304 44.553338819890925
3305 44.553338819890925
3306 44.553338819890925
3307 44.553338819890925
3308 44.553338819890925
3309 44.553338819890925
3310 44.553338819890925
3311 44.553338819890925
3312 44.553338819890925
3313 44.553338819890925
3314 44.553338819890925
3315 44.553338819890925
3316 44.553338819890925
3317 44.553338819890925
3318 44.553338819890925
3319 44.553338819890925
3320 44.553338819890925
3321 44.553338819890925
3322 44.553338819890925
3323 44.553338819890925
3324 44.553338819890925
3325 44.553338819890925
3326 44.553338819890925
3327 44.553338819890925
3328 44.553338819890925
3329 44.553338819890925
3330 44.553338819890925
3331 44.553338819890925
3332 44.553338819890925
3333 44.553338819890925
3334 44.553338819890925
3335 44.553338819890925
3336 44.553338819890925
3337 44.553338819890925
3338 44.553338819890925
3339 44.553338819890925
3340 44.553338819890925
3341 44.553338819890925
3342 44.553338819890925
3343 44.553338819890925
3344 44.553338819890925
3345 44.553338819890925
3346 44.553338819890925
3347 44.553338819890925
3348 44.553338819890925
3349 44.553338819890925
3350 44.553338819890925
3351 44.553338819890925
3352 44.553338819890925
3353 44.553338819890925
3354 44.553338819890925
3355 44.553338819890925
3356 44.553338819890925
3357 44.553338819890925
3358 44.553338819890925
3359 44.553338819890925
3360 44.553338819890925
3361 44.553338819890925
3362 44.553338819890925
3363 44.553338819890925
3364 44.553338819890925
3365 44.553338819890925
3366 44.553338819890925
3367 44.553338819890925
3368 44.553338819890925
3369 44.553338819890925
3370 44.553338819890925
3371 44.553338819890925
3372 44.553338819890925
3373 44.553338819890925
3374 44.553338819890925
3375 44.553338819890925
3376 44.553338819890925
3377 44.553338819890925
3378 44.553338819890925
3379 44.553338819890925
3380 44.553338819890925
3381 44.553338819890925
3382 44.553338819890925
3383 44.553338819890925
3384 44.553338819890925
3385 44.553338819890925
3386 44.553338819890925
3387 44.553338819890925
3388 44.553338819890925
3389 44.553338819890925
3390 44.553338819890925
3391 44.553338819890925
3392 44.553338819890925
3393 44.553338819890925
3394 44.553338819890925
3395 44.553338819890925
3396 44.553338819890925
3397 44.553338819890925
3398 44.553338819890925
3399 44.553338819890925
3400 44.553338819890925
3401 44.553338819890925
3402 44.553338819890925
3403 44.553338819890925
3404 44.553338819890925
3405 44.553338819890925
3406 44.553338819890925
3407 44.553338819890925
3408 44.553338819890925
3409 44.553338819890925
3410 44.553338819890925
3411 44.553338819890925
3412 44.553338819890925
3413 44.553338819890925
3414 44.553338819890925
3415 44.553338819890925
3416 44.553338819890925
3417 44.553338819890925
3418 44.553338819890925
3419 44.553338819890925
3420 44.553338819890925
3421 44.553338819890925
3422 44.553338819890925
3423 44.553338819890925
3424 44.553338819890925
3425 44.553338819890925
3426 44.553338819890925
3427 44.553338819890925
3428 44.553338819890925
3429 44.553338819890925
3430 44.553338819890925
3431 44.553338819890925
3432 44.553338819890925
3433 44.553338819890925
3434 44.553338819890925
3435 44.553338819890925
3436 44.553338819890925
3437 44.553338819890925
3438 44.553338819890925
3439 44.553338819890925
3440 44.553338819890925
3441 44.553338819890925
3442 44.553338819890925
3443 44.553338819890925
3444 44.553338819890925
3445 44.553338819890925
3446 44.553338819890925
3447 44.553338819890925
3448 44.553338819890925
3449 44.553338819890925
3450 44.553338819890925
3451 44.553338819890925
3452 44.553338819890925
3453 44.553338819890925
3454 44.553338819890925
3455 44.553338819890925
3456 44.553338819890925
3457 44.553338819890925
3458 44.553338819890925
3459 44.553338819890925
3460 44.553338819890925
3461 44.553338819890925
3462 44.553338819890925
3463 44.553338819890925
3464 44.553338819890925
3465 44.553338819890925
3466 44.553338819890925
3467 44.553338819890925
3468 44.553338819890925
3469 44.553338819890925
3470 44.553338819890925
3471 44.553338819890925
3472 44.553338819890925
3473 44.553338819890925
3474 44.553338819890925
3475 44.553338819890925
3476 44.553338819890925
3477 44.553338819890925
3478 44.553338819890925
3479 44.553338819890925
3480 44.553338819890925
3481 44.553338819890925
3482 44.553338819890925
3483 44.553338819890925
3484 44.553338819890925
3485 44.553338819890925
3486 44.553338819890925
3487 44.553338819890925
3488 44.553338819890925
3489 44.553338819890925
3490 44.553338819890925
3491 44.553338819890925
3492 44.553338819890925
3493 44.553338819890925
3494 44.553338819890925
3495 44.553338819890925
3496 44.553338819890925
3497 44.553338819890925
3498 44.553338819890925
3499 44.553338819890925
3500 44.553338819890925
3501 44.553338819890925
3502 44.553338819890925
3503 44.553338819890925
3504 44.553338819890925
3505 44.553338819890925
3506 44.553338819890925
3507 44.553338819890925
3508 44.553338819890925
3509 44.553338819890925
3510 44.553338819890925
3511 44.553338819890925
3512 44.553338819890925
3513 44.553338819890925
3514 44.553338819890925
3515 44.553338819890925
3516 44.553338819890925
3517 44.553338819890925
3518 44.553338819890925
3519 44.553338819890925
3520 44.553338819890925
3521 44.553338819890925
3522 44.553338819890925
3523 44.553338819890925
3524 44.553338819890925
3525 44.553338819890925
3526 44.553338819890925
3527 44.553338819890925
3528 44.553338819890925
3529 44.553338819890925
3530 44.553338819890925
3531 44.553338819890925
3532 44.553338819890925
3533 44.553338819890925
3534 44.553338819890925
3535 44.553338819890925
3536 44.553338819890925
3537 44.553338819890925
3538 44.553338819890925
3539 44.553338819890925
3540 44.553338819890925
3541 44.553338819890925
3542 44.553338819890925
3543 44.553338819890925
3544 44.553338819890925
3545 44.553338819890925
3546 44.553338819890925
3547 44.553338819890925
3548 44.553338819890925
3549 44.553338819890925
3550 44.553338819890925
3551 44.553338819890925
3552 44.553338819890925
3553 44.553338819890925
3554 44.553338819890925
3555 44.553338819890925
3556 44.553338819890925
3557 44.553338819890925
3558 44.553338819890925
3559 44.553338819890925
3560 44.553338819890925
3561 44.553338819890925
3562 44.553338819890925
3563 44.553338819890925
3564 44.553338819890925
3565 44.553338819890925
3566 44.553338819890925
3567 44.553338819890925
3568 44.553338819890925
3569 44.553338819890925
3570 44.553338819890925
3571 44.553338819890925
3572 44.553338819890925
3573 44.553338819890925
3574 44.553338819890925
3575 44.553338819890925
3576 44.553338819890925
3577 44.553338819890925
3578 44.553338819890925
3579 44.553338819890925
3580 44.553338819890925
3581 44.553338819890925
3582 44.553338819890925
3583 44.553338819890925
3584 44.553338819890925
3585 44.553338819890925
3586 44.553338819890925
3587 44.553338819890925
3588 44.553338819890925
3589 44.553338819890925
3590 44.553338819890925
3591 44.553338819890925
3592 44.553338819890925
3593 44.553338819890925
3594 44.553338819890925
3595 44.553338819890925
3596 44.553338819890925
3597 44.553338819890925
3598 44.553338819890925
3599 44.553338819890925
3600 44.553338819890925
3601 44.553338819890925
3602 44.553338819890925
3603 44.553338819890925
3604 44.553338819890925
3605 44.553338819890925
3606 44.553338819890925
3607 44.553338819890925
3608 44.553338819890925
3609 44.553338819890925
3610 44.553338819890925
3611 44.553338819890925
3612 44.553338819890925
3613 44.553338819890925
3614 44.553338819890925
3615 44.553338819890925
3616 44.553338819890925
3617 44.553338819890925
3618 44.553338819890925
3619 44.553338819890925
3620 44.553338819890925
3621 44.553338819890925
3622 44.553338819890925
3623 44.553338819890925
3624 44.553338819890925
3625 44.553338819890925
3626 44.553338819890925
3627 44.553338819890925
3628 44.553338819890925
3629 44.553338819890925
3630 44.553338819890925
3631 44.553338819890925
3632 44.553338819890925
3633 44.553338819890925
3634 44.553338819890925
3635 44.553338819890925
3636 44.553338819890925
3637 44.553338819890925
3638 44.553338819890925
3639 44.553338819890925
3640 44.553338819890925
3641 44.553338819890925
3642 44.553338819890925
3643 44.553338819890925
3644 44.553338819890925
3645 44.553338819890925
3646 44.553338819890925
3647 44.553338819890925
3648 44.553338819890925
3649 44.553338819890925
3650 44.553338819890925
3651 44.553338819890925
3652 44.553338819890925
3653 44.553338819890925
3654 44.553338819890925
3655 44.553338819890925
3656 44.553338819890925
3657 44.553338819890925
3658 44.553338819890925
3659 44.553338819890925
3660 44.553338819890925
3661 44.553338819890925
3662 44.553338819890925
3663 44.553338819890925
3664 44.553338819890925
3665 44.553338819890925
3666 44.553338819890925
3667 44.553338819890925
3668 44.553338819890925
3669 44.553338819890925
3670 44.553338819890925
3671 44.553338819890925
3672 44.553338819890925
3673 44.553338819890925
3674 44.553338819890925
3675 44.553338819890925
3676 44.553338819890925
3677 44.553338819890925
3678 44.598206241955516
3679 44.598206241955516
3680 44.598206241955516
3681 44.598206241955516
3682 44.598206241955516
3683 44.598206241955516
3684 44.598206241955516
3685 44.598206241955516
3686 44.598206241955516
3687 44.598206241955516
3688 44.598206241955516
3689 44.598206241955516
3690 44.598206241955516
3691 44.598206241955516
3692 44.598206241955516
3693 44.598206241955516
3694 44.598206241955516
3695 44.598206241955516
3696 44.598206241955516
3697 44.598206241955516
3698 44.598206241955516
3699 44.598206241955516
3700 44.598206241955516
3701 44.598206241955516
3702 44.598206241955516
3703 44.598206241955516
3704 44.598206241955516
3705 44.598206241955516
3706 44.598206241955516
3707 44.598206241955516
3708 44.598206241955516
3709 44.598206241955516
3710 44.598206241955516
3711 44.598206241955516
3712 44.598206241955516
3713 45.27692569068709
3714 45.27692569068709
3715 45.27692569068709
3716 45.27692569068709
3717 45.27692569068709
3718 45.27692569068709
3719 45.27692569068709
3720 45.27692569068709
3721 45.27692569068709
3722 45.27692569068709
3723 45.27692569068709
3724 45.27692569068709
3725 45.27692569068709
3726 45.27692569068709
3727 45.27692569068709
3728 45.27692569068709
3729 45.27692569068709
3730 45.27692569068709
3731 45.27692569068709
3732 45.27692569068709
3733 45.27692569068709
3734 45.27692569068709
3735 45.27692569068709
3736 45.27692569068709
3737 45.27692569068709
3738 45.27692569068709
3739 45.27692569068709
3740 45.27692569068709
3741 45.27692569068709
3742 45.27692569068709
3743 45.27692569068709
3744 45.27692569068709
3745 45.27692569068709
3746 45.27692569068709
3747 45.27692569068709
3748 45.27692569068709
3749 45.27692569068709
3750 45.27692569068709
3751 45.27692569068709
3752 45.27692569068709
3753 45.27692569068709
3754 45.27692569068709
3755 45.27692569068709
3756 45.27692569068709
3757 45.27692569068709
3758 45.27692569068709
3759 45.27692569068709
3760 45.27692569068709
3761 45.27692569068709
3762 45.27692569068709
3763 45.27692569068709
3764 45.27692569068709
3765 45.27692569068709
3766 45.27692569068709
3767 45.27692569068709
3768 45.27692569068709
3769 45.27692569068709
3770 45.27692569068709
3771 45.27692569068709
3772 45.27692569068709
3773 45.27692569068709
3774 45.27692569068709
3775 45.27692569068709
3776 45.27692569068709
3777 45.27692569068709
3778 45.27692569068709
3779 45.27692569068709
3780 45.27692569068709
3781 45.27692569068709
3782 45.27692569068709
3783 45.27692569068709
3784 45.27692569068709
3785 45.27692569068709
3786 45.27692569068709
3787 45.27692569068709
3788 45.27692569068709
3789 45.27692569068709
3790 45.27692569068709
3791 45.27692569068709
3792 45.27692569068709
3793 45.27692569068709
3794 45.27692569068709
3795 45.27692569068709
3796 45.27692569068709
3797 45.27692569068709
3798 45.27692569068709
3799 45.27692569068709
3800 45.27692569068709
3801 45.27692569068709
3802 45.27692569068709
3803 45.27692569068709
3804 45.27692569068709
3805 45.27692569068709
3806 45.27692569068709
3807 45.27692569068709
3808 45.27692569068709
3809 45.27692569068709
3810 45.27692569068709
3811 45.27692569068709
3812 45.27692569068709
3813 45.27692569068709
3814 45.27692569068709
3815 45.27692569068709
3816 45.27692569068709
3817 45.27692569068709
3818 45.27692569068709
3819 45.27692569068709
3820 45.27692569068709
3821 45.27692569068709
3822 45.27692569068709
3823 45.27692569068709
3824 45.27692569068709
3825 45.27692569068709
3826 45.27692569068709
3827 45.27692569068709
3828 45.27692569068709
3829 45.27692569068709
3830 46.010868281309364
3831 46.010868281309364
3832 46.010868281309364
3833 46.010868281309364
3834 46.010868281309364
3835 46.010868281309364
3836 46.010868281309364
3837 46.010868281309364
3838 46.010868281309364
3839 46.010868281309364
3840 46.010868281309364
3841 46.010868281309364
3842 46.010868281309364
3843 46.010868281309364
3844 46.010868281309364
3845 46.010868281309364
3846 46.010868281309364
3847 46.010868281309364
3848 46.010868281309364
3849 46.010868281309364
3850 46.010868281309364
3851 46.010868281309364
3852 46.010868281309364
3853 46.010868281309364
3854 46.010868281309364
3855 46.010868281309364
3856 46.010868281309364
3857 46.010868281309364
3858 46.010868281309364
3859 46.010868281309364
3860 46.010868281309364
3861 46.010868281309364
3862 46.010868281309364
3863 46.010868281309364
3864 46.010868281309364
3865 46.010868281309364
3866 46.010868281309364
3867 46.010868281309364
3868 46.010868281309364
3869 46.010868281309364
3870 46.010868281309364
3871 46.010868281309364
3872 46.09772228646444
3873 46.09772228646444
3874 46.09772228646444
3875 46.09772228646444
3876 46.09772228646444
3877 46.09772228646444
3878 46.09772228646444
3879 46.09772228646444
3880 46.09772228646444
3881 46.09772228646444
3882 46.09772228646444
3883 46.09772228646444
3884 46.09772228646444
3885 46.09772228646444
3886 46.09772228646444
3887 46.09772228646444
3888 46.09772228646444
3889 46.09772228646444
3890 46.09772228646444
3891 46.09772228646444
3892 46.09772228646444
3893 46.09772228646444
3894 46.09772228646444
3895 46.09772228646444
3896 46.09772228646444
3897 46.09772228646444
3898 46.09772228646444
3899 46.09772228646444
3900 46.09772228646444
3901 46.09772228646444
3902 46.09772228646444
3903 46.09772228646444
3904 46.09772228646444
3905 46.09772228646444
3906 46.09772228646444
3907 46.09772228646444
3908 46.09772228646444
3909 46.09772228646444
3910 46.09772228646444
3911 46.09772228646444
3912 46.09772228646444
3913 46.09772228646444
3914 46.09772228646444
3915 46.09772228646444
3916 46.09772228646444
3917 46.09772228646444
3918 46.09772228646444
3919 46.09772228646444
3920 46.09772228646444
3921 46.09772228646444
3922 46.09772228646444
3923 46.09772228646444
3924 46.09772228646444
3925 46.09772228646444
3926 46.09772228646444
3927 46.09772228646444
3928 46.09772228646444
3929 46.09772228646444
3930 46.09772228646444
3931 46.09772228646444
3932 46.09772228646444
3933 46.09772228646444
3934 46.09772228646444
3935 46.09772228646444
3936 46.09772228646444
3937 46.09772228646444
3938 46.09772228646444
3939 46.09772228646444
3940 46.09772228646444
3941 46.09772228646444
3942 46.09772228646444
3943 46.09772228646444
3944 46.09772228646444
3945 46.09772228646444
3946 46.09772228646444
3947 46.09772228646444
3948 46.09772228646444
3949 46.09772228646444
3950 46.09772228646444
3951 46.09772228646444
3952 46.09772228646444
3953 46.09772228646444
3954 46.09772228646444
3955 46.09772228646444
3956 46.09772228646444
3957 46.09772228646444
3958 46.09772228646444
3959 46.09772228646444
3960 46.09772228646444
3961 46.09772228646444
3962 46.09772228646444
3963 46.09772228646444
3964 46.09772228646444
3965 46.09772228646444
3966 46.09772228646444
3967 46.09772228646444
3968 46.09772228646444
3969 46.09772228646444
3970 46.09772228646444
3971 46.09772228646444
3972 46.09772228646444
3973 46.09772228646444
3974 46.09772228646444
3975 46.09772228646444
3976 46.09772228646444
3977 46.09772228646444
3978 46.09772228646444
3979 46.09772228646444
3980 46.09772228646444
3981 46.09772228646444
3982 46.09772228646444
3983 46.09772228646444
3984 46.09772228646444
3985 46.09772228646444
3986 46.09772228646444
3987 46.09772228646444
3988 46.09772228646444
3989 46.09772228646444
3990 46.09772228646444
3991 46.09772228646444
3992 46.09772228646444
3993 46.09772228646444
3994 46.09772228646444
3995 46.09772228646444
3996 46.09772228646444
3997 46.09772228646444
3998 46.09772228646444
3999 46.09772228646444
4000 46.09772228646444
4001 46.09772228646444
4002 46.09772228646444
4003 46.389654018972806
4004 46.389654018972806
4005 46.389654018972806
4006 46.389654018972806
4007 46.389654018972806
4008 46.389654018972806
4009 46.389654018972806
4010 46.389654018972806
4011 46.389654018972806
4012 46.389654018972806
4013 46.389654018972806
4014 46.389654018972806
4015 47.38143096192854
4016 47.38143096192854
4017 47.38143096192854
4018 47.38143096192854
4019 47.38143096192854
4020 47.38143096192854
4021 47.38143096192854
4022 47.38143096192854
4023 47.38143096192854
4024 47.38143096192854
4025 47.38143096192854
4026 47.38143096192854
4027 47.38143096192854
4028 47.38143096192854
4029 47.38143096192854
4030 47.38143096192854
4031 47.38143096192854
4032 47.38143096192854
4033 47.38143096192854
4034 47.38143096192854
4035 47.38143096192854
4036 47.38143096192854
4037 47.38143096192854
4038 47.38143096192854
4039 47.38143096192854
4040 47.38143096192854
4041 47.38143096192854
4042 47.38143096192854
4043 47.38143096192854
4044 47.38143096192854
4045 47.38143096192854
4046 47.38143096192854
4047 47.38143096192854
4048 47.38143096192854
4049 47.38143096192854
4050 47.38143096192854
4051 47.38143096192854
4052 47.38143096192854
4053 47.38143096192854
4054 47.38143096192854
4055 47.38143096192854
4056 47.38143096192854
4057 47.38143096192854
4058 47.38143096192854
4059 47.38143096192854
4060 47.38143096192854
4061 47.38143096192854
4062 47.38143096192854
4063 47.38143096192854
4064 47.38143096192854
4065 47.38143096192854
4066 47.38143096192854
4067 47.38143096192854
4068 47.38143096192854
4069 47.38143096192854
4070 47.38143096192854
4071 47.38143096192854
4072 47.38143096192854
4073 47.38143096192854
4074 47.38143096192854
4075 47.38143096192854
4076 47.38143096192854
4077 47.38143096192854
4078 47.38143096192854
4079 47.38143096192854
4080 47.38143096192854
4081 47.38143096192854
4082 47.38143096192854
4083 47.38143096192854
4084 47.38143096192854
4085 47.38143096192854
4086 47.38143096192854
4087 47.38143096192854
4088 47.38143096192854
4089 47.38143096192854
4090 47.38143096192854
4091 47.38143096192854
4092 47.38143096192854
4093 47.38143096192854
4094 47.38143096192854
4095 47.38143096192854
4096 47.38143096192854
4097 47.38143096192854
4098 47.38143096192854
4099 47.38143096192854
4100 47.38143096192854
4101 47.38143096192854
4102 47.38143096192854
4103 47.38143096192854
4104 47.38143096192854
4105 47.38143096192854
4106 47.38143096192854
4107 47.38143096192854
4108 47.38143096192854
4109 47.38143096192854
4110 47.38143096192854
4111 47.38143096192854
4112 47.38143096192854
4113 47.38143096192854
4114 47.38143096192854
4115 47.38143096192854
4116 47.38143096192854
4117 47.38143096192854
4118 47.38143096192854
4119 47.38143096192854
4120 47.38143096192854
4121 47.38143096192854
4122 47.38143096192854
4123 47.38143096192854
4124 47.38143096192854
4125 47.38143096192854
4126 47.38143096192854
4127 47.38143096192854
4128 47.38143096192854
4129 47.38143096192854
4130 47.38143096192854
4131 47.38143096192854
4132 47.38143096192854
4133 47.38143096192854
4134 47.38143096192854
4135 47.38143096192854
4136 47.38143096192854
4137 47.38143096192854
4138 47.38143096192854
4139 47.38143096192854
4140 47.38143096192854
4141 47.38143096192854
4142 47.38143096192854
4143 47.38143096192854
4144 47.38143096192854
4145 47.38143096192854
4146 47.38143096192854
4147 47.38143096192854
4148 47.38143096192854
4149 47.38143096192854
4150 47.38143096192854
4151 47.38143096192854
4152 47.38143096192854
4153 47.38143096192854
4154 47.38143096192854
4155 47.38143096192854
4156 47.38143096192854
4157 47.38143096192854
4158 47.38143096192854
4159 47.38143096192854
4160 47.38143096192854
4161 47.38143096192854
4162 47.38143096192854
4163 47.38143096192854
4164 47.38143096192854
4165 47.38143096192854
4166 47.38143096192854
4167 47.38143096192854
4168 47.38143096192854
4169 47.38143096192854
4170 47.38143096192854
4171 47.38143096192854
4172 47.38143096192854
4173 47.38143096192854
4174 47.38143096192854
4175 47.38143096192854
4176 47.38143096192854
4177 47.38143096192854
4178 47.38143096192854
4179 47.51841748206689
4180 47.51841748206689
4181 47.51841748206689
4182 47.51841748206689
4183 47.51841748206689
4184 47.51841748206689
4185 47.51841748206689
4186 47.51841748206689
4187 47.51841748206689
4188 47.51841748206689
4189 47.51841748206689
4190 47.51841748206689
4191 47.51841748206689
4192 47.51841748206689
4193 47.51841748206689
4194 47.51841748206689
4195 47.51841748206689
4196 47.51841748206689
4197 47.51841748206689
4198 47.51841748206689
4199 47.51841748206689
4200 47.51841748206689
4201 47.51841748206689
4202 47.51841748206689
4203 47.51841748206689
4204 47.51841748206689
4205 47.51841748206689
4206 47.51841748206689
4207 47.51841748206689
4208 47.51841748206689
4209 47.51841748206689
4210 47.51841748206689
4211 47.51841748206689
4212 47.51841748206689
4213 47.51841748206689
4214 47.51841748206689
4215 47.51841748206689
4216 47.51841748206689
4217 47.51841748206689
4218 47.51841748206689
4219 47.51841748206689
4220 47.51841748206689
4221 47.51841748206689
4222 47.51841748206689
4223 47.51841748206689
4224 47.51841748206689
4225 47.51841748206689
4226 47.51841748206689
4227 47.51841748206689
4228 47.51841748206689
4229 47.51841748206689
4230 47.51841748206689
4231 47.51841748206689
4232 47.51841748206689
4233 47.51841748206689
4234 47.51841748206689
4235 47.51841748206689
4236 47.51841748206689
4237 47.51841748206689
4238 47.51841748206689
4239 47.51841748206689
4240 47.51841748206689
4241 47.51841748206689
4242 47.51841748206689
4243 47.51841748206689
4244 47.51841748206689
4245 47.51841748206689
4246 47.51841748206689
4247 47.51841748206689
4248 47.51841748206689
4249 47.51841748206689
4250 47.51841748206689
4251 47.51841748206689
4252 47.51841748206689
4253 47.51841748206689
4254 47.51841748206689
4255 47.51841748206689
4256 47.51841748206689
4257 47.51841748206689
4258 47.51841748206689
4259 47.51841748206689
4260 47.51841748206689
4261 47.51841748206689
4262 47.51841748206689
4263 47.51841748206689
4264 47.51841748206689
4265 47.51841748206689
4266 47.51841748206689
4267 47.51841748206689
4268 47.51841748206689
4269 47.51841748206689
4270 47.51841748206689
4271 47.51841748206689
4272 47.51841748206689
4273 47.51841748206689
4274 47.51841748206689
4275 47.51841748206689
4276 47.51841748206689
4277 47.51841748206689
4278 47.51841748206689
4279 47.51841748206689
4280 47.51841748206689
4281 47.51841748206689
4282 47.51841748206689
4283 47.51841748206689
4284 47.51841748206689
4285 47.51841748206689
4286 47.51841748206689
4287 47.51841748206689
4288 47.51841748206689
4289 47.51841748206689
4290 47.51841748206689
4291 47.51841748206689
4292 47.51841748206689
4293 47.51841748206689
4294 47.51841748206689
4295 47.51841748206689
4296 47.51841748206689
4297 47.51841748206689
4298 47.51841748206689
4299 47.51841748206689
4300 47.51841748206689
4301 47.51841748206689
4302 47.51841748206689
4303 47.51841748206689
4304 47.51841748206689
4305 47.51841748206689
4306 47.51841748206689
4307 47.51841748206689
4308 47.51841748206689
4309 47.51841748206689
4310 47.51841748206689
4311 47.51841748206689
4312 47.51841748206689
4313 47.51841748206689
4314 47.51841748206689
4315 47.51841748206689
4316 47.51841748206689
4317 47.51841748206689
4318 47.51841748206689
4319 47.51841748206689
4320 47.51841748206689
4321 47.51841748206689
4322 47.51841748206689
4323 47.51841748206689
4324 47.51841748206689
4325 47.51841748206689
4326 47.51841748206689
4327 47.51841748206689
4328 47.51841748206689
4329 47.51841748206689
4330 47.51841748206689
4331 47.51841748206689
4332 47.51841748206689
4333 47.51841748206689
4334 47.51841748206689
4335 47.51841748206689
4336 47.51841748206689
4337 47.51841748206689
4338 47.51841748206689
4339 47.51841748206689
4340 47.51841748206689
4341 47.51841748206689
4342 47.51841748206689
4343 47.51841748206689
4344 47.51841748206689
4345 47.51841748206689
4346 47.51841748206689
4347 47.51841748206689
4348 47.51841748206689
4349 47.51841748206689
4350 47.51841748206689
4351 47.51841748206689
4352 47.51841748206689
4353 47.51841748206689
4354 47.51841748206689
4355 47.51841748206689
4356 47.51841748206689
4357 47.51841748206689
4358 47.51841748206689
4359 47.51841748206689
4360 47.51841748206689
4361 47.51841748206689
4362 47.51841748206689
4363 47.51841748206689
4364 47.51841748206689
4365 47.51841748206689
4366 47.51841748206689
4367 47.51841748206689
4368 47.51841748206689
4369 47.51841748206689
4370 47.51841748206689
4371 47.51841748206689
4372 47.51841748206689
4373 47.51841748206689
4374 47.51841748206689
4375 47.51841748206689
4376 47.51841748206689
4377 47.51841748206689
4378 47.51841748206689
4379 47.51841748206689
4380 47.51841748206689
4381 47.51841748206689
4382 47.51841748206689
4383 47.51841748206689
4384 47.51841748206689
4385 47.51841748206689
4386 47.51841748206689
4387 47.51841748206689
4388 47.51841748206689
4389 47.51841748206689
4390 47.51841748206689
4391 47.51841748206689
4392 47.51841748206689
4393 47.51841748206689
4394 47.51841748206689
4395 47.51841748206689
4396 47.51841748206689
4397 47.51841748206689
4398 47.51841748206689
4399 47.51841748206689
4400 47.51841748206689
4401 47.51841748206689
4402 47.51841748206689
4403 47.51841748206689
4404 47.51841748206689
4405 47.51841748206689
4406 47.51841748206689
4407 47.51841748206689
4408 47.51841748206689
4409 47.51841748206689
4410 47.51841748206689
4411 48.507731342539614
