2980
3463
2917
2927
2806
2699
2559
2460
2285
2311
2190
2154
2134
2018
2009
1954
1912
1864
1880
1842
1856
1778
1744
1772
1790
1775
1722
1777
1671
1727
1628
1648
1628
1604
1600
1567
1510
1483
1473
1468
1506
1523
1505
1468
1532
1457
1530
1469
1369
1334
1338
1294
1342
1333
1280
1261
1245
1288
1319
1281
1276
1204
1216
1205
1187
1121
1028
1042
980
1017
1015
1023
1001
980
1055
1009
1024
979
1003
948
965
979
960
961
962
918
923
934
940
942
942
930
963
955
1008
1023
1020
1000
970
956
949
940
947
996
955
928
913
1005
924
950
960
963
935
898
903
882
855
842
835
812
831
772
741
730
707
708
705
717
700
702
689
687
645
657
662
676
667
683
684
707
707
700
718
702
708
705
719
703
704
676
659
650
644
633
658
633
650
658
684
641
639
625
640
636
615
623
628
645
639
597
630
589
601
603
593
562
582
578
575
615
566
601
564
567
558
557
570
551
550
548
558
561
587
558
562
576
559
564
550
554
528
538
517
515
494
478
469
467
456
475
469
497
492
526
516
543
472
496
492
491
504
506
514
510
522
513
559
510
553
524
539
549
549
560
556
563
551
549
558
545
520
542
545
547
542
540
513
508
506
487
500
472
493
472
501
486
511
498
491
478
474
470
472
487
484
503
532
546
541
540
553
556
521
518
533
528
525
515
522
542
542
558
511
508
475
463
465
484
464
486
487
497
505
527
517
519
527
550
533
525
552
543
551
543
542
551
566
553
554
558
535
543
533
563
546
542
545
543
542
542
548
571
553
571
556
551
555
533
518
508
522
514
515
515
541
543
564
577
556
572
545
523
529
523
542
544
539
513
517
548
542
559
538
555
537
536
518
544
522
536
509
527
517
508
499
479
519
513
531
507
516
531
551
583
569
614
603
614
601
603
634
599
581
577
568
585
550
578
544
611
598
604
610
656
621
640
626
642
621
665
652
662
658
703
650
683
660
667
673
707
675
678
677
710
665
695
634
663
673
661
647
684
691
707
732
736
717
748
718
742
684
688
667
692
701
702
737
708
727
675
709
676
693
684
727
716
751
740
761
758
750
733
749
737
748
756
709
707
693
684
704
689
690
683
682
653
707
675
642
637
620
643
654
652
617
629
622
616
612
625
625
648
628
632
653
641
624
636
625
615
616
620
624
649
635
665
659
676
663
689
697
680
675
693
690
733
724
759
725
728
707
699
695
694
675
679
650
670
641
665
637
662
664
623
624
607
599
609
601
611
613
594
584
586
596
587
628
617
604
605
584
576
594
581
574
566
569
549
568
547
563
565
581
576
564
571
592
600
618
603
636
627
618
591
610
574
614
613
631
614
634
622
641
581
621
623
621
590
617
560
582
562
555
561
580
556
583
575
569
581
579
564
590
573
590
591
591
600
602
599
618
608
574
570
550
553
527
532
537
530
538
528
559
576
598
589
582
586
551
588
581
596
581
594
564
561
587
574
607
579
579
547
561
547
547
536
527
511
503
484
487
461
453
460
461
455
426
414
438
422
438
467
451
463
465
444
476
459
452
458
474
474
472
507
491
506
489
487
499
492
491
500
490
486
482
473
495
494
495
483
480
481
458
439
441
416
430
433
437
424
406
408
401
395
385
390
388
389
401
374
377
399
381
397
383
397
416
407
377
372
355
356
347
346
351
343
349
369
357
349
363
357
363
372
385
383
392
396
396
389
370
381
393
389
397
388
401
412
404
417
407
417
418
409
410
406
399
383
393
381
391
372
380
415
400
415
401
410
410
424
391
386
379
384
382
414
405
407
410
392
416
395
427
415
429
440
436
445
451
413
436
429
481
469
485
483
503
466
494
481
492
494
515
492
496
500
464
473
480
477
479
500
497
480
508
498
477
472
477
467
504
467
436
449
431
424
421
421
410
402
417
417
404
402
387
386
371
366
369
363
352
359
345
356
354
371
373
390
391
392
382
385
390
405
404
426
399
402
392
402
400
403
391
389
401
402
386
382
375
402
397
378
383
396
378
377
372
391
385
370
379
350
352
348
325
328
323
318
324
328
331
334
336
342
341
328
328
332
339
329
322
330
313
323
319
320
323
323
323
323
324
335
335
330
330
337
332
351
328
349
341
343
347
349
346
356
346
345
332
333
334
332
335
328
331
332
328
341
338
341
332
333
333
343
330
339
348
345
345
356
358
345
344
342
338
346
351
355
349
349
344
331
327
327
331
335
335
327
320
317
312
313
322
316
314
313
309
307
319
314
308
324
310
328
317
316
316
306
310
299
307
296
304
300
297
297
300
296
295
287
294
296
298
293
291
294
300
298
300
301
