2984
3432
2954
2881
2671
2637
2585
2519
2405
2321
2240
2179
2150
2084
2085
2034
2056
1995
2095
1972
1931
1767
1849
1784
1777
1755
1731
1668
1554
1575
1509
1490
1495
1493
1448
1409
1462
1401
1379
1394
1321
1319
1280
1297
1298
1244
1264
1227
1152
1129
1115
1066
1132
1105
1160
1151
1148
1204
1153
1149
1173
1127
1160
1127
1147
1066
1117
1052
1140
1092
1105
1118
1128
1164
1158
1169
1152
1159
1173
1140
1162
1162
1135
1169
1133
1085
1087
1100
1074
1050
1018
1038
1032
1033
1015
1022
1040
1025
1052
1099
1101
1110
1075
1091
1093
1047
1069
1065
1092
1015
1050
1010
1024
995
994
999
938
962
888
915
927
857
827
875
847
873
915
896
926
941
973
962
990
974
912
887
884
882
853
896
862
881
868
850
835
864
866
822
866
889
909
965
938
985
939
933
942
977
1006
915
929
947
914
941
934
940
932
912
923
932
907
903
944
954
951
997
950
960
928
943
946
938
945
969
945
964
927
968
933
985
961
989
971
1007
1040
1028
1025
991
1021
1012
1040
1002
988
953
944
908
919
904
941
933
925
962
904
931
911
936
953
998
933
920
908
920
904
929
912
970
920
928
958
941
962
1002
989
993
1036
1018
1074
1056
1123
1080
1120
1116
1091
1134
1076
1122
1083
1041
1078
1101
1055
1091
1067
1073
1029
1039
1058
1081
1051
1068
1036
997
1034
1015
1033
994
1003
1027
1018
1023
948
955
942
989
961
928
923
944
927
938
962
964
986
973
934
989
920
946
922
933
891
906
869
867
922
920
931
889
884
931
901
904
901
910
941
914
946
932
991
928
950
920
929
951
887
928
893
920
940
918
901
858
849
853
860
833
852
870
884
876
911
863
891
895
925
941
946
920
948
883
886
876
916
886
879
890
875
874
848
815
803
798
781
771
778
826
769
770
746
727
711
724
707
740
735
727
722
721
730
730
725
746
754
754
743
708
755
729
751
751
729
752
712
778
722
750
739
784
747
755
764
791
818
811
812
791
829
806
768
798
752
762
714
733
716
769
740
775
768
767
752
735
729
722
712
719
670
684
685
703
697
716
682
688
707
720
740
704
705
726
738
726
670
651
656
666
677
668
663
679
717
664
652
637
624
629
648
633
650
655
639
628
606
630
624
655
659
661
659
631
647
608
625
597
626
607
608
607
616
584
607
622
607
626
591
576
556
583
576
543
529
505
477
476
471
484
472
504
495
521
503
518
513
530
523
549
502
518
503
516
518
539
523
552
557
543
544
564
552
584
580
610
599
627
608
623
639
597
599
582
576
538
545
530
534
522
524
511
537
539
545
545
559
550
574
560
593
546
572
556
557
547
565
580
594
581
604
623
614
614
614
640
620
626
605
581
588
563
569
562
578
571
576
596
591
571
589
596
580
574
594
581
579
598
596
611
598
583
572
581
585
567
561
571
567
584
582
560
597
575
619
589
600
610
630
664
585
645
600
613
613
658
674
619
636
634
641
655
640
644
624
562
572
577
561
546
569
566
586
556
585
564
586
562
533
514
541
520
520
556
515
544
525
520
511
532
534
522
524
511
531
531
550
538
552
535
527
537
518
539
474
470
484
488
493
482
486
482
471
463
475
474
459
460
476
501
479
490
464
472
458
454
474
450
486
458
477
466
482
503
480
494
496
494
471
482
488
503
488
503
518
495
508
494
478
471
464
470
483
477
481
513
498
511
506
529
520
519
508
531
526
552
538
575
539
543
535
542
519
510
507
508
479
502
496
507
479
476
489
500
520
515
544
543
552
558
587
574
621
611
619
589
579
603
611
620
631
657
626
661
630
675
669
642
670
622
631
620
642
603
648
634
630
636
611
611
553
568
554
594
580
604
604
617
609
625
626
649
642
622
653
641
641
645
607
606
583
601
598
613
597
588
584
598
594
605
590
648
619
619
577
576
579
584
552
543
551
539
513
523
498
527
504
498
494
502
480
476
487
454
443
444
427
446
415
409
405
391
396
413
419
428
430
413
416
403
408
390
414
423
416
401
415
409
411
428
429
450
447
451
469
435
450
422
444
425
424
428
451
448
433
418
422
418
436
417
418
407
411
380
403
404
409
414
418
418
412
399
400
407
405
385
396
369
362
358
349
364
375
384
380
374
381
382
396
378
387
383
382
381
380
380
389
371
374
377
358
366
354
371
364
388
379
366
385
382
371
359
355
358
351
360
359
375
362
374
376
372
372
394
364
373
376
389
367
373
378
369
364
367
373
378
383
371
355
331
336
339
341
340
342
354
364
367
374
366
364
364
367
357
356
359
347
357
361
352
355
369
360
358
357
373
348
354
348
349
345
352
339
337
338
322
329
317
344
335
363
336
339
337
337
348
337
328
339
342
338
332
339
328
