3037
3485
2892
2823
2706
2594
2486
2384
2342
2235
2226
2122
2084
2069
2010
2038
1901
1853
1864
1768
1759
1696
1673
1668
1596
1571
1595
1545
1588
1535
1523
1598
1532
1486
1424
1422
1382
1388
1353
1392
1357
1365
1350
1334
1283
1263
1296
1298
1309
1309
1342
1316
1303
1276
1232
1230
1274
1208
1271
1215
1284
1239
1212
1226
1226
1171
1175
1121
1182
1136
1139
1079
1147
1054
1058
1054
1047
1072
1050
965
953
957
945
996
999
966
975
949
940
930
936
935
927
932
966
971
981
920
948
938
961
940
952
906
881
877
894
900
888
873
913
915
933
957
992
914
917
874
884
874
902
848
923
902
905
904
881
900
906
933
946
926
904
923
917
870
905
851
863
858
876
909
874
869
844
865
826
809
794
810
808
810
803
807
785
757
743
721
718
741
738
761
750
763
790
795
797
802
794
796
823
805
832
830
798
804
797
804
770
777
750
768
748
737
739
707
714
679
695
720
669
695
683
671
695
696
712
741
719
722
705
712
673
666
665
666
702
694
691
717
706
735
710
704
709
706
716
709
704
714
703
711
664
677
689
720
698
715
724
741
752
765
711
729
696
698
704
685
692
692
682
668
714
670
713
683
703
696
715
680
672
662
651
646
673
682
668
668
620
637
620
624
618
602
637
628
643
640
639
626
656
658
638
663
612
631
630
647
645
684
670
687
653
642
630
620
667
596
607
597
568
582
543
549
557
571
562
572
575
568
588
591
616
603
623
619
599
568
591
590
560
577
605
615
624
630
648
629
645
655
665
669
646
640
614
598
593
623
600
603
559
554
554
554
559
582
594
590
581
555
549
536
533
530
515
545
550
560
537
529
496
528
514
536
518
532
557
528
577
570
575
611
595
572
601
535
570
546
573
570
568
592
571
567
558
587
571
606
595
613
579
608
588
573
593
593
619
609
637
651
652
680
656
654
614
621
640
651
643
618
629
629
632
635
655
681
683
656
674
644
632
619
608
615
603
621
577
585
558
544
532
560
567
534
554
565
558
559
553
579
570
566
575
557
557
533
529
559
537
571
570
577
574
593
581
573
597
579
569
584
591
597
598
578
550
537
527
529
512
507
522
558
500
487
473
487
494
489
496
500
507
480
487
468
495
460
469
469
508
476
492
462
475
444
449
442
448
422
434
427
430
428
447
461
456
445
457
460
471
457
485
480
471
459
462
467
476
469
478
493
497
506
493
489
508
494
503
491
517
487
503
494
481
493
494
486
509
506
501
499
481
468
481
492
494
515
522
506
531
500
506
529
530
558
543
529
540
546
557
560
585
566
547
560
541
525
512
515
518
532
504
513
535
542
536
534
548
543
513
522
512
530
533
509
557
529
542
529
528
561
552
549
576
574
595
580
573
558
565
569
570
620
578
604
578
624
598
603
594
566
562
556
527
518
499
483
477
491
479
497
497
514
518
519
552
542
534
504
503
489
497
485
489
468
494
460
471
481
493
487
490
492
485
505
511
507
531
494
499
513
511
528
545
525
558
563
565
546
558
562
540
510
520
528
525
516
529
521
533
519
535
513
535
477
476
448
425
416
424
450
424
418
406
427
408
433
428
457
456
456
462
479
481
469
493
489
497
496
504
495
501
497
503
490
485
503
500
507
536
541
503
509
514
515
518
501
490
488
465
455
473
479
468
475
458
467
455
489
443
448
444
394
388
403
390
400
385
392
404
421
427
420
414
414
404
391
384
400
391
398
418
403
429
408
448
409
410
404
399
401
392
380
388
375
371
363
360
366
381
367
379
387
394
399
396
402
411
440
431
415
416
429
414
413
416
424
420
424
403
398
397
394
404
393
403
388
401
407
404
417
417
429
410
397
396
397
400
382
387
391
367
358
369
355
367
375
379
382
382
370
361
362
367
360
369
366
354
351
364
360
357
370
360
376
359
360
362
364
364
365
368
371
371
377
398
374
391
386
402
403
401
409
403
404
393
395
389
395
395
412
407
397
399
393
400
404
414
411
430
427
440
439
457
454
453
459
479
483
468
456
492
474
519
504
506
525
521
522
499
476
490
483
498
486
468
467
453
458
481
460
465
465
482
495
494
492
494
478
498
493
489
477
477
461
464
428
442
426
437
416
434
403
434
441
434
433
444
454
447
476
453
459
474
484
479
474
468
487
479
507
492
489
476
485
482
480
513
488
518
481
478
461
477
455
466
459
461
452
439
460
430
447
435
438
433
450
443
472
474
510
489
512
500
482
482
447
429
419
451
428
437
406
426
452
454
433
418
425
428
434
451
432
438
428
440
440
427
431
429
424
434
440
415
423
432
447
438
456
452
489
