2991
3361
3022
2847
2779
2582
2515
2395
2274
2156
2122
1978
2011
1912
1863
1823
1832
1795
1670
1637
1661
1621
1562
1616
1510
1476
1480
1427
1443
1435
1399
1373
1385
1359
1369
1318
1349
1327
1312
1271
1273
1260
1266
1256
1192
1261
1220
1226
1247
1261
1214
1267
1258
1232
1233
1208
1222
1161
1155
1160
1190
1187
1186
1182
1189
1204
1116
1119
1054
1095
1077
1092
1115
1101
1102
1096
1056
1097
1073
1104
1076
1080
1042
1068
1047
1034
1048
1025
1041
998
1002
991
1005
931
966
1005
969
1003
977
993
981
993
996
989
974
979
989
1003
1007
977
1002
979
1006
992
1015
971
1010
969
1013
971
992
974
996
947
984
972
964
963
937
912
857
862
814
861
849
900
794
844
837
888
895
878
877
856
902
889
870
891
900
886
916
889
900
870
899
886
852
853
880
909
890
921
975
938
954
981
959
916
898
886
836
845
861
850
893
912
915
896
937
916
942
939
969
970
945
990
1014
1026
1084
1052
1068
1029
1050
977
1016
1003
1001
983
1005
951
977
924
932
949
913
922
899
919
920
898
885
899
910
882
856
853
897
874
912
844
861
804
854
871
846
834
831
822
869
834
829
801
837
865
892
890
922
918
949
894
913
867
864
909
923
954
943
955
927
961
947
970
951
961
965
971
988
939
952
979
972
998
977
947
904
870
868
869
835
797
816
778
805
784
828
795
837
804
824
803
805
754
752
761
766
817
778
774
801
800
789
791
771
791
764
802
803
790
805
785
818
799
818
808
835
851
794
810
794
814
802
807
792
762
787
761
786
797
784
780
780
800
786
757
786
715
729
729
692
711
661
696
691
704
685
679
690
684
664
667
664
662
673
646
604
607
571
590
553
584
566
570
576
592
588
565
575
586
567
552
577
568
567
563
549
580
568
569
537
546
563
507
534
518
539
561
519
517
519
524
503
512
516
516
555
551
551
528
564
498
537
525
540
527
503
510
512
520
542
515
523
508
492
498
513
494
520
517
523
533
529
536
506
511
514
514
493
506
493
514
499
495
496
492
502
529
527
531
497
474
459
456
474
459
454
450
428
419
433
420
421
429
428
427
446
446
448
451
473
434
464
463
501
468
501
506
516
520
530
517
534
526
530
539
593
548
599
555
594
571
589
602
612
576
578
579
572
588
571
568
552
548
530
542
531
526
530
523
493
511
490
482
500
498
504
483
479
505
499
482
487
478
488
502
534
504
511
499
508
491
478
487
474
469
481
473
451
464
430
466
433
426
409
398
410
427
432
415
427
435
440
450
446
421
435
414
399
394
391
397
393
395
385
379
403
412
437
446
437
440
433
464
477
451
451
460
457
474
453
467
460
459
472
464
465
455
472
465
470
452
444
436
444
437
424
426
423
425
423
445
414
423
431
418
441
432
454
428
426
427
411
413
421
420
429
430
438
471
466
509
480
475
464
483
477
488
513
510
548
518
568
549
608
577
561
573
533
535
525
528
522
572
566
575
578
608
603
603
607
600
608
623
603
588
557
553
538
545
551
566
532
525
512
506
500
521
533
550
551
590
557
594
593
617
591
623
548
558
535
557
551
571
565
567
590
588
594
558
624
585
608
575
567
565
554
528
513
496
483
495
484
478
496
500
507
512
511
498
477
484
519
516
550
519
505
514
483
495
488
504
476
476
465
482
486
510
507
493
515
499
508
510
529
506
526
504
502
511
496
489
478
498
495
514
522
533
539
531
538
546
540
564
545
548
535
561
541
541
564
569
608
564
560
546
558
551
555
512
529
532
511
499
500
524
537
561
550
575
584
616
588
607
605
612
588
591
601
613
620
593
595
567
550
557
557
568
570
598
563
560
576
583
593
603
583
566
597
584
586
588
595
580
613
632
655
644
660
626
642
637
660
608
630
647
651
674
650
612
615
602
581
607
604
611
619
600
622
615
642
603
633
642
626
617
622
640
643
662
664
644
662
608
602
605
617
628
638
646
643
606
615
622
632
623
653
645
658
638
631
647
603
666
632
643
629
626
629
589
590
573
584
575
567
584
569
586
594
595
579
605
583
581
566
556
567
557
569
553
546
526
521
558
534
560
526
527
490
543
499
556
484
539
488
490
476
481
474
485
471
495
479
475
489
508
517
534
516
499
522
513
504
521
540
549
525
532
515
519
512
497
519
518
516
517
518
552
500
508
494
481
471
491
480
496
516
519
510
545
528
534
516
536
498
482
490
497
511
508
522
523
522
507
543
555
531
551
504
507
493
494
500
476
497
476
498
520
528
514
509
496
536
495
511
499
512
510
520
542
527
544
522
524
518
531
539
548
564
563
564
559
528
533
567
574
566
555
534
531
531
504
