2999
3274
2837
2851
2642
2578
2507
2410
2289
2234
2141
2160
2092
2003
1929
1932
1880
1898
1807
1827
1752
1724
1633
1650
1549
1598
1522
1509
1482
1504
1518
1514
1481
1435
1487
1383
1379
1356
1341
1339
1322
1292
1214
1255
1201
1221
1174
1206
1189
1190
1174
1149
1140
1148
1152
1139
1156
1154
1142
1144
1145
1092
1076
1088
1073
1155
1005
978
962
905
904
912
891
886
917
917
949
926
983
918
929
907
973
945
981
937
955
979
939
951
967
947
976
936
955
947
942
874
857
837
840
797
832
806
825
799
828
821
807
832
825
821
865
854
879
873
885
873
870
883
906
940
906
908
892
884
817
860
841
866
828
869
883
900
922
905
945
913
945
933
992
922
905
882
886
869
884
895
914
882
883
897
922
874
873
855
836
831
853
826
797
759
772
799
791
817
839
834
804
817
805
796
748
751
740
692
697
703
676
699
657
660
660
689
692
677
706
682
654
640
658
636
653
674
693
724
716
711
750
713
737
687
695
711
703
642
679
667
694
646
654
665
660
663
695
650
683
708
700
736
704
697
711
688
700
661
667
654
657
680
678
700
635
657
626
655
641
645
674
658
617
641
654
625
652
658
665
667
668
647
651
633
607
636
623
629
615
597
588
577
580
573
582
562
582
573
584
585
581
567
556
542
503
492
499
492
527
518
498
490
502
513
524
521
554
544
566
552
610
565
573
580
591
612
633
613
597
620
641
647
636
651
638
626
610
642
621
592
641
657
682
645
657
631
637
641
613
666
653
666
654
692
658
615
614
601
609
597
608
601
603
589
583
590
579
575
589
602
608
609
618
631
625
574
607
605
614
585
605
620
604
606
627
611
641
671
649
639
671
655
624
641
625
626
619
625
596
604
568
592
593
597
600
579
600
570
566
579
573
552
559
563
562
562
550
583
570
597
597
642
640
631
622
654
642
616
571
586
631
636
620
602
610
579
577
578
585
589
603
584
611
594
595
588
587
562
556
545
535
536
555
527
525
547
538
533
535
543
532
545
512
506
529
510
541
515
482
514
485
514
501
493
485
462
465
465
489
470
462
478
467
464
471
447
438
432
455
465
456
478
473
491
495
471
479
486
499
521
529
531
521
520
539
523
549
527
523
536
532
545
501
526
505
510
499
485
487
485
462
485
468
469
486
470
484
454
451
429
449
439
461
426
396
399
378
403
372
381
372
364
360
378
391
376
387
396
400
390
373
380
382
394
395
384
394
386
384
384
348
368
338
338
318
296
296
306
302
297
287
292
305
321
326
340
341
379
354
349
362
365
326
326
317
333
317
339
334
372
353
364
364
387
361
376
379
403
402
402
413
401
417
373
372
380
383
373
370
335
329
308
315
315
303
310
294
324
301
330
295
323
298
315
292
295
294
286
294
290
297
298
304
288
306
288
293
289
291
277
287
286
292
302
295
294
278
292
281
293
266
260
277
259
258
259
280
258
263
256
250
260
260
258
260
263
252
258
274
257
263
270
265
262
274
272
276
282
278
290
288
291
301
310
298
310
307
299
281
274
272
265
270
284
274
275
274
262
270
270
271
253
248
256
246
242
238
252
249
271
261
272
260
265
288
254
268
261
260
258
260
270
269
288
277
295
275
266
269
275
280
292
307
306
292
301
317
312
312
316
293
303
290
299
291
287
278
287
277
279
263
266
265
263
292
270
259
262
244
258
261
265
274
269
278
266
268
251
255
254
258
243
238
241
230
234
229
227
226
209
206
203
204
205
200
197
195
195
195
195
195
195
195
195
195
195
195
195
195
195
195
195
195
195
195
195
195
195
195
195
195
195
195
195
195
195
195
195
195
195
195
195
195
195
195
195
195
195
195
195
195
195
195
195
195
195
195
195
195
197
194
196
198
196
193
194
195
197
200
198
208
202
218
210
226
218
226
230
242
206
210
210
210
210
210
210
210
210
210
210
210
210
210
210
210
210
210
210
210
210
210
210
210
210
210
210
210
210
210
210
210
210
210
210
210
210
210
210
210
210
210
212
209
210
210
210
211
209
211
212
216
212
212
210
210
216
208
206
202
202
202
202
202
202
202
202
202
202
202
202
202
202
202
202
202
202
202
202
202
202
202
202
202
202
202
202
202
202
202
202
202
202
202
202
202
202
202
202
202
202
202
202
202
202
202
202
202
202
202
202
202
202
202
202
202
202
202
202
202
202
202
202
202
202
202
202
202
202
202
202
202
202
202
202
202
202
202
202
202
202
202
202
202
202
202
202
202
202
202
202
202
202
202
202
202
202
202
202
202
202
202
202
202
202
202
202
202
202
202
202
202
202
