2948
3376
2834
2711
2637
2577
2437
2368
2362
2242
2175
2080
1998
1910
1823
1797
1757
1726
1700
1642
1627
1656
1595
1607
1589
1570
1548
1507
1469
1491
1468
1478
1455
1545
1486
1494
1517
1532
1536
1503
1521
1434
1436
1451
1407
1396
1422
1440
1399
1394
1386
1396
1324
1346
1282
1295
1268
1301
1160
1205
1187
1190
1192
1233
1226
1154
1182
1236
1209
1272
1212
1219
1200
1138
1078
1091
1018
1042
996
962
995
936
946
897
975
897
947
990
979
1025
983
988
980
963
945
944
939
889
889
884
905
876
866
869
864
861
914
891
933
941
948
937
901
901
903
928
896
921
893
876
874
854
817
798
738
743
734
738
727
705
676
698
705
682
641
635
615
621
599
575
598
576
572
535
523
526
487
494
500
495
492
470
484
481
483
489
494
474
479
492
475
493
474
518
486
528
511
478
481
517
468
515
492
515
515
525
504
506
508
516
529
545
520
540
527
517
526
534
541
540
531
538
558
579
579
603
574
598
598
610
577
579
584
602
607
568
564
556
554
559
542
533
525
539
536
538
550
558
555
555
574
553
574
580
577
571
552
562
545
549
510
508
489
475
478
470
474
467
458
470
464
489
467
478
476
484
499
470
467
489
496
467
469
463
455
454
457
448
431
430
427
422
437
447
445
443
475
452
467
443
448
441
468
477
478
496
470
457
478
455
477
480
486
484
524
505
519
515
537
551
557
554
547
543
573
558
552
566
557
571
548
528
539
497
504
504
494
493
502
494
509
509
494
483
473
493
508
528
510
504
527
526
545
531
514
486
444
444
451
427
446
438
426
435
417
421
427
450
436
445
449
464
464
421
458
451
482
482
471
474
495
455
468
457
474
472
477
486
496
496
502
484
476
490
469
494
488
490
476
490
486
498
494
505
494
479
493
498
472
495
485
485
465
442
466
479
462
465
431
429
452
446
458
450
437
443
427
435
402
399
410
420
447
430
444
404
416
391
405
385
399
399
405
435
376
385
365
375
379
397
384
412
416
399
410
419
427
449
436
467
433
454
420
429
410
439
430
459
438
461
454
484
476
476
503
502
513
508
518
514
509
512
501
510
540
508
545
532
519
509
505
509
526
517
528
528
524
523
506
528
521
515
519
537
523
544
541
529
528
507
478
470
445
429
433
423
421
412
387
400
396
403
405
427
419
452
437
456
446
480
451
475
472
461
479
473
445
466
460
471
463
481
488
481
505
516
513
513
541
527
535
514
505
518
522
530
516
545
521
534
549
526
518
522
479
490
486
489
492
483
503
486
500
500
483
470
494
466
460
432
443
463
447
460
464
472
498
471
483
477
464
466
461
455
461
473
435
481
469
465
470
449
452
472
435
439
454
427
415
413
408
410
430
431
435
424
437
450
463
436
449
464
446
461
431
443
435
435
422
414
451
438
434
422
444
456
426
432
432
442
454
466
488
473
469
454
470
488
489
472
470
457
473
456
496
496
519
537
534
544
546
554
545
556
542
573
575
579
565
574
579
559
551
576
604
612
605
578
596
566
600
622
589
574
588
588
564
557
537
514
477
521
488
500
489
485
509
521
516
523
498
509
519
518
576
553
537
548
572
561
566
578
566
570
549
538
538
558
523
550
530
551
538
543
565
555
538
527
533
539
506
505
492
504
510
495
529
509
510
521
539
552
560
567
594
574
593
577
630
610
602
603
622
632
600
593
595
574
587
612
608
612
611
616
591
612
607
597
617
574
566
564
580
574
581
559
583
558
549
550
543
564
550
542
559
540
556
532
571
527
541
535
532
530
552
563
547
570
534
496
504
511
479
473
513
477
501
477
501
493
523
541
533
518
527
503
504
508
478
480
461
452
457
438
482
473
507
493
508
501
512
513
519
511
515
498
517
496
478
454
454
435
444
444
450
447
455
457
471
455
473
455
480
469
484
451
500
446
456
441
446
445
435
428
435
424
408
415
409
420
416
431
442
444
449
437
460
483
448
460
467
435
429
435
432
432
421
447
431
441
430
429
413
418
420
402
402
405
392
401
395
398
409
398
416
403
403
410
411
413
407
401
390
390
390
398
386
395
382
386
376
382
373
379
385
385
376
375
385
381
384
373
382
371
388
364
368
372
370
372
387
375
378
376
389
381
390
386
393
384
406
396
409
401
401
402
383
399
387
386
367
367
372
370
376
378
381
377
373
376
369
382
363
361
360
359
366
364
376
365
367
365
364
370
366
368
366
365
370
362
365
359
361
365
373
379
382
384
382
376
382
372
375
378
376
371
362
368
365
372
371
370
376
368
379
376
389
387
380
374
390
384
393
368
365
365
359
358
354
353
