3048
3399
2926
2848
2831
2644
2522
2472
2402
2332
2264
2176
2146
2141
2141
2049
2003
1946
1855
1888
1863
1817
1785
1708
1670
1715
1647
1594
1615
1558
1550
1560
1492
1472
1468
1481
1428
1409
1361
1377
1348
1389
1338
1394
1387
1399
1466
1428
1429
1347
1341
1332
1302
1295
1334
1310
1336
1311
1223
1268
1232
1282
1229
1281
1208
1191
1141
1126
1126
1108
1119
1139
1154
1163
1118
1109
1108
1119
1151
1117
1131
1083
1057
1070
1012
991
973
1012
1001
1025
1020
1055
1017
986
1005
968
1005
976
957
992
981
1047
962
983
926
976
915
920
890
942
876
946
931
966
994
993
1025
1017
1063
1048
1031
1033
995
1006
1024
1024
1011
1055
1074
1076
1101
1082
1086
1085
1085
1089
1124
1082
1073
1102
1105
1083
1092
1128
1133
1105
1140
1073
1106
1060
1094
1099
1071
1038
1037
1011
1050
1049
1106
1108
1110
1097
1119
1125
1111
1098
1068
1070
1012
1040
994
970
966
982
1006
977
965
957
952
892
896
926
944
925
906
885
895
877
886
911
870
843
869
886
887
889
904
959
926
962
930
888
852
870
855
853
840
834
840
850
855
863
846
839
830
849
864
843
855
836
846
856
849
863
817
829
794
783
770
792
780
753
735
696
710
687
718
703
710
706
698
710
701
708
668
658
654
674
679
670
671
663
675
638
665
686
706
710
688
678
692
680
681
686
671
690
664
696
683
678
677
693
694
692
657
689
686
694
700
713
746
712
704
706
697
694
721
706
694
731
702
738
707
673
645
651
665
686
676
649
668
645
639
712
671
681
680
706
724
709
732
705
756
725
725
707
706
679
672
683
675
685
665
654
658
643
648
627
641
627
642
628
677
665
692
696
698
696
721
714
716
688
700
673
662
696
672
701
666
685
672
677
639
635
636
665
640
624
610
586
622
583
611
587
602
573
551
546
549
554
561
535
534
518
515
495
486
492
490
500
503
499
524
508
557
546
564
574
576
538
535
541
554
545
557
551
557
566
565
566
564
612
578
611
586
587
557
580
560
604
556
563
544
554
539
554
536
564
557
589
568
561
557
563
579
607
599
610
608
613
619
587
569
575
559
570
582
560
574
555
572
576
584
584
582
591
599
583
584
585
596
564
557
553
537
542
569
535
552
543
573
553
575
577
602
587
591
598
565
543
546
552
543
513
532
522
528
529
510
518
520
526
539
518
524
551
562
552
529
500
494
484
501
516
503
522
508
511
490
517
518
542
519
490
521
495
513
519
517
528
525
549
545
509
530
520
555
529
552
545
533
536
565
554
590
571
594
585
579
594
598
595
594
590
585
591
578
584
570
542
504
509
499
529
526
512
508
509
531
506
521
546
538
540
522
534
531
537
529
521
538
530
523
507
524
550
533
531
523
523
522
513
516
488
498
510
497
497
501
501
504
496
501
516
509
540
510
525
510
524
530
517
508
531
516
529
513
503
500
495
483
480
486
476
463
452
477
471
475
475
499
531
535
563
504
499
477
485
481
492
495
521
490
510
503
510
530
530
543
507
494
475
499
478
473
466
484
494
494
476
467
467
460
466
485
473
482
494
483
493
510
510
491
482
497
482
496
491
495
478
472
470
455
464
479
484
486
485
494
464
456
471
463
457
458
462
448
460
470
436
436
422
445
439
458
450
452
457
464
468
472
453
451
465
431
425
410
407
420
416
440
426
449
429
426
426
421
417
408
407
416
400
409
409
416
402
411
405
394
386
388
394
405
402
387
378
371
372
384
389
403
393
408
387
404
412
417
406
425
436
446
420
439
421
430
434
440
432
450
465
475
473
497
508
516
495
508
494
495
492
500
499
509
496
485
494
501
505
498
502
519
517
518
532
525
509
514
483
471
470
481
480
475
496
489
462
451
457
446
451
444
451
441
448
458
467
459
466
455
462
463
451
459
468
482
477
461
453
449
457
468
480
465
462
455
460
438
454
453
455
447
454
456
458
461
486
486
484
484
503
493
527
495
510
496
505
481
464
469
486
493
494
485
496
495
497
496
490
484
472
455
474
467
496
483
491
494
499
512
516
537
515
543
509
528
524
532
541
535
537
568
541
551
515
519
515
526
552
552
554
556
531
563
558
551
542
548
545
554
531
536
547
563
548
543
533
525
525
532
548
561
541
548
553
575
587
550
564
544
522
542
502
520
518
506
516
504
528
541
560
544
523
559
562
564
549
584
576
568
572
583
575
575
582
569
554
535
520
540
507
498
506
476
474
464
474
478
531
495
513
520
515
515
561
530
591
544
573
569
554
535
517
516
496
515
509
547
559
579
538
562
545
528
549
564
559
552
569
593
585
557
544
535
540
518
540
528
524
530
524
527
515
542
542
548
554
559
580
541
559
