2979
3481
2777
2793
2555
2472
2374
2287
2228
2197
2119
2101
2081
1992
2007
1954
1962
1952
1952
1791
1816
1725
1708
1659
1619
1573
1517
1522
1454
1461
1455
1460
1463
1483
1512
1464
1490
1400
1429
1355
1379
1368
1385
1326
1378
1327
1374
1314
1323
1229
1267
1196
1235
1249
1258
1208
1249
1275
1239
1209
1187
1168
1171
1141
1153
1119
1121
1160
1136
1199
1170
1168
1176
1217
1210
1194
1176
1172
1192
1121
1117
1083
1097
1111
1104
1118
1053
1059
1067
1036
1034
1015
1024
991
952
929
932
918
965
947
983
948
1011
997
1011
986
988
977
971
975
958
967
907
938
869
909
876
888
944
957
920
932
942
914
897
882
883
921
886
966
919
933
887
902
901
918
887
900
907
872
889
889
928
884
886
901
864
917
915
928
941
979
957
943
967
933
959
962
985
962
996
961
946
941
977
977
965
898
910
869
881
829
872
807
822
807
837
794
819
776
839
797
774
784
735
782
770
814
753
773
784
784
788
749
767
777
755
781
738
723
695
695
673
648
631
630
621
607
652
610
580
592
537
547
528
537
543
556
565
550
583
584
594
612
608
632
606
648
632
637
660
645
626
618
648
658
675
668
705
681
693
681
678
700
655
672
622
643
615
647
632
647
639
631
633
637
627
608
620
638
603
619
606
602
623
610
606
576
619
607
643
646
679
704
738
762
732
724
688
719
670
689
663
679
662
653
625
631
634
618
631
629
641
627
613
604
610
627
653
661
615
616
651
630
652
608
639
640
693
633
651
646
680
617
663
642
681
639
678
651
636
610
615
642
616
618
598
601
583
640
602
598
619
604
576
561
555
539
565
536
551
575
598
580
594
591
620
604
636
644
629
636
654
682
658
652
672
640
644
651
654
655
639
649
637
654
701
674
687
678
691
670
695
671
691
657
671
670
682
694
725
714
716
700
691
681
677
652
650
691
713
733
695
716
703
734
713
769
766
731
731
734
705
724
680
699
683
691
701
721
706
705
725
685
705
702
723
702
712
703
670
667
691
698
672
665
676
674
703
710
705
697
695
694
693
713
698
691
716
714
766
721
728
739
753
704
755
690
697
709
673
669
655
686
641
673
659
682
705
729
758
805
775
783
800
808
776
760
736
735
761
787
765
789
755
744
751
741
719
736
723
716
709
691
718
708
715
712
719
711
726
744
726
718
722
705
683
720
689
643
651
701
696
732
734
739
771
758
784
713
725
729
759
745
760
775
759
791
797
794
814
802
779
784
752
736
732
737
715
695
697
695
702
724
722
705
713
717
714
706
721
696
712
707
716
714
737
751
752
743
710
674
663
662
677
640
621
638
621
617
596
599
623
615
614
621
618
615
595
592
580
544
535
549
543
538
509
520
507
543
503
532
489
491
490
499
507
496
515
508
525
503
522
505
503
530
517
509
499
498
486
491
482
486
473
467
474
485
488
506
525
537
522
542
522
563
544
547
538
527
534
538
575
584
561
539
547
525
501
494
483
474
457
465
453
474
478
508
513
533
524
555
548
539
559
572
618
623
610
612
613
620
632
618
602
615
607
614
578
598
602
586
604
586
600
578
604
596
590
589
583
604
595
596
626
627
646
625
638
645
643
640
667
667
686
678
650
645
633
621
608
634
632
639
638
646
643
659
642
660
635
614
627
608
650
625
620
627
623
657
607
589
590
594
603
623
616
623
631
668
644
657
699
684
670
682
652
632
630
646
666
674
673
663
634
625
633
606
646
634
617
640
606
651
643
652
617
627
603
617
623
639
654
643
660
633
634
639
652
593
589
579
581
594
606
597
613
599
655
654
654
626
639
675
680
675
641
640
634
638
616
626
628
599
602
633
588
614
579
628
609
641
623
643
620
635
612
616
616
635
676
684
620
613
599
589
598
582
569
596
573
571
543
589
593
620
623
676
617
642
623
640
650
645
654
643
644
623
632
623
657
653
699
687
688
681
693
598
616
603
647
609
631
615
596
601
617
603
620
607
591
591
569
597
594
624
623
640
648
665
657
658
632
630
638
659
633
603
596
597
623
621
640
660
643
646
656
666
696
705
725
723
705
708
695
679
681
680
670
683
673
686
663
674
661
680
657
674
654
661
666
654
671
662
670
645
673
669
655
640
638
638
605
585
575
572
572
607
609
583
619
601
600
597
600
585
599
580
569
550
551
511
525
503
525
511
515
510
506
530
501
534
517
535
531
552
543
569
568
557
594
560
569
569
593
595
612
568
572
574
568
605
601
607
615
625
606
618
642
679
675
681
660
613
616
651
607
641
626
621
614
635
662
650
611
628
619
612
613
629
598
585
581
556
563
544
563
532
534
522
