2981
3482
2945
2898
2719
2599
2456
2394
2425
2386
2237
2270
2195
2155
2136
2185
2096
2101
2044
1954
1853
1848
1822
1765
1760
1705
1604
1633
1542
1601
1531
1558
1502
1376
1389
1406
1378
1383
1395
1367
1382
1353
1295
1268
1252
1209
1201
1232
1202
1213
1200
1180
1179
1174
1172
1149
1171
1094
1134
1122
1090
1108
1065
1095
1129
1092
1081
1113
1145
1105
1124
1027
1055
972
974
967
972
959
944
919
946
935
914
891
940
952
997
977
933
952
937
900
949
979
956
986
961
1017
982
1014
1000
1072
1055
1005
1000
958
982
1003
1017
984
979
968
973
981
986
991
987
1005
980
983
975
993
970
959
970
952
935
931
907
907
915
925
906
905
857
856
816
830
833
848
856
860
870
807
831
798
845
796
814
763
777
746
763
754
743
705
683
665
686
679
660
684
689
741
729
733
685
696
662
688
676
742
730
726
686
659
664
664
700
703
738
737
737
720
738
681
700
681
690
664
694
674
698
668
669
643
647
646
661
686
681
695
700
697
692
680
677
670
702
715
703
702
682
673
706
707
678
697
688
697
688
677
679
715
689
659
674
666
660
669
673
687
703
694
704
677
693
669
669
634
647
635
638
648
647
625
610
621
609
615
603
609
652
610
654
651
650
604
562
571
569
555
588
591
588
573
604
604
567
563
541
550
553
535
524
529
513
514
520
536
535
540
539
546
512
530
491
503
501
495
526
490
503
485
474
474
463
457
459
470
462
475
463
471
479
474
497
496
508
497
505
512
522
557
525
539
516
532
539
539
540
528
495
507
495
507
492
500
477
499
463
459
482
452
468
465
469
472
483
471
464
447
455
438
459
451
478
464
466
460
453
455
458
443
444
438
422
417
442
406
421
414
411
414
421
428
424
421
417
404
418
432
428
430
421
426
402
413
399
396
412
405
405
396
402
394
388
384
392
398
392
411
391
391
402
387
377
389
374
372
383
367
373
386
389
378
377
383
380
382
385
383
386
393
403
395
409
376
385
381
375
384
379
378
379
380
377
395
385
405
384
412
414
444
439
463
460
459
437
429
436
423
441
438
470
471
476
476
452
471
461
467
483
482
470
482
462
472
484
504
493
476
448
438
409
421
401
409
407
421
428
436
436
405
420
424
439
439
418
418
431
394
396
405
410
383
381
378
371
373
364
372
366
363
374
367
358
359
358
357
359
365
363
365
371
383
391
399
404
393
414
406
401
416
422
416
415
385
377
385
399
393
402
416
401
432
411
425
423
433
425
432
436
446
453
443
417
427
422
434
433
440
432
450
417
416
417
407
410
399
402
393
401
387
387
393
385
403
397
405
404
400
411
402
409
405
406
427
414
428
412
392
401
398
403
404
405
414
405
418
416
409
395
405
392
389
396
401
398
391
406
403
417
422
419
425
429
427
436
445
435
435
422
429
438
434
448
435
440
444
454
431
443
421
424
455
446
459
446
455
458
456
468
471
467
488
479
475
492
455
462
438
447
448
469
446
453
446
438
429
422
419
422
431
439
451
450
442
444
452
453
448
462
469
482
478
506
498
519
479
480
467
488
478
459
469
458
464
439
427
406
423
408
405
408
403
414
408
432
411
426
400
389
409
387
383
391
381
391
382
384
378
381
391
393
393
403
415
404
417
424
414
413
408
415
434
397
417
389
397
393
410
403
422
420
432
432
440
440
423
438
415
435
423
436
434
415
423
418
433
433
436
461
447
445
433
424
435
429
417
407
413
413
429
413
422
429
431
416
419
417
415
407
409
412
419
434
427
423
425
408
405
390
388
400
394
402
399
396
387
388
381
389
385
385
389
384
394
397
403
408
415
424
423
425
431
438
410
422
413
418
416
425
420
438
409
414
402
405
402
408
399
402
418
407
422
410
419
421
429
435
452
440
463
449
459
447
432
434
426
423
422
427
414
419
426
426
417
410
418
427
430
426
439
436
431
446
445
432
415
415
419
442
417
439
418
441
431
443
429
450
429
447
440
457
431
426
426
426
414
425
420
421
404
395
402
390
407
400
400
398
405
387
389
390
394
396
398
403
401
395
397
398
397
400
398
398
398
401
399
401
410
392
397
396
409
407
407
404
403
399
405
395
394
389
394
389
394
391
398
389
388
390
393
393
397
389
388
386
382
379
380
378
381
378
380
383
386
379
374
380
376
383
381
385
380
380
382
380
389
381
385
386
398
386
396
388
397
395
400
402
408
411
407
402
402
409
406
406
409
418
418
434
441
427
446
444
438
450
451
456
449
452
441
443
455
436
442
443
468
477
479
466
480
483
493
453
459
457
456
464
465
472
483
480
481
485
486
479
489
