2943
3355
2748
2818
2530
2486
2280
2296
2184
2184
2131
2035
1992
1961
1972
1975
1845
1808
1785
1756
1718
1697
1665
1663
1635
1589
1570
1518
1554
1527
1554
1509
1481
1467
1379
1375
1332
1294
1229
1214
1173
1174
1177
1214
1206
1202
1239
1216
1215
1215
1147
1167
1099
1183
1157
1194
1196
1128
1153
1103
1147
1064
1148
1124
1145
1132
1152
1123
1123
1133
1105
1031
1013
990
988
954
1022
943
983
991
964
963
961
995
951
954
959
968
912
909
876
849
855
871
813
799
790
759
755
732
732
769
768
775
767
746
730
712
727
733
701
744
690
752
757
733
715
710
731
737
758
751
706
688
684
706
696
713
692
711
718
712
732
719
708
731
706
719
744
750
675
691
662
666
684
654
630
608
609
634
632
626
628
673
692
719
708
668
666
655
660
624
647
574
589
545
532
538
530
551
577
588
613
617
629
623
628
683
665
703
663
678
682
664
649
630
667
640
659
657
658
665
675
649
677
651
675
675
710
667
707
682
703
709
685
673
665
652
628
626
620
611
604
610
592
607
592
640
606
592
601
574
554
595
642
603
642
628
600
617
606
659
622
630
635
658
593
615
577
608
577
591
610
646
612
651
613
649
611
612
614
608
609
618
639
648
636
660
652
657
643
655
644
677
678
702
694
677
640
634
604
617
591
609
611
625
607
655
639
631
622
649
622
614
612
621
596
595
592
601
608
593
599
628
580
596
583
583
579
597
557
550
538
530
520
531
535
550
539
573
578
567
567
563
547
577
594
601
646
567
553
546
587
562
612
560
595
593
603
610
619
604
644
613
617
582
618
621
629
643
636
639
671
668
646
647
648
648
639
660
660
690
673
700
672
663
662
665
639
629
654
631
656
615
630
611
589
565
536
554
537
522
515
523
524
551
564
591
602
627
600
609
583
608
612
595
614
604
591
593
586
575
573
588
584
610
604
594
616
598
610
635
628
687
621
659
624
664
648
640
639
654
650
711
685
720
689
712
676
694
650
661
639
645
600
625
592
596
631
645
659
658
688
691
736
723
682
681
676
711
682
708
701
721
728
711
683
675
665
675
642
670
644
636
662
649
670
688
706
715
708
737
705
721
697
707
682
702
693
716
716
730
737
736
724
725
717
725
711
716
743
719
715
676
732
667
678
674
686
683
687
682
685
652
670
682
679
730
697
715
724
714
692
715
730
672
685
669
643
677
632
614
629
609
622
611
647
639
655
649
691
654
641
636
625
605
597
640
612
614
562
583
603
580
548
552
580
556
579
564
594
581
568
565
530
533
512
510
497
542
541
565
542
556
540
551
553
587
573
614
603
606
633
619
568
575
563
592
567
599
558
566
554
555
522
521
540
522
520
541
576
582
587
590
591
586
585
591
597
633
604
635
621
656
667
630
664
660
657
692
687
699
681
662
619
635
645
588
627
606
576
582
558
528
526
527
514
506
496
502
506
496
499
525
510
527
514
513
531
516
525
529
539
544
539
537
506
537
516
518
507
528
538
533
520
512
532
523
500
498
498
504
509
498
525
520
531
511
506
527
523
504
536
505
536
518
523
511
508
510
512
516
504
495
485
470
473
463
479
464
499
460
494
464
476
467
472
502
474
481
470
492
496
521
524
503
503
489
490
498
503
520
526
539
526
547
549
543
544
531
498
499
501
514
498
472
481
471
474
492
477
468
471
457
460
477
475
487
447
456
445
438
452
444
443
435
416
431
408
411
391
396
401
394
410
400
417
397
401
428
438
421
405
439
431
469
422
437
436
431
445
439
463
443
465
449
457
447
441
448
425
453
408
416
421
393
406
391
403
413
410
451
431
448
429
450
423
433
449
448
463
444
434
429
461
460
447
441
436
443
445
464
420
414
407
412
407
392
380
385
385
391
381
384
397
399
410
409
399
398
380
381
378
362
366
362
378
374
363
358
352
350
347
344
352
351
343
355
359
353
352
361
358
360
372
356
358
366
370
382
369
355
358
363
364
365
368
364
365
354
349
354
348
359
348
348
345
353
359
373
374
377
379
371
377
379
373
374
367
373
377
387
386
395
392
394
399
387
378
385
376
378
370
363
352
364
346
349
351
361
361
361
352
370
362
363
365
368
367
352
355
347
331
331
325
325
323
314
323
317
320
321
333
329
337
336
348
338
343
341
351
347
359
353
374
364
391
365
347
350
356
347
362
358
360
376
374
358
357
362
361
373
367
361
357
362
364
367
362
357
358
365
350
348
340
345
328
316
318
309
313
309
311
309
305
315
308
314
311
314
311
317
318
322
322
321
325
320
315
319
316
323
324
320
324
327
322
331
322
332
