3118
3578
2981
2816
2737
2659
2589
2540
2372
2338
2185
2199
2056
2038
1937
1897
1800
1833
1771
1738
1688
1683
1653
1673
1627
1591
1551
1522
1569
1458
1460
1467
1493
1491
1472
1515
1511
1502
1494
1416
1422
1353
1440
1404
1443
1448
1483
1502
1500
1459
1522
1447
1469
1465
1425
1361
1376
1309
1324
1333
1327
1319
1265
1215
1206
1257
1248
1270
1249
1262
1256
1258
1288
1189
1223
1217
1264
1271
1271
1253
1283
1241
1294
1234
1261
1207
1224
1252
1260
1285
1301
1294
1279
1255
1301
1330
1375
1352
1369
1389
1422
1350
1364
1278
1252
1275
1224
1206
1165
1111
1164
1167
1173
1144
1117
1166
1153
1115
1123
1114
1150
1071
1060
1035
1016
1012
1045
1058
1072
1062
1101
1100
1104
1106
1087
1073
1078
1091
1092
1097
1066
1057
1034
1024
976
1016
1022
1049
1024
1036
1005
998
985
1026
1050
1141
1088
1142
1112
1048
1011
964
1016
944
951
949
903
929
880
881
870
858
861
907
861
852
830
824
843
811
822
834
816
806
771
842
803
821
827
858
850
898
887
857
896
867
889
877
916
910
939
935
935
897
918
820
868
848
799
829
807
852
903
876
859
828
829
832
825
857
782
814
809
754
750
706
714
689
710
737
715
708
727
744
683
739
706
703
701
701
719
738
676
665
701
663
691
654
671
668
672
692
675
681
682
678
646
656
652
643
651
620
645
659
628
626
613
659
645
676
637
657
671
640
634
637
638
652
660
659
650
629
644
657
658
701
656
677
674
650
695
677
742
675
727
669
694
693
672
674
704
693
733
723
736
686
680
688
684
660
700
663
642
624
652
637
633
614
620
630
640
656
651
648
670
670
651
659
645
662
631
643
651
655
635
627
649
632
632
650
657
673
653
669
657
654
656
652
643
662
681
680
665
680
677
660
714
670
727
670
686
669
667
668
671
695
714
739
749
763
745
769
745
783
811
841
831
819
831
827
820
808
851
797
802
814
791
794
793
749
771
743
772
787
788
768
779
775
807
792
797
773
792
790
754
738
725
743
755
739
741
744
751
709
722
711
675
676
655
660
674
668
670
670
658
707
692
699
696
709
716
703
703
696
663
688
700
674
697
670
736
700
692
700
701
687
704
677
689
650
644
648
677
688
693
701
666
651
684
679
725
715
713
719
733
694
716
699
707
712
724
696
690
682
641
668
655
638
662
659
682
673
715
675
677
718
700
752
696
726
708
708
710
705
725
701
733
741
745
776
741
801
754
787
775
752
704
706
693
701
680
738
688
732
748
738
717
733
699
673
658
684
676
679
677
704
679
699
630
657
626
637
678
659
688
694
676
683
688
701
726
710
746
702
693
702
696
646
676
658
671
685
653
641
630
645
636
629
616
595
608
587
574
532
547
566
566
579
579
565
571
572
556
540
546
575
568
618
587
647
629
636
603
591
614
605
612
583
543
556
552
540
528
526
533
536
524
530
547
558
512
557
507
536
515
541
526
576
529
544
548
614
616
585
574
580
574
561
612
600
624
592
587
611
580
596
594
582
563
541
548
551
531
511
511
559
528
545
550
545
552
580
565
570
540
563
533
493
498
482
505
446
445
431
438
451
471
451
459
448
452
478
474
472
471
489
469
471
475
463
455
472
476
502
495
504
526
504
520
519
557
545
552
548
558
546
540
532
535
572
582
595
563
556
559
581
596
588
599
604
591
581
580
581
584
561
567
550
560
572
606
587
587
574
575
565
549
577
558
591
551
555
542
541
523
543
536
557
554
561
557
566
544
565
579
590
606
633
657
641
646
626
640
635
641
679
645
718
678
697
669
702
654
650
675
650
640
678
653
681
616
637
611
616
614
611
608
606
628
627
644
613
634
615
623
614
602
610
593
601
608
598
560
600
568
558
520
561
542
552
519
525
545
542
539
533
577
527
558
532
555
539
564
563
604
538
541
566
546
565
560
593
560
576
565
572
566
560
536
527
483
481
457
460
471
447
453
433
426
444
432
460
455
438
429
429
440
436
445
434
451
455
475
471
507
472
503
500
524
511
515
513
496
473
468
463
463
486
468
485
479
469
476
498
464
465
486
481
488
464
482
459
498
457
473
466
461
450
453
441
451
444
441
445
432
426
432
447
448
424
438
438
423
412
381
381
377
383
385
382
392
391
387
392
395
407
417
417
446
427
428
426
422
417
415
399
415
423
438
435
441
439
438
418
429
414
423
432
464
447
462
458
432
440
450
442
460
436
441
454
444
396
420
399
412
396
411
415
420
416
410
401
394
393
390
402
402
420
411
458
417
447
412
433
428
435
438
427
435
436
442
431
437
458
470
473
475
442
484
447
463
442
443
440
436
412
442
416
422
408
422
421
447
436
440
448
449
464
472
469
