2921
3450
2783
2781
2580
2451
2353
2389
2294
2256
2131
2138
2109
2015
2026
2011
2008
1821
1847
1774
1717
1695
1651
1635
1622
1556
1585
1513
1549
1503
1449
1348
1416
1367
1415
1379
1459
1430
1485
1461
1403
1464
1417
1423
1368
1375
1335
1285
1296
1229
1307
1218
1257
1186
1198
1171
1195
1201
1169
1162
1161
1120
1139
1102
1064
1093
1108
1103
1046
1045
1046
1071
1089
1026
1000
980
1004
1000
979
957
929
998
939
941
934
970
923
874
911
914
882
908
897
914
864
877
866
887
889
918
851
886
868
837
797
761
754
729
737
760
731
710
716
732
670
676
676
657
654
641
624
608
622
589
566
583
579
597
609
597
620
617
622
570
590
576
610
623
616
634
647
639
645
633
631
644
633
644
686
652
634
640
624
643
625
682
633
641
634
647
632
633
623
637
605
599
574
588
568
589
589
604
616
600
614
595
610
610
634
616
607
597
625
622
676
682
708
726
735
745
737
763
716
683
690
714
728
713
711
709
713
724
730
672
682
688
693
688
695
708
689
739
712
649
651
652
683
708
704
716
710
706
690
705
721
729
729
773
759
733
698
690
675
691
709
714
737
729
755
741
735
735
746
768
774
776
805
772
761
787
814
823
804
809
775
749
737
696
717
705
692
700
728
680
718
680
674
665
633
655
647
646
623
627
617
635
618
629
611
612
628
601
619
628
638
628
631
672
669
669
662
650
679
676
688
691
661
667
689
665
694
695
696
703
703
732
697
709
731
674
651
641
609
593
574
577
550
576
603
609
582
609
627
652
635
631
631
646
644
677
646
683
687
712
689
685
705
630
623
631
640
637
669
688
653
618
625
586
609
574
593
601
606
620
644
630
687
682
703
680
710
734
773
752
745
711
700
699
737
715
713
714
721
708
732
731
716
711
686
709
685
689
736
726
698
714
686
675
695
683
679
697
664
689
651
667
622
630
607
627
596
619
581
597
569
607
581
580
649
610
650
629
676
617
620
619
627
629
581
618
573
590
578
583
596
604
603
614
595
636
589
607
587
544
544
556
573
590
565
560
569
565
566
564
548
563
581
568
551
547
552
562
599
598
576
619
615
614
638
618
577
588
556
549
562
558
537
534
548
550
562
555
568
553
549
545
548
550
582
575
584
587
567
567
581
587
603
600
596
628
590
617
568
598
558
600
563
539
548
544
579
580
578
577
571
574
586
551
555
547
568
563
573
590
589
622
633
650
658
680
713
675
682
708
676
674
671
655
634
639
659
631
642
630
622
639
606
615
650
668
652
635
666
690
695
710
744
730
720
688
661
658
669
662
634
661
660
682
667
691
676
653
671
647
649
633
625
652
673
663
673
659
672
643
628
602
620
614
599
588
566
575
559
584
560
573
538
545
533
535
550
529
554
564
538
538
551
531
531
489
490
497
507
544
516
518
516
509
531
524
512
520
508
519
509
513
514
503
484
486
495
480
483
477
483
484
487
521
524
541
530
522
538
539
516
526
512
531
491
517
492
490
485
470
471
492
499
501
475
479
500
488
505
512
513
487
496
476
469
458
438
439
441
471
486
506
490
509
499
491
511
520
529
517
510
531
533
527
546
525
530
507
505
505
496
503
501
506
479
481
471
491
483
484
487
502
466
481
487
500
536
490
490
473
451
436
434
431
437
441
450
465
457
486
491
504
500
505
503
509
487
481
485
447
455
449
460
460
466
454
465
459
447
452
435
444
440
446
438
445
440
452
479
454
444
448
459
442
467
454
452
449
455
457
436
454
436
458
453
423
443
434
436
430
418
428
432
434
422
420
415
415
439
427
429
430
424
417
428
430
431
415
423
413
417
427
435
434
423
425
417
427
439
437
440
444
428
426
422
411
415
417
407
403
418
414
429
422
427
413
412
408
411
425
426
440
429
431
454
441
451
431
422
427
411
422
411
411
416
408
416
416
435
421
449
424
426
438
451
434
443
438
427
431
433
434
435
433
439
453
437
435
447
444
437
437
440
447
437
437
442
439
435
437
414
417
414
414
424
429
412
423
422
427
442
429
432
422
419
410
421
407
405
400
399
405
403
410
406
397
399
403
406
406
407
409
418
423
439
435
442
437
449
439
443
453
459
451
449
456
470
457
453
447
467
459
477
468
492
493
500
489
514
511
541
529
506
528
524
527
527
507
514
494
491
448
446
443
433
428
435
441
439
438
430
442
445
448
434
451
451
462
450
449
441
443
454
460
464
460
452
452
444
455
456
479
447
456
452
470
454
463
465
480
471
477
469
490
475
476
466
468
461
466
445
448
454
436
445
444
454
464
454
457
456
455
471
467
470
470
