2990
3493
2901
2832
2666
2622
2445
2396
2324
2252
2194
2080
2064
2021
2065
1942
1884
1810
1748
1716
1616
1583
1516
1490
1580
1498
1513
1522
1477
1529
1533
1552
1460
1472
1326
1294
1288
1244
1234
1208
1176
1210
1144
1158
1156
1170
1147
1156
1169
1176
1202
1225
1126
1202
1150
1141
1122
1105
1122
1073
1080
1042
1097
1081
1117
1073
1084
1060
995
1016
933
928
955
930
947
947
955
925
970
946
922
900
884
880
850
884
858
912
874
871
848
892
816
856
837
890
861
916
890
896
912
896
942
931
950
954
952
999
1000
1015
973
930
976
927
931
877
926
882
865
834
814
821
816
832
812
818
865
825
850
840
856
890
862
870
947
844
882
828
810
814
845
810
844
846
857
870
877
900
917
891
930
894
849
901
854
870
851
877
839
863
823
836
823
825
780
779
790
774
791
789
812
862
810
838
831
835
850
832
839
794
824
781
831
822
830
850
831
790
786
772
760
786
783
788
805
760
746
778
750
769
733
781
743
766
758
766
748
799
741
775
788
766
788
806
811
786
807
800
767
767
764
747
746
740
718
715
746
703
707
705
709
728
733
746
757
731
713
720
731
742
763
741
752
765
774
814
805
827
831
866
881
833
823
810
855
853
815
825
833
859
854
827
869
841
812
797
778
804
787
818
796
813
812
786
761
764
733
721
716
716
697
681
682
711
702
693
704
721
699
710
691
723
740
748
768
757
746
777
790
793
789
849
814
863
879
886
881
879
884
882
879
900
879
857
907
891
905
850
855
847
833
763
775
730
773
762
790
798
803
765
795
789
809
825
805
769
746
750
805
810
797
777
776
750
758
729
746
789
795
786
777
776
776
778
822
810
792
814
788
826
823
847
844
802
814
824
800
834
818
810
799
778
786
788
791
793
770
755
760
759
729
759
764
784
772
803
763
790
786
774
712
734
699
713
691
717
706
714
725
721
739
724
711
700
704
678
679
654
672
695
725
752
716
712
684
679
693
694
680
681
681
637
643
687
700
686
683
716
695
711
730
715
728
744
761
800
763
779
748
737
744
722
715
719
698
704
695
698
639
649
641
628
624
649
658
643
650
618
629
615
633
623
681
673
704
678
661
670
656
652
658
671
659
649
701
662
665
696
651
644
647
637
644
665
655
664
683
704
700
669
717
666
651
645
653
637
618
607
568
550
552
546
549
556
585
586
585
571
568
569
585
577
579
584
557
604
550
560
546
520
512
551
505
503
502
485
515
509
501
513
522
521
538
507
528
526
515
497
503
500
500
484
503
503
507
482
504
502
535
519
543
554
570
566
592
523
538
510
532
520
544
533
524
536
513
512
512
524
522
514
515
488
484
508
482
519
525
537
559
543
561
545
536
549
520
514
478
526
490
505
484
513
516
504
523
513
485
474
471
494
494
504
494
502
485
501
491
504
483
497
500
488
468
464
471
466
475
476
481
470
489
492
458
468
456
455
477
495
468
470
477
465
475
445
439
425
448
445
462
473
467
479
468
465
471
499
466
479
483
486
488
511
503
508
538
529
572
543
555
538
531
546
528
530
526
528
540
528
522
520
514
508
525
530
531
543
525
524
510
495
489
473
462
449
459
447
433
444
472
479
441
478
473
508
471
448
449
453
444
455
465
456
451
455
444
439
452
457
444
462
468
472
493
491
490
496
480
492
496
484
516
519
543
514
531
497
512
489
489
473
485
500
488
495
501
504
552
523
555
538
550
534
536
551
592
536
557
558
547
573
574
550
553
543
577
548
553
535
519
526
535
536
538
574
537
569
566
574
563
560
539
527
492
497
471
461
464
472
481
506
487
526
508
531
525
550
534
519
502
493
495
500
474
486
485
489
492
502
507
523
524
533
530
535
506
511
513
507
525
499
506
496
512
526
523
529
544
537
537
543
541
540
544
540
537
567
557
571
601
584
632
597
639
629
639
628
660
642
640
662
658
652
624
664
668
676
673
666
662
672
680
698
646
658
669
665
637
671
675
682
710
662
668
660
672
705
696
721
686
710
677
696
695
710
708
669
647
694
674
690
674
690
649
655
651
635
614
647
646
664
647
681
652
686
703
708
734
750
678
723
689
698
710
693
632
693
668
695
657
691
682
754
740
771
767
728
701
706
718
674
682
697
712
736
709
722
705
721
699
704
726
702
716
719
735
752
743
759
761
759
731
711
710
727
683
704
735
733
730
743
695
676
710
709
712
744
740
716
739
715
741
706
714
672
683
691
707
696
709
695
731
723
730
746
737
750
762
729
726
704
721
738
730
740
670
684
684
701
688
676
709
655
682
626
609
582
575
567
552
558
