2931
3338
2790
2779
2609
2652
2563
2503
2412
2199
2186
2042
2068
1992
1953
1960
1923
1911
1930
1849
1770
1754
1733
1656
1706
1655
1619
1596
1614
1545
1596
1551
1589
1517
1462
1484
1438
1423
1320
1350
1327
1303
1280
1287
1248
1262
1217
1267
1212
1182
1224
1262
1278
1223
1258
1229
1251
1235
1247
1237
1264
1164
1181
1173
1169
1110
1122
1090
1109
1107
1086
1077
1059
1034
1087
1072
1067
1040
1048
1060
1018
1025
946
972
928
906
906
903
894
953
947
1024
1010
970
992
1023
1044
1032
1101
1019
1012
1043
1017
998
1035
1074
1035
1033
992
1035
978
1048
1057
1029
1069
1043
1014
1010
974
965
902
867
879
878
877
831
850
827
866
857
876
902
918
874
873
844
881
879
853
861
867
857
875
860
881
870
837
818
820
845
826
853
872
865
849
840
844
836
848
830
816
804
811
812
801
804
792
826
776
789
758
747
722
727
738
736
771
750
735
729
739
734
727
714
712
699
672
658
632
678
651
642
669
631
605
613
586
595
599
587
593
584
594
590
615
585
581
593
609
638
621
626
625
635
625
673
633
649
655
627
619
614
677
627
675
630
619
602
600
618
625
590
588
570
580
572
524
530
535
504
479
496
485
505
496
528
517
533
517
530
520
520
541
497
491
499
463
455
446
455
436
466
447
483
478
522
508
515
485
505
514
493
505
488
464
450
444
441
453
444
432
411
424
417
399
384
398
405
416
411
411
410
424
410
432
432
468
428
449
440
458
467
467
464
464
482
468
480
477
496
494
521
527
544
558
563
547
551
500
513
474
518
509
516
526
533
530
540
549
523
518
526
530
521
535
527
532
530
537
506
508
524
520
507
469
484
485
491
492
501
534
563
575
563
553
554
554
554
552
552
557
539
531
539
528
500
519
529
505
530
514
511
507
512
516
519
522
518
520
511
534
515
510
557
516
506
530
512
528
508
535
520
556
533
496
495
476
480
488
477
491
464
479
447
456
468
448
452
421
444
428
422
420
443
439
451
456
474
476
497
483
489
471
469
465
476
469
497
499
518
535
509
536
543
556
557
532
546
558
600
541
577
547
563
548
561
571
575
578
566
574
574
611
624
629
654
643
651
660
647
684
691
644
649
642
658
666
698
677
714
692
669
689
703
688
726
678
691
671
676
656
700
691
696
691
664
691
657
718
716
717
700
707
726
708
708
697
681
682
671
679
692
712
694
676
673
652
678
675
670
676
671
643
616
621
614
612
608
616
598
594
600
582
582
584
599
600
568
557
559
561
587
577
556
567
580
593
563
608
574
600
597
599
608
623
632
640
642
649
619
672
638
636
660
675
664
659
665
653
624
583
600
613
655
657
675
682
712
721
733
708
726
718
722
703
725
680
728
693
698
722
715
753
764
715
749
682
698
692
681
653
659
637
642
650
680
646
647
634
615
568
571
567
556
557
571
586
597
578
574
583
574
598
572
585
571
567
621
591
618
614
616
659
658
663
639
637
644
608
597
610
594
583
553
562
542
587
554
561
559
548
587
607
624
597
638
627
621
638
646
671
628
628
646
681
630
583
590
596
629
657
626
607
614
639
669
639
661
649
663
683
691
664
688
636
670
650
682
672
663
681
655
672
641
671
696
689
703
689
686
673
649
633
640
623
615
620
589
610
595
563
565
586
601
600
633
599
593
594
624
625
600
603
641
649
670
637
657
632
618
593
596
572
608
610
614
615
605
582
555
557
576
589
564
585
563
583
577
568
576
553
552
539
548
505
516
521
512
493
488
488
499
504
507
521
514
517
477
448
437
451
458
458
469
482
470
491
515
481
482
492
465
496
474
497
487
505
498
485
496
477
469
473
485
500
497
516
513
504
494
511
509
541
522
542
544
523
535
540
549
500
545
505
527
523
543
526
549
545
552
550
532
532
532
523
515
520
503
522
510
527
515
520
516
523
489
535
505
521
485
509
487
447
443
467
444
490
468
509
481
514
501
509
536
538
533
557
547
552
526
544
550
538
524
533
524
517
531
510
508
494
483
488
466
462
464
478
463
465
474
467
472
470
477
476
478
480
480
477
476
480
472
461
466
504
482
514
489
504
507
514
513
497
532
529
553
533
555
542
529
529
520
550
534
532
518
521
532
536
550
575
588
586
566
571
551
548
555
589
557
576
548
547
539
557
529
546
563
550
584
563
591
597
576
584
597
601
576
590
564
541
548
558
546
567
545
542
577
546
569
558
599
569
587
575
580
566
532
524
517
514
527
481
515
498
542
522
550
557
577
589
549
565
527
522
533
536
537
537
522
558
530
537
539
545
541
543
525
517
525
527
520
541
538
538
516
550
532
548
539
