3067
3444
2955
2935
2670
2636
2415
2284
2130
2019
1955
1897
1924
1831
1808
1762
1765
1741
1681
1610
1575
1540
1446
1441
1425
1427
1456
1374
1396
1342
1347
1250
1268
1251
1245
1279
1271
1245
1270
1253
1213
1268
1265
1283
1267
1257
1238
1266
1272
1271
1264
1226
1215
1276
1291
1314
1325
1331
1314
1382
1336
1347
1351
1338
1357
1337
1325
1357
1337
1298
1238
1225
1212
1208
1184
1159
1176
1160
1172
1186
1198
1212
1171
1148
1100
1111
1066
1073
1095
1081
1027
1007
1001
993
993
1015
1020
1033
1054
1008
1062
1060
1121
1128
1132
1134
1138
1136
1103
1102
1095
1037
1007
945
961
952
957
934
916
936
879
913
905
909
930
969
934
930
985
975
970
1002
963
960
951
936
938
968
1004
1019
1000
1023
1012
1018
996
945
932
909
899
907
883
933
869
917
884
907
886
877
890
898
861
844
826
841
882
864
859
846
820
845
824
873
820
839
801
820
768
786
811
816
785
787
786
788
824
854
872
858
867
898
902
944
932
976
957
993
954
1005
940
972
948
952
938
919
907
892
843
847
860
861
872
894
866
887
871
913
899
929
869
906
886
948
911
903
929
934
950
954
950
960
966
997
1002
1029
1049
1040
1136
1119
1112
1060
1113
1065
1036
1061
1045
1111
1100
1101
1099
1059
1007
942
922
874
866
828
835
804
799
830
753
761
722
716
720
745
770
714
757
717
707
699
711
710
658
685
695
692
666
669
656
626
631
609
603
602
606
644
641
664
687
653
650
662
652
625
657
656
626
642
626
631
625
572
583
614
563
592
558
554
549
577
551
603
581
571
571
595
595
597
616
589
633
611
601
597
609
586
597
596
581
596
584
611
570
611
606
601
573
574
584
589
573
590
545
538
535
534
570
539
559
553
541
505
472
490
487
516
512
515
516
524
521
515
526
514
521
527
552
520
526
516
557
536
553
547
555
541
554
527
550
518
545
511
535
520
528
534
538
530
529
509
513
499
484
483
499
490
502
498
494
481
484
462
479
459
453
428
460
424
440
424
431
421
449
422
414
426
417
414
410
418
419
430
425
442
439
448
468
457
476
480
484
499
484
480
478
484
464
485
468
472
492
480
460
481
480
515
504
475
472
480
478
470
475
473
481
470
485
470
455
468
464
475
455
453
472
469
492
492
494
502
484
489
518
472
496
502
507
496
526
494
485
504
480
493
492
505
492
517
517
515
519
499
490
496
490
508
484
495
492
499
487
502
497
499
487
479
473
461
471
462
455
467
450
450
428
422
440
438
450
424
420
417
425
418
402
391
393
388
404
398
423
406
415
412
447
429
449
437
449
451
471
451
462
461
476
456
482
493
482
477
473
501
468
494
482
496
504
487
510
488
526
493
528
520
534
498
496
474
463
473
460
456
487
460
472
469
481
474
486
478
503
476
481
482
475
454
451
451
450
458
469
444
448
445
445
455
447
458
464
451
467
446
445
458
441
459
462
484
498
484
455
464
440
456
448
451
467
464
449
474
467
464
464
464
469
462
460
462
477
468
459
475
457
479
448
453
433
444
426
416
424
416
430
436
448
434
454
428
426
432
441
444
451
462
474
508
445
472
453
475
454
465
450
478
441
454
440
435
419
439
414
415
418
415
437
412
405
410
399
412
422
412
407
382
380
379
380
400
397
386
375
367
377
383
375
367
379
380
391
396
407
396
393
409
397
403
390
400
382
381
379
392
379
388
382
390
386
405
392
400
392
386
402
398
403
392
386
391
384
377
374
377
380
393
394
390
389
412
402
417
393
406
408
410
398
413
410
421
419
415
415
411
404
408
403
422
417
422
427
417
413
428
402
418
410
429
408
400
388
381
371
373
373
363
374
371
380
363
371
366
362
371
372
359
366
366
357
352
345
330
331
327
336
332
346
345
358
363
350
344
356
353
348
345
337
347
345
364
342
344
349
340
351
349
348
356
345
344
339
341
331
339
342
335
337
343
336
335
347
343
355
353
350
351
338
338
334
333
335
328
338
331
332
328
329
324
328
314
311
308
310
313
311
321
315
333
319
328
321
330
334
330
319
319
316
319
320
324
328
326
332
331
336
331
333
331
336
336
344
337
351
342
342
347
351
351
343
354
345
349
335
338
338
350
330
326
333
333
329
330
333
331
333
337
335
343
336
336
337
335
330
336
332
327
328
332
343
324
326
327
329
329
339
320
315
313
314
314
313
313
313
316
314
324
318
334
326
342
334
342
348
360
330
327
324
324
324
326
326
327
329
328
333
332
340
337
344
347
359
347
356
354
365
363
371
373
378
384
379
381
366
385
376
385
380
396
394
388
378
387
374
382
376
385
396
398
396
398
400
393
413
400
427
378
386
374
379
383
