3066
3479
3016
3041
2737
2767
2591
2437
2383
2357
2249
2225
2198
2097
2051
2038
2030
1980
1954
1944
1856
1816
1751
1727
1764
1773
1708
1699
1692
1668
1681
1620
1619
1616
1596
1584
1569
1639
1644
1578
1549
1543
1522
1552
1512
1506
1525
1495
1493
1455
1437
1383
1334
1337
1296
1250
1274
1232
1351
1230
1306
1185
1203
1168
1128
1128
1129
1072
1090
1094
1069
1080
1037
1081
1072
1072
1057
1071
1087
1022
1038
994
1055
1014
1046
995
1028
1005
1049
986
1045
1020
1007
982
1035
967
994
973
977
977
993
928
970
959
966
988
959
957
949
978
1008
976
982
985
980
939
965
912
984
977
989
993
1021
1045
1022
1046
994
967
981
907
952
898
955
950
935
913
903
927
933
896
905
921
951
891
889
885
884
817
801
796
769
732
759
754
807
788
803
778
766
765
766
774
768
732
750
729
740
708
715
715
682
730
699
728
696
653
644
656
677
685
707
743
749
739
745
727
743
744
778
783
762
779
739
766
740
766
740
725
745
754
700
704
683
704
682
672
639
661
645
658
655
603
617
576
611
584
629
597
638
594
600
612
598
579
583
572
599
575
546
550
541
542
513
534
531
526
522
536
517
536
512
527
528
493
501
477
499
517
537
543
561
535
550
547
537
546
552
533
554
556
582
582
588
578
592
582
584
610
592
599
577
594
580
579
574
545
554
555
553
563
574
567
557
597
572
579
573
570
571
619
586
588
582
561
576
579
574
586
586
623
634
621
651
651
651
646
603
603
606
598
607
610
602
607
648
632
639
608
625
637
650
630
636
622
626
593
604
609
587
600
580
568
580
551
555
553
518
524
491
484
530
489
522
493
541
499
515
492
496
495
493
481
515
511
512
520
528
486
527
498
538
513
537
504
513
508
482
485
518
486
488
469
506
499
510
478
491
458
488
450
455
472
458
470
478
507
469
499
485
523
517
525
524
520
539
530
537
545
559
528
514
520
502
485
467
463
468
438
452
441
435
439
422
432
438
430
430
415
399
407
414
390
404
384
380
366
384
376
398
384
395
402
420
411
414
420
415
409
419
415
397
397
384
383
383
379
381
376
370
363
357
367
362
355
358
381
361
386
367
354
345
361
365
379
359
367
337
344
337
352
344
372
351
382
354
361
364
370
394
384
376
379
384
373
361
378
365
394
367
375
381
379
384
389
386
399
400
403
424
400
414
399
403
392
396
390
406
367
372
339
362
344
326
334
317
323
322
331
321
326
325
327
333
334
352
338
355
354
372
369
384
388
407
419
434
435
434
412
409
407
407
429
433
439
439
445
449
470
459
461
475
496
476
498
494
482
516
515
520
529
538
527
528
507
516
501
487
508
528
538
501
479
476
471
479
455
457
444
449
443
467
468
466
457
459
462
482
462
445
447
434
447
455
458
479
478
501
490
479
499
475
486
491
501
510
535
526
531
531
551
545
587
564
560
605
567
596
578
601
581
571
578
587
556
526
533
525
535
558
556
553
587
579
576
581
584
558
564
603
570
604
622
601
615
637
635
635
622
623
637
623
624
593
612
579
615
579
570
562
568
560
600
584
597
559
589
593
595
573
576
540
582
551
571
568
532
568
563
597
595
590
593
614
595
612
622
626
633
672
633
619
628
642
612
620
589
587
580
596
603
624
633
633
619
618
648
629
665
666
654
654
668
651
623
621
620
599
579
612
569
574
580
579
543
561
542
521
491
500
515
485
512
532
495
523
502
516
526
522
521
527
507
535
520
544
522
562
551
582
553
565
582
559
557
596
589
610
641
607
629
618
626
647
607
629
631
646
674
635
656
658
607
611
588
584
588
581
543
559
569
575
587
579
595
582
579
570
570
613
598
603
561
578
550
570
577
601
608
615
617
593
632
636
636
620
638
656
691
642
672
654
658
668
675
662
664
635
654
634
648
641
639
657
672
685
696
646
660
669
686
676
659
671
680
687
691
717
720
726
747
720
721
719
723
700
686
687
710
717
722
744
726
727
747
781
759
776
738
709
714
702
684
693
679
677
696
672
684
646
661
648
662
667
685
733
734
742
769
776
747
744
742
690
719
687
728
717
723
707
698
747
752
716
738
710
747
706
693
679
684
665
643
653
660
636
631
628
617
610
616
599
606
603
617
615
606
589
587
613
597
659
617
651
616
672
684
681
675
672
668
664
663
662
635
650
631
605
628
614
598
612
594
582
619
626
634
630
650
647
655
644
635
611
632
590
574
585
584
580
615
586
596
577
574
609
581
628
592
612
566
515
543
531
541
538
533
532
544
575
563
554
553
574
575
577
616
592
599
546
539
541
543
541
491
513
480
491
488
498
483
