3033
3439
3008
2908
2673
2542
2460
2437
2346
2253
2187
2085
2036
2001
2023
1932
1928
1810
1810
1730
1752
1671
1688
1589
1607
1532
1565
1583
1517
1481
1513
1415
1439
1443
1430
1389
1420
1364
1367
1327
1333
1297
1328
1285
1290
1340
1338
1275
1324
1351
1326
1331
1293
1315
1263
1269
1269
1281
1274
1251
1224
1206
1269
1204
1200
1120
1167
1094
1147
1126
1136
1129
1055
1071
1031
1072
1105
1037
1073
1038
1066
1057
1022
1042
1017
981
975
990
1005
956
990
968
971
963
940
954
953
936
1000
937
933
895
930
946
920
912
885
924
896
907
907
912
844
861
834
843
848
837
844
791
827
844
833
841
814
826
815
807
828
817
815
779
831
817
830
791
817
792
807
807
808
863
816
794
762
792
741
757
761
757
760
714
746
739
754
784
828
829
760
772
777
794
773
779
755
799
798
806
797
833
787
766
766
777
731
752
772
730
742
731
721
754
761
719
698
741
757
730
743
721
773
743
765
735
712
695
674
662
674
656
667
667
721
683
718
683
774
708
801
748
761
713
690
697
716
717
691
692
707
676
671
678
674
657
611
602
592
599
616
595
568
556
567
572
580
576
558
586
568
607
565
582
597
630
606
622
639
632
644
614
585
577
558
550
535
553
534
541
545
540
535
536
532
522
516
517
513
519
476
500
476
479
467
479
476
499
516
514
510
533
534
516
518
501
499
512
500
508
531
504
518
480
484
486
493
508
502
507
488
489
460
487
491
498
510
493
470
479
472
455
451
471
471
491
488
504
508
518
496
495
483
500
500
498
482
476
479
477
485
479
490
493
466
474
471
467
484
469
454
429
446
428
431
443
413
416
400
370
379
363
355
362
364
365
378
378
382
373
385
383
376
379
367
373
387
383
388
389
380
387
394
410
382
395
383
384
374
378
379
370
373
367
393
378
375
387
396
387
393
381
399
416
400
415
431
412
422
439
436
448
464
440
456
459
477
473
508
472
492
490
469
466
467
461
464
455
484
463
472
475
483
479
487
489
508
500
515
536
534
560
577
523
557
535
551
548
545
521
496
525
489
511
502
509
520
498
539
498
506
527
530
525
513
525
525
503
532
504
496
496
481
497
495
482
484
481
481
486
475
483
469
491
472
464
469
500
496
513
526
506
487
501
511
520
491
495
487
477
488
486
470
476
484
493
476
477
522
489
473
469
470
466
489
471
481
463
478
479
495
493
500
481
483
476
491
482
499
509
506
514
491
504
502
496
489
524
508
537
542
503
512
492
509
477
484
484
484
465
500
492
499
483
475
470
477
487
485
502
507
539
521
540
519
542
518
546
535
564
578
567
567
567
561
564
529
540
516
519
513
514
542
541
547
574
610
586
570
588
610
587
626
602
590
590
609
604
619
610
623
618
626
614
603
604
591
556
580
549
552
554
576
553
538
539
530
543
521
550
520
527
516
508
513
522
496
466
489
477
470
453
475
472
449
448
451
452
477
482
509
504
509
514
541
546
599
551
539
521
541
545
560
493
506
475
470
478
471
473
447
458
448
444
417
436
428
429
434
428
414
431
443
448
468
471
480
505
464
476
463
493
485
462
472
474
475
480
458
476
471
459
467
445
447
465
470
474
464
472
478
452
462
445
451
446
470
452
460
476
489
477
497
480
500
490
486
479
475
438
432
429
424
424
425
427
446
425
434
431
457
448
467
457
479
471
485
465
471
457
466
448
488
452
464
443
458
442
467
453
475
465
457
467
447
460
461
458
450
440
453
454
472
468
485
465
486
480
494
518
482
496
467
489
464
473
478
471
452
469
451
475
451
428
425
410
401
424
409
424
439
443
426
445
446
454
451
470
457
452
470
463
455
476
469
485
487
504
471
465
435
426
426
411
416
418
451
448
449
427
424
425
448
405
427
405
418
410
418
429
429
435
443
429
436
434
423
441
432
396
409
395
406
413
388
388
387
392
381
382
377
368
356
356
361
360
355
365
369
395
377
390
389
405
409
432
419
412
404
418
410
430
428
420
426
400
387
390
399
388
387
368
379
385
403
407
425
433
442
444
439
457
451
446
445
453
465
489
481
497
515
499
491
511
498
507
465
470
469
457
436
436
440
440
439
448
444
450
428
459
444
478
457
465
467
463
463
448
454
479
471
476
466
490
476
470
453
459
444
432
447
427
442
428
435
443
448
449
447
467
454
442
457
443
469
457
473
481
499
517
511
516
507
524
479
512
509
486
481
472
474
473
486
491
477
466
458
447
450
439
453
456
468
457
452
473
471
453
473
488
457
475
459
462
490
449
477
487
498
491
505
491
509
526
497
507
510
534
525
541
537
552
