3008
3442
2963
2949
2721
2679
2558
2446
2357
2239
2202
2068
2097
1917
1880
1852
1784
1824
1744
1716
1681
1673
1667
1627
1559
1612
1617
1586
1629
1595
1562
1554
1548
1500
1522
1524
1504
1429
1362
1387
1346
1403
1356
1309
1296
1279
1300
1329
1288
1224
1235
1166
1192
1201
1204
1249
1169
1218
1202
1180
1188
1172
1167
1117
1107
1035
1070
1016
1045
996
1017
974
917
985
922
974
967
989
961
928
974
960
961
988
968
1016
1022
1009
1030
1015
1014
986
1025
1046
1008
998
1012
1019
1027
1018
1007
1010
1005
1093
1034
1081
1043
1122
1057
1098
1038
1038
1060
1074
1087
1063
998
1006
962
1003
951
963
929
935
933
940
940
944
954
932
959
924
928
938
911
907
870
864
876
843
874
916
851
872
834
892
819
794
807
814
791
843
773
813
778
839
794
830
779
801
799
846
805
792
824
754
735
736
749
685
673
674
703
725
774
755
721
732
742
703
714
703
729
710
704
684
634
655
646
659
647
680
668
656
647
643
644
647
642
641
608
653
643
661
644
660
659
645
651
645
632
650
623
629
667
652
647
641
615
613
629
671
669
724
685
691
679
724
666
661
648
659
673
687
699
715
708
700
681
665
652
633
652
645
681
666
662
655
656
658
662
668
638
631
646
629
635
621
615
653
617
631
616
604
609
600
614
611
622
615
637
607
640
606
646
631
656
627
618
591
583
593
571
603
596
613
622
633
586
608
597
599
560
575
555
574
541
539
506
498
509
488
504
492
507
511
518
526
509
535
549
524
526
511
537
519
530
542
544
534
538
549
520
531
530
538
529
508
500
498
491
490
467
468
478
484
475
485
488
489
486
485
477
472
475
450
463
463
450
460
459
470
455
457
454
441
435
444
431
445
445
447
433
423
435
427
448
433
439
434
437
428
442
454
449
469
451
434
441
443
423
425
435
433
460
452
467
453
457
460
467
449
443
453
449
465
453
459
465
457
462
469
467
481
475
499
488
500
493
498
498
484
496
507
508
493
491
498
493
511
506
522
519
543
525
570
529
557
539
572
547
574
566
586
566
581
559
558
561
570
608
575
577
550
532
542
525
542
552
543
549
574
573
574
557
582
568
562
555
565
566
561
539
533
491
468
478
476
507
500
489
510
498
495
489
489
476
474
478
495
477
494
492
513
485
511
501
520
491
503
497
488
500
516
523
500
509
503
535
509
511
510
510
493
480
456
459
455
464
463
479
481
463
461
439
422
416
424
427
433
451
447
445
430
434
439
432
472
454
481
498
510
517
552
495
481
499
497
515
513
513
471
505
472
485
474
467
473
459
465
458
474
465
493
491
491
492
492
488
477
485
469
457
464
482
474
471
470
455
447
454
464
467
489
465
476
473
474
449
444
456
438
443
433
432
445
450
441
449
457
438
454
446
461
449
445
463
447
445
450
432
439
435
415
429
419
424
413
408
419
409
408
403
404
398
400
408
408
402
404
403
412
404
433
413
423
426
419
434
423
429
426
426
440
424
444
409
419
397
401
396
403
399
406
402
417
427
415
403
401
377
378
369
371
360
359
357
352
353
353
354
362
357
357
366
355
368
361
372
374
374
376
377
384
373
369
369
368
363
362
366
364
373
372
367
374
365
368
371
371
377
374
384
378
382
386
383
378
368
373
378
384
386
378
377
382
378
375
366
366
370
360
361
359
367
358
356
354
355
353
353
357
352
352
351
346
344
340
340
340
340
340
340
340
340
340
340
340
340
340
340
340
340
340
340
340
340
340
340
340
340
340
340
340
340
340
340
340
340
340
340
340
340
340
340
340
340
340
340
340
340
340
340
340
340
340
340
340
340
340
340
340
340
340
340
340
340
340
340
340
340
340
340
340
340
340
340
340
340
340
340
340
340
340
340
340
340
340
340
340
340
340
340
340
340
340
340
340
340
340
340
340
340
340
340
340
340
340
340
340
340
340
340
340
340
340
340
340
340
340
340
340
340
340
340
340
340
340
340
340
340
340
340
340
340
340
340
340
340
340
340
340
340
340
340
340
340
340
340
340
340
340
340
340
340
340
340
340
340
340
340
340
340
340
340
340
340
340
340
340
340
340
340
340
340
340
340
340
340
340
340
340
340
340
340
340
340
340
340
340
340
340
340
340
340
340
340
340
340
340
340
340
340
340
340
340
340
340
340
340
340
340
340
340
340
340
340
340
340
340
340
340
340
340
340
340
340
340
340
340
340
340
340
340
340
340
340
340
340
340
340
340
340
340
340
340
340
340
340
340
340
340
340
340
340
340
340
340
340
340
340
340
340
340
340
340
340
340
340
340
340
340
340
340
340
340
340
340
340
340
