2910
3321
2877
2908
2733
2646
2567
2514
2395
2247
2295
2251
2218
2161
2088
1962
1916
1910
1876
1803
1834
1772
1802
1762
1717
1643
1634
1622
1667
1573
1569
1498
1552
1533
1546
1548
1542
1512
1545
1509
1519
1492
1486
1459
1444
1443
1411
1402
1358
1368
1383
1382
1358
1409
1345
1320
1288
1362
1397
1340
1318
1267
1287
1233
1222
1210
1199
1178
1229
1220
1205
1158
1170
1139
1168
1181
1159
1155
1133
1121
1067
1104
1093
1081
1133
1090
1120
1110
1134
1140
1174
1129
1133
1140
1118
1132
1130
1209
1196
1148
1113
1124
1137
1156
1138
1085
1057
1092
1075
1069
1024
1030
1001
937
893
891
876
870
883
878
852
888
836
828
820
866
837
889
861
884
857
902
883
893
856
848
856
895
920
941
917
959
919
933
885
868
859
854
820
841
785
810
795
780
780
744
712
727
735
712
739
769
783
781
760
745
715
720
703
714
747
748
796
730
741
715
736
746
745
734
764
741
767
746
779
773
801
788
771
820
839
827
846
848
820
819
815
833
738
791
735
756
725
716
703
720
664
689
664
705
698
715
660
676
690
681
701
677
681
697
692
696
682
671
665
711
651
662
611
630
594
613
601
608
608
633
614
574
592
594
619
621
605
620
599
610
603
626
604
615
619
610
626
604
597
587
592
576
586
604
570
567
575
602
591
620
600
641
604
616
604
603
589
589
580
578
562
552
579
569
579
614
559
551
523
559
541
554
573
558
558
531
560
551
566
547
565
580
598
623
601
623
606
617
630
609
608
636
645
625
596
622
578
572
547
573
566
520
534
496
489
474
482
466
484
473
479
471
494
495
514
510
519
516
518
518
499
477
479
485
513
499
491
512
537
496
517
488
484
494
506
509
515
508
520
531
544
582
556
583
557
572
571
549
569
547
592
607
590
547
572
559
572
553
523
530
522
508
505
487
506
520
536
555
566
592
555
535
545
559
542
586
561
589
562
572
583
589
611
558
614
571
601
592
604
605
596
569
556
543
559
570
554
573
567
625
630
629
653
608
650
621
599
588
615
591
627
602
642
636
633
615
607
594
591
572
543
522
496
496
512
489
489
494
472
482
479
485
494
511
539
499
510
512
504
488
501
489
480
506
513
482
501
480
524
537
529
547
542
549
549
547
556
543
524
495
479
509
492
481
496
504
492
504
511
520
509
515
503
515
497
516
522
526
516
524
539
539
508
525
505
540
527
558
542
528
524
553
538
541
542
540
521
532
531
545
533
535
562
547
567
562
590
572
607
601
578
598
568
575
592
619
552
590
548
558
552
553
591
580
566
569
545
573
559
543
580
553
556
567
559
531
546
503
511
515
521
492
528
499
492
493
479
488
526
513
534
522
560
555
561
583
546
531
519
516
502
510
504
516
519
513
524
535
555
537
545
538
559
549
587
610
591
587
605
587
620
606
598
586
598
605
591
605
641
633
652
628
640
624
627
641
634
614
603
575
591
575
559
568
556
545
548
546
537
527
513
513
507
526
515
544
496
509
512
507
510
533
521
543
522
540
492
485
496
495
489
498
502
501
500
508
490
519
514
504
478
497
477
480
460
475
474
489
501
501
501
532
512
523
521
539
529
555
519
543
535
538
548
546
558
559
556
563
575
561
561
596
606
599
605
606
608
591
578
604
597
611
592
603
600
648
635
693
632
659
647
663
667
660
645
663
673
662
651
655
657
640
653
654
658
632
619
633
615
637
632
637
615
586
639
607
646
663
653
637
625
629
626
588
595
587
574
571
547
541
579
550
573
535
537
571
529
542
544
549
536
565
547
531
546
555
579
601
616
580
591
580
606
580
577
594
609
600
621
650
635
655
620
645
605
625
595
617
622
608
613
559
554
576
519
570
508
535
529
542
554
528
529
555
534
570
556
593
539
560
530
543
529
558
514
504
513
533
498
532
511
496
489
503
505
501
485
510
477
470
433
429
416
416
399
416
425
441
425
441
458
456
445
453
464
470
435
412
409
390
380
401
417
397
416
408
439
426
427
411
409
394
380
395
394
396
395
392
382
380
385
390
378
387
399
390
405
374
398
388
400
398
405
418
431
410
425
404
384
369
380
364
359
352
356
364
359
335
353
322
328
320
325
325
326
343
334
341
339
356
356
346
345
349
351
337
345
347
362
346
354
357
359
356
364
354
342
362
350
347
345
340
347
349
347
351
356
350
346
340
350
347
371
361
387
370
361
356
358
376
370
375
396
389
402
383
401
388
384
387
391
356
359
356
353
357
366
371
376
375
371
385
357
352
361
357
373
372
359
374
362
361
355
358
367
364
382
369
388
378
385
386
381
398
389
406
398
421
411
402
396
383
374
372
