2990
3467
2981
2850
2644
2473
2337
2313
2256
2245
2071
2094
2028
2042
1914
1935
1919
1816
1800
1799
1751
1783
1730
1730
1674
1598
1578
1597
1639
1595
1602
1662
1643
1659
1673
1601
1629
1645
1569
1564
1581
1579
1605
1600
1529
1476
1480
1474
1474
1460
1448
1418
1444
1331
1355
1328
1331
1312
1322
1287
1301
1249
1250
1266
1258
1231
1277
1264
1315
1211
1226
1185
1143
1139
1156
1130
1184
1107
1125
1069
1105
1092
1103
1098
1108
1093
1075
1133
1139
1145
1145
1142
1090
1131
1123
1096
1099
1088
1069
1100
1059
1075
1070
1090
1119
1170
1084
1057
1042
1059
968
995
968
996
999
1000
1006
1013
961
962
953
938
900
859
874
826
826
853
857
864
827
812
810
799
825
856
842
797
809
806
784
802
795
824
794
781
756
736
725
684
694
685
694
687
708
715
754
755
775
793
785
731
750
764
779
807
801
775
760
756
798
774
766
759
788
797
818
797
826
831
812
817
798
810
769
810
791
818
785
815
789
786
773
799
785
792
809
813
823
784
754
751
726
715
707
739
714
733
742
744
762
752
701
739
698
713
675
677
665
663
657
679
657
713
669
672
664
653
630
647
664
690
657
663
650
703
664
659
674
676
675
689
674
640
609
665
632
641
661
669
678
669
674
649
669
663
679
633
657
646
675
632
617
631
614
613
633
608
604
613
607
610
598
607
609
625
608
624
636
639
652
615
605
633
605
612
596
606
604
596
566
558
569
582
580
605
583
578
558
575
540
539
552
542
569
567
578
573
558
557
590
569
591
596
620
602
598
595
625
613
639
608
653
637
610
618
576
589
608
583
606
607
602
605
585
609
571
598
581
607
609
591
626
598
605
579
552
556
549
548
569
558
562
547
542
524
537
541
531
524
536
541
539
504
522
495
487
471
495
477
507
499
531
522
520
505
519
524
513
529
534
537
518
477
488
500
490
500
503
521
512
509
549
470
476
475
487
495
509
507
512
500
521
490
499
497
494
520
511
512
504
512
502
506
497
501
490
503
503
492
531
479
495
464
493
496
498
487
499
496
505
525
545
521
544
543
552
565
580
590
602
611
640
638
618
610
642
648
631
563
535
539
533
556
544
556
551
553
545
546
544
514
551
514
510
495
512
511
502
517
521
504
500
477
476
464
469
452
448
438
427
404
404
403
400
395
408
408
406
415
421
414
423
428
427
433
436
441
436
415
410
400
401
405
401
399
391
412
428
413
419
400
417
440
428
430
427
412
421
403
409
403
405
397
372
390
384
393
399
376
387
381
369
374
375
371
391
383
400
392
384
392
396
387
380
392
394
364
366
379
364
370
371
373
376
394
381
391
390
394
412
391
408
400
422
391
386
369
390
377
381
374
368
385
365
351
350
356
352
365
369
356
367
362
366
361
366
352
369
354
363
339
339
340
338
347
335
325
333
324
332
333
339
338
331
323
328
319
315
316
316
324
322
326
328
326
326
314
318
319
327
326
327
333
336
341
316
315
308
311
312
317
315
322
311
316
310
319
309
315
306
302
301
301
300
298
297
294
294
292
288
288
288
291
293
295
286
291
288
293
289
290
296
289
295
291
292
288
284
286
284
283
280
277
275
275
275
275
275
275
275
275
275
275
275
275
275
275
275
275
275
275
275
275
275
275
275
275
275
275
275
275
275
275
275
275
275
275
275
275
275
275
275
275
275
275
275
275
275
275
275
275
275
275
275
275
275
275
275
275
275
275
275
275
275
275
275
275
275
275
275
275
275
275
275
275
275
275
275
275
275
275
275
275
275
275
275
275
275
275
275
275
275
275
275
275
275
275
275
275
275
275
275
275
275
277
274
276
278
276
273
274
275
277
280
278
288
282
298
290
306
298
306
310
322
286
290
290
290
290
290
290
290
290
290
290
290
290
290
290
290
290
290
290
290
290
290
290
290
290
290
290
290
290
290
290
290
290
290
290
290
290
290
290
290
290
290
290
290
290
290
290
290
290
290
290
290
290
290
290
290
290
290
290
290
290
290
292
292
302
291
287
292
286
288
287
288
289
288
287
284
284
288
288
295
286
290
291
292
294
292
301
291
297
295
293
299
293
286
289
280
282
279
277
276
274
274
274
274
274
274
274
274
274
274
274
274
274
274
274
274
274
274
274
274
274
274
274
274
274
274
274
274
274
274
274
274
274
274
274
274
274
274
274
274
274
274
274
274
274
274
274
274
274
274
274
274
274
274
274
274
274
274
274
274
274
274
274
274
274
274
274
274
274
274
274
274
274
274
274
274
274
274
274
274
274
274
274
274
274
274
274
274
274
274
274
274
274
274
274
274
274
274
274
274
274
274
274
274
274
