3038
3344
2872
2778
2692
2461
2431
2386
2342
2187
2225
2106
2116
2052
1974
1916
1962
1936
1819
1896
1808
1820
1789
1755
1685
1645
1608
1547
1536
1540
1429
1465
1420
1405
1379
1392
1405
1339
1345
1340
1298
1386
1330
1410
1317
1275
1239
1253
1207
1265
1237
1267
1278
1239
1295
1244
1220
1257
1175
1221
1247
1192
1258
1207
1277
1267
1289
1264
1290
1251
1271
1269
1260
1227
1204
1255
1157
1189
1167
1153
1153
1155
1160
1160
1104
1165
1115
1119
1050
1098
1066
1096
1049
1066
1028
1035
1008
997
1009
1012
1030
983
989
983
944
987
1018
1031
1024
1005
1061
1023
988
982
1009
1041
1038
1054
1031
1138
1022
1050
1019
1007
1020
998
1015
997
964
967
928
959
961
968
958
964
975
940
943
929
890
877
887
883
886
875
918
901
905
893
870
832
829
828
804
788
755
740
762
691
737
694
723
700
744
746
718
721
717
715
730
720
769
748
774
748
800
769
820
782
725
733
734
739
774
743
775
755
777
744
786
781
808
785
789
795
797
821
830
763
754
711
718
704
704
736
736
720
722
740
735
710
694
681
660
670
637
709
669
687
665
680
681
629
650
639
673
661
632
657
636
651
630
592
613
565
566
550
539
562
518
546
526
550
559
565
568
597
621
630
582
566
559
554
567
552
550
549
549
542
525
497
506
518
505
512
506
523
489
495
484
505
498
486
490
490
504
495
539
507
528
517
544
561
534
527
513
508
491
502
521
534
534
540
541
530
551
514
565
514
537
535
551
567
563
555
560
556
582
583
577
609
596
595
562
568
558
571
605
586
635
615
642
645
618
646
621
647
632
654
604
600
582
570
590
564
634
601
595
567
585
536
554
558
589
594
594
541
555
516
528
518
518
509
528
513
517
544
552
555
527
543
544
554
540
561
553
555
533
548
550
557
564
515
509
514
525
519
520
530
512
510
523
526
539
525
540
550
559
570
593
570
591
556
573
578
611
600
631
626
596
618
617
648
603
617
644
626
650
627
655
632
626
630
616
622
604
638
632
622
626
617
604
610
614
623
605
617
611
625
606
601
598
585
580
576
556
557
553
567
523
531
536
552
556
593
596
595
550
579
566
568
571
568
568
595
568
579
558
563
543
548
529
546
548
535
543
557
540
536
537
533
539
546
545
567
503
516
480
477
500
486
502
473
466
465
456
452
455
438
449
443
429
448
434
440
429
444
435
448
446
461
464
468
446
461
447
475
465
459
460
455
416
428
416
418
416
427
427
434
464
442
447
451
430
442
435
441
432
453
459
467
476
470
504
471
468
464
450
470
476
464
466
470
477
474
462
460
462
483
483
498
467
448
461
453
430
448
454
444
432
446
441
447
444
440
421
411
429
406
410
396
390
397
401
403
407
414
402
402
406
414
409
411
414
421
422
436
425
422
429
421
436
410
393
397
398
389
384
404
391
403
412
399
395
394
382
395
381
370
369
381
367
375
368
374
360
363
365
377
359
366
360
358
360
363
371
377
372
365
353
352
356
360
357
367
354
361
352
351
341
343
345
337
344
339
347
352
357
356
352
368
356
357
347
341
343
342
355
346
348
357
351
357
342
345
345
336
341
336
341
338
340
335
340
341
350
349
343
349
346
356
337
336
334
332
327
329
329
328
329
325
332
325
326
325
319
318
318
320
318
321
318
318
321
321
326
323
325
324
321
319
312
311
314
316
321
319
320
325
319
318
317
315
315
313
316
316
323
318
323
322
321
321
325
325
322
318
321
317
320
316
318
312
310
307
305
305
305
306
310
308
315
306
303
301
301
301
301
301
301
301
301
301
301
301
301
301
301
301
301
301
301
301
301
301
301
301
301
301
301
301
301
301
301
301
301
301
301
301
301
301
301
301
301
301
301
301
301
301
301
301
301
301
301
301
301
301
301
301
301
301
301
301
301
301
301
301
301
301
301
301
301
301
301
301
301
301
301
301
301
301
301
301
301
301
301
301
301
301
301
301
301
301
301
301
301
301
301
301
301
301
301
301
301
301
301
301
301
301
301
301
301
301
301
301
301
301
301
301
301
301
301
301
301
301
301
301
301
301
301
301
301
301
301
301
301
301
301
301
301
301
301
301
301
301
301
301
301
301
301
301
301
301
301
301
301
301
301
301
301
301
301
301
301
301
301
301
301
301
301
301
301
301
301
301
301
301
301
301
301
301
301
301
301
301
301
301
301
301
301
301
301
301
301
301
301
301
301
301
301
301
301
301
301
301
301
301
301
301
301
301
301
301
301
301
301
301
301
301
301
301
301
301
301
301
301
301
301
301
301
301
301
301
301
301
301
301
301
301
301
301
301
301
301
301
301
301
301
301
