2975
3433
2856
2904
2655
2567
2425
2442
2235
2296
2176
2146
2061
2028
1938
1853
1818
1742
1703
1657
1662
1635
1627
1641
1582
1608
1560
1502
1539
1485
1464
1411
1343
1270
1287
1237
1296
1199
1156
1143
1103
1121
1077
1049
1039
1031
998
970
987
970
993
991
1001
1041
1002
1048
1070
1064
1117
1155
1157
1159
1219
1223
1174
1167
1109
1165
1085
1097
1106
1100
1115
1088
1108
1086
1123
1067
1099
1049
1092
1063
1082
1073
1054
1110
1100
1114
1092
1117
1097
1151
1111
1117
1122
1116
1114
1102
1065
1082
1023
1057
982
1017
1016
1006
967
1024
989
990
946
972
967
958
994
1024
1090
1097
1104
1116
1061
1019
1039
1055
1078
1102
1122
1067
1082
1041
1036
1037
1064
1068
1108
1064
1074
1097
1082
1069
1138
1095
1128
1139
1133
1133
1147
1202
1138
1166
1150
1186
1234
1181
1111
1122
1090
1126
1122
1070
1101
1026
1053
1062
1034
1040
1075
1098
1069
1108
1083
1098
1055
1075
1062
1053
1015
1040
1013
1037
955
964
959
965
940
923
936
919
894
922
931
919
917
877
887
867
826
860
867
820
840
793
824
801
817
804
794
814
825
802
820
800
779
768
766
762
770
760
768
738
766
737
765
758
750
747
736
706
740
690
732
708
753
677
690
692
725
689
729
709
724
731
770
725
764
689
704
641
649
636
655
640
632
638
640
589
596
633
628
606
649
628
639
643
625
639
660
674
685
685
667
644
641
623
606
593
596
613
605
632
633
624
639
641
675
623
647
681
700
719
715
756
768
774
799
788
806
776
783
758
765
768
752
721
723
705
714
715
736
722
702
713
701
705
719
720
721
744
725
737
698
766
723
791
768
767
740
807
783
776
771
769
722
773
738
731
698
681
699
673
673
671
670
665
640
629
624
619
609
641
649
657
633
644
646
663
666
642
670
667
670
699
696
719
707
687
712
706
709
727
758
715
716
671
670
665
660
653
657
657
668
652
627
627
619
625
571
584
567
558
564
569
578
578
598
593
570
557
580
571
568
584
558
564
551
551
550
552
536
547
532
521
532
523
546
532
580
518
531
515
537
543
536
532
533
534
540
531
538
519
530
546
551
557
552
578
577
604
621
640
611
618
595
621
580
588
590
573
583
580
598
599
583
593
574
589
580
594
582
566
603
593
606
594
575
573
587
606
606
606
575
583
562
594
612
602
615
610
625
588
631
600
576
576
583
603
633
635
641
673
657
653
666
668
669
676
699
681
682
686
701
684
652
643
666
671
700
675
677
693
677
679
695
678
712
653
721
696
701
685
685
703
697
693
706
711
713
671
680
653
666
638
660
657
684
672
703
699
665
673
663
698
682
700
700
696
699
740
703
741
706
740
724
784
712
759
732
779
798
880
855
864
853
850
846
892
893
896
882
908
888
871
872
899
932
921
1011
1021
989
1021
1008
1048
1042
1032
1031
1032
999
1008
950
997
963
916
934
952
975
962
928
964
919
919
918
908
922
939
911
892
910
913
870
856
848
872
861
835
864
868
813
850
804
777
780
769
787
780
793
806
770
779
759
762
743
782
765
814
781
790
792
804
818
771
755
760
759
744
773
759
791
719
703
712
678
669
654
644
674
662
667
678
688
673
679
673
667
672
679
670
667
656
687
679
666
700
643
697
672
708
664
680
668
681
696
710
705
713
709
685
705
697
730
731
714
706
695
713
687
735
738
724
728
685
690
676
693
689
650
677
630
666
655
674
645
703
631
681
654
627
652
587
622
601
620
627
631
651
624
643
622
648
599
638
591
578
584
580
576
570
583
596
579
600
577
590
587
599
589
608
594
603
615
628
640
617
645
658
664
693
650
663
673
676
693
669
730
699
708
708
705
751
691
705
667
687
680
653
671
650
687
673
669
682
663
696
623
628
603
608
634
592
607
626
598
626
620
613
619
600
638
612
653
588
602
545
557
539
533
535
543
527
505
513
512
539
550
554
520
520
509
514
509
512
489
483
491
522
507
513
516
534
501
526
484
528
493
540
518
545
534
560
585
572
548
532
551
550
581
560
577
588
594
599
579
586
557
588
580
591
578
599
589
609
605
567
604
613
622
609
597
629
587
573
575
559
532
557
519
535
540
556
561
574
575
580
559
583
558
561
577
551
553
551
517
534
522
552
547
549
550
536
530
532
568
539
540
538
543
520
541
528
552
556
544
549
564
548
532
566
564
588
625
589
596
611
608
622
568
569
585
561
595
572
564
526
515
522
513
524
528
571
574
583
560
591
577
558
582
553
544
528
525
498
502
503
503
498
537
532
525
504
528
519
512
505
517
497
527
485
499
492
473
484
491
493
505
505
541
524
547
534
518
578
548
571
586
573
586
566
574
557
586
540
550
522
549
507
491
492
520
520
525
521
