2930
3382
2853
2857
2647
2664
2434
2446
2323
2291
2240
2186
2191
2077
2047
1914
1913
1828
1798
1818
1757
1679
1625
1584
1581
1570
1607
1617
1618
1577
1559
1575
1557
1532
1542
1554
1502
1527
1453
1452
1421
1391
1385
1328
1363
1298
1365
1330
1371
1343
1313
1338
1245
1290
1265
1288
1266
1266
1282
1292
1324
1279
1305
1241
1250
1231
1252
1149
1191
1179
1157
1163
1170
1159
1164
1198
1188
1202
1222
1189
1196
1192
1192
1167
1147
1185
1135
1162
1070
1080
1053
1156
1056
1076
1061
1040
1019
1017
1004
944
1012
953
927
950
936
930
903
945
905
865
871
814
786
778
781
745
746
718
790
743
804
774
838
815
839
792
820
801
832
794
831
796
818
805
772
746
738
768
755
772
754
796
772
775
769
800
764
770
771
777
779
798
795
814
765
789
778
767
783
750
748
745
755
763
751
727
769
716
784
725
792
810
823
806
806
762
776
801
865
795
841
798
794
809
810
805
830
778
797
781
807
759
809
781
742
762
765
743
758
779
778
713
712
702
713
735
731
742
715
753
748
735
756
764
745
744
747
716
781
720
734
729
738
723
723
751
708
738
671
684
638
698
675
702
679
706
688
699
672
683
679
677
675
687
656
685
640
694
660
704
694
724
723
746
741
751
719
672
694
694
670
675
659
639
631
637
612
634
614
651
625
635
635
646
637
627
597
627
615
619
633
613
593
588
571
580
574
582
589
609
618
618
638
638
643
641
607
609
612
632
618
667
637
689
660
670
679
644
651
633
635
643
648
647
659
654
670
675
680
683
662
674
675
659
626
665
635
625
644
621
608
628
611
619
590
600
581
578
600
603
643
647
664
635
682
646
628
615
605
569
539
552
522
532
542
531
531
510
546
569
568
552
531
551
526
534
532
521
519
534
525
552
562
557
582
591
571
557
551
559
585
582
598
558
570
563
548
596
595
628
619
621
606
589
593
607
592
598
591
617
597
634
630
633
607
626
600
629
628
617
628
617
610
642
601
595
589
584
633
614
636
641
672
662
698
683
688
671
667
678
708
688
680
695
652
665
649
616
622
615
626
589
602
604
617
648
652
655
639
659
671
691
662
659
661
679
685
688
675
672
696
669
663
645
645
638
639
631
625
631
639
628
646
623
606
619
579
603
564
568
565
532
543
539
538
508
525
504
497
493
489
513
512
526
517
542
530
561
570
557
610
561
587
586
585
587
583
590
620
604
596
574
544
534
512
484
488
489
459
467
469
456
481
468
467
479
480
514
510
523
533
535
553
559
538
528
552
541
514
476
497
503
513
507
502
527
511
511
528
524
537
556
528
551
542
534
547
539
561
542
530
540
507
528
527
513
493
507
550
515
515
505
507
523
502
507
500
503
497
531
560
529
557
521
511
526
476
482
463
470
448
458
421
431
423
413
417
436
422
442
403
437
435
455
437
452
462
447
468
443
456
425
420
415
426
418
408
399
410
410
407
436
411
425
409
389
415
407
423
432
430
426
414
420
382
402
377
382
378
386
383
372
384
374
404
394
379
395
364
375
360
364
343
355
342
345
337
354
347
351
357
370
352
389
363
371
368
380
374
385
369
376
332
328
319
325
330
328
320
311
303
317
305
322
301
294
301
305
316
339
328
335
322
340
324
339
331
337
336
327
320
330
324
314
305
308
300
313
300
317
307
316
310
321
321
326
332
329
333
318
306
311
300
309
288
302
285
298
295
304
295
294
287
287
273
273
271
283
281
287
290
284
282
280
278
284
281
287
282
281
293
271
284
279
275
284
277
287
291
291
305
297
318
307
343
335
350
339
354
349
370
323
323
327
328
349
324
340
336
327
348
342
337
335
325
323
301
311
300
308
303
311
302
307
293
293
283
299
280
291
278
285
301
294
308
306
323
295
310
305
317
297
302
285
286
273
277
278
294
286
279
271
269
273
271
274
278
269
272
269
270
274
277
277
282
288
279
288
286
297
285
301
294
327
302
336
305
310
312
306
309
315
310
317
305
293
303
293
288
301
297
290
292
279
280
284
289
294
309
297
307
313
323
307
314
308
321
329
342
349
351
367
331
329
331
333
343
340
350
364
361
350
351
321
310
301
310
303
309
312
320
325
333
339
332
339
343
355
335
326
337
339
357
356
376
345
343
357
367
347
345
334
329
333
333
341
335
328
329
340
348
363
378
373
376
392
382
396
386
430
372
372
367
376
382
365
372
368
388
382
408
357
358
352
350
347
341
338
327
324
315
334
327
313
333
316
328
326
319
322
308
316
311
311
313
307
307
315
312
323
329
317
316
309
317
321
317
350
312
313
303
303
299
309
294
310
304
305
302
310
