3020
3435
2967
2875
2765
2665
2532
2495
2351
2326
2267
2217
2092
1990
1990
1977
1893
1920
1896
1825
1779
1770
1760
1728
1695
1630
1676
1609
1514
1470
1502
1525
1515
1590
1480
1517
1500
1446
1403
1349
1388
1315
1330
1293
1302
1308
1271
1223
1267
1225
1215
1180
1158
1175
1163
1155
1145
1193
1168
1128
1137
1167
1100
1116
1054
997
952
943
948
969
994
1010
966
971
919
933
950
907
844
855
833
871
825
836
852
863
869
872
885
897
907
900
936
911
901
905
941
931
929
977
955
958
932
974
881
864
861
844
851
819
824
836
828
801
793
795
788
828
862
834
829
850
856
907
915
949
945
1000
980
998
962
1005
955
981
946
947
995
1007
1027
1027
1016
1001
1002
967
967
939
907
919
938
897
900
881
887
917
866
885
839
832
831
879
878
855
867
910
883
882
859
858
889
853
925
922
988
957
951
910
892
897
911
902
882
855
878
832
838
791
817
772
770
794
798
770
773
769
763
786
811
817
824
784
787
769
794
792
797
788
788
813
820
802
850
805
828
827
815
849
863
852
820
834
838
813
886
853
875
831
851
814
846
827
823
822
800
779
798
785
806
784
791
742
795
749
784
735
707
714
724
710
728
732
784
776
800
768
818
804
798
801
767
727
743
763
771
771
796
816
794
818
831
834
798
823
803
821
828
875
843
860
856
777
799
787
781
784
804
806
794
803
794
822
773
814
804
836
805
803
785
796
765
795
772
798
775
804
822
805
806
805
805
812
780
770
749
759
762
749
765
781
761
752
760
765
769
762
807
758
759
833
780
820
772
778
758
767
749
751
754
759
738
729
739
770
753
759
734
726
722
714
711
709
684
713
680
700
701
693
728
713
729
719
750
707
731
739
739
705
735
704
708
662
669
665
677
688
653
665
682
669
670
698
750
717
742
707
710
726
682
738
684
759
715
726
703
742
757
764
746
789
809
823
805
797
806
825
791
778
774
762
775
768
707
670
668
697
671
704
693
736
721
764
731
726
719
764
751
735
778
736
804
784
819
780
789
764
757
745
720
750
678
652
677
664
693
674
682
653
662
667
697
663
661
675
688
686
672
713
708
710
698
723
712
734
726
757
705
759
727
727
718
736
752
726
744
736
743
767
746
733
726
742
758
756
756
782
820
804
838
834
787
802
753
773
736
771
730
762
755
747
748
707
705
741
751
715
714
653
687
655
689
667
653
649
655
590
588
590
557
557
549
563
533
537
560
524
540
549
555
535
517
536
488
539
474
488
476
516
540
562
557
540
532
541
519
534
531
543
541
568
579
601
572
590
606
596
588
639
634
648
631
628
600
612
620
611
625
649
634
653
670
694
680
689
663
665
646
657
659
672
638
667
617
612
598
604
559
594
576
604
602
624
584
622
591
609
563
578
546
557
550
538
528
524
529
552
539
546
543
561
529
536
534
539
501
478
494
450
460
446
462
476
473
491
459
481
468
506
486
502
473
469
482
509
511
516
510
510
512
504
518
510
530
491
501
510
537
520
529
529
503
533
521
543
553
564
545
585
565
565
562
581
597
598
612
573
579
580
579
563
595
561
555
571
545
574
554
601
578
598
585
585
587
578
597
600
575
585
608
578
592
577
584
599
619
621
626
603
603
596
613
628
621
593
630
604
613
627
660
652
695
654
663
659
656
628
621
628
618
648
625
626
600
583
613
576
569
563
569
558
571
563
568
566
543
531
552
520
519
487
496
507
501
524
514
507
510
514
528
519
521
530
538
527
525
534
528
526
506
536
545
537
514
511
514
529
546
557
529
531
530
538
550
559
548
558
588
595
605
597
643
609
600
563
565
566
573
568
607
595
586
567
579
543
576
552
553
545
537
538
555
514
507
508
500
492
495
510
496
484
489
486
496
478
488
475
479
460
460
461
482
492
503
545
523
540
518
563
544
562
515
548
547
551
547
521
546
549
553
531
547
519
528
535
538
546
535
587
558
578
591
622
584
565
582
594
603
605
629
656
648
666
626
616
628
650
673
693
645
664
629
624
650
659
618
650
617
619
616
611
611
605
605
593
575
559
528
565
533
528
517
515
518
490
502
499
532
504
540
513
517
494
518
538
537
509
527
480
478
465
444
445
457
441
466
457
461
432
446
454
458
477
473
499
491
533
505
530
523
514
490
516
506
487
525
502
537
494
493
473
489
494
511
505
503
481
493
511
507
517
514
527
519
566
507
547
528
517
496
545
525
539
531
554
555
555
580
553
566
566
571
557
544
535
546
549
546
535
513
494
508
511
535
521
525
520
538
484
509
481
516
498
539
524
530
549
558
588
587
595
609
596
