2981
3425
2847
2789
2656
2556
2477
2345
2375
2256
2154
2128
2096
2040
1945
1906
1837
1727
1729
1682
1638
1673
1629
1650
1619
1637
1583
1579
1563
1535
1500
1456
1498
1496
1506
1435
1397
1430
1396
1374
1360
1315
1296
1292
1321
1298
1310
1273
1313
1272
1261
1305
1307
1320
1270
1275
1265
1264
1238
1207
1224
1191
1226
1259
1207
1250
1243
1275
1290
1303
1363
1311
1291
1268
1255
1266
1251
1239
1302
1278
1293
1337
1330
1360
1401
1359
1344
1309
1335
1329
1306
1296
1290
1282
1262
1248
1181
1198
1173
1170
1169
1186
1192
1219
1202
1149
1135
1085
1068
1135
1106
1057
1056
1027
1043
992
975
960
986
994
976
992
977
1051
983
1027
980
963
957
991
963
914
912
931
895
892
895
882
896
864
881
869
846
804
787
770
756
769
767
742
774
722
726
678
687
676
702
709
772
733
758
746
730
771
735
713
685
717
718
685
719
681
737
684
724
709
723
695
695
699
679
720
712
714
694
722
702
677
700
676
690
671
660
661
653
649
662
655
690
672
679
636
671
662
652
653
669
634
632
639
636
686
667
683
674
719
680
695
664
686
697
691
677
676
701
672
674
679
704
684
691
688
697
733
687
683
640
640
670
641
684
664
685
713
687
714
685
724
715
722
738
698
713
717
710
718
749
767
755
779
762
752
748
745
751
776
788
790
785
791
811
810
785
789
824
823
832
820
809
809
839
816
823
791
815
819
804
788
791
808
806
814
820
841
785
791
780
808
810
815
815
784
795
796
839
814
832
824
839
808
865
816
817
794
804
791
790
819
785
844
805
809
823
812
799
832
808
811
830
844
823
827
813
809
846
832
846
844
854
816
826
809
791
768
767
753
782
797
808
785
782
781
799
795
772
762
755
756
751
758
750
762
763
782
775
755
773
729
751
734
791
761
811
745
746
739
721
667
680
671
664
653
684
675
685
674
707
706
681
645
665
674
664
659
652
660
657
649
660
641
677
677
646
663
639
654
617
648
613
592
594
607
588
597
569
574
564
542
525
522
520
538
552
559
560
565
567
587
577
599
570
594
583
543
555
531
549
551
543
567
580
588
597
598
556
562
582
572
568
562
562
574
571
544
568
569
536
568
559
573
569
559
573
565
560
580
573
573
615
586
590
576
588
621
596
581
600
595
602
612
583
597
607
561
517
547
547
546
575
556
565
577
592
605
584
594
599
546
540
549
528
516
540
499
515
508
521
508
511
532
539
507
508
496
464
473
466
473
452
437
443
416
438
406
436
418
455
439
456
460
467
460
469
501
503
480
471
457
464
448
455
431
444
427
429
418
411
433
432
429
444
421
414
423
400
396
423
401
414
403
426
409
419
448
466
464
466
462
484
472
455
451
432
420
444
441
440
450
444
459
462
459
440
442
431
426
430
460
466
455
452
430
437
416
429
415
429
433
447
446
452
464
458
461
464
469
462
492
480
451
469
457
461
427
439
440
413
436
426
449
438
458
459
475
498
494
477
496
471
484
497
492
472
481
486
479
484
480
471
493
486
514
509
501
503
480
491
489
507
504
513
497
492
496
505
504
490
499
474
476
458
460
462
473
460
456
448
470
445
477
458
480
467
469
460
457
452
459
436
463
477
477
439
427
434
439
441
422
428
400
401
381
384
395
395
405
389
384
370
370
373
378
381
380
371
381
371
391
400
405
433
417
444
444
465
450
474
473
497
519
527
479
472
462
430
462
436
472
451
466
436
443
424
427
450
432
454
458
442
468
456
483
480
498
507
488
489
473
478
477
469
438
442
432
433
439
426
437
438
453
446
456
437
446
435
425
436
437
437
438
416
440
456
437
404
405
383
397
387
396
373
378
363
370
378
383
395
400
424
411
431
438
419
432
420
415
430
445
408
431
422
421
405
406
396
413
398
395
409
406
413
411
434
422
412
423
404
413
432
443
442
439
439
426
440
436
417
409
408
432
434
449
452
439
458
471
481
494
475
467
473
458
459
465
457
482
470
438
471
454
451
447
460
452
462
453
427
444
440
456
470
477
455
450
425
416
422
414
425
405
416
399
409
405
402
401
391
376
383
374
397
374
397
398
408
397
412
415
445
436
461
460
474
470
489
492
498
524
485
525
510
508
511
517
523
540
515
497
482
459
490
487
488
496
496
485
486
468
470
474
448
460
455
469
455
479
444
484
449
464
436
421
408
384
396
393
388
386
388
401
378
379
364
369
360
383
397
403
420
413
442
423
423
433
444
413
428
420
414
413
426
418
433
437
425
427
400
387
375
363
358
366
365
384
369
379
382
394
401
399
366
392
365
384
379
385
381
397
391
402
417
412
443
402
411
428
427
465
444
442
