3056
3474
2953
3025
2726
2615
2541
2432
2335
2257
2235
2144
2108
2024
1968
1892
1846
1798
1798
1812
1729
1708
1652
1682
1587
1628
1564
1536
1505
1499
1479
1464
1426
1395
1379
1383
1408
1421
1406
1294
1332
1270
1334
1249
1331
1232
1202
1154
1164
1139
1187
1220
1216
1179
1169
1175
1160
1123
1127
1096
1088
1072
1034
1000
968
935
896
901
916
886
920
864
847
875
854
838
832
799
837
815
873
850
882
868
872
878
895
915
925
918
849
893
899
905
933
965
917
941
865
870
872
926
888
940
934
887
911
836
834
823
843
806
781
775
742
720
688
707
715
755
739
738
763
733
754
764
783
839
818
796
846
838
764
793
721
742
732
762
745
780
719
765
766
808
754
765
777
791
747
776
758
742
737
760
725
727
707
675
655
687
683
723
674
684
681
658
658
642
634
653
665
653
654
646
659
634
621
643
614
631
619
611
613
624
581
617
588
595
598
611
617
596
601
603
646
613
626
618
620
635
611
604
615
591
585
561
528
507
511
503
514
523
501
509
522
504
507
535
515
506
539
503
535
517
509
523
494
491
474
457
473
471
466
452
455
465
442
445
438
441
431
415
420
415
420
412
416
422
418
409
424
407
425
410
424
447
437
451
429
450
454
452
423
437
421
414
423
418
419
439
415
411
403
412
409
407
410
400
386
397
385
380
372
364
371
369
372
376
371
375
376
371
381
392
396
398
393
384
392
379
373
364
359
357
356
357
355
340
351
333
342
333
324
335
329
333
320
332
341
331
340
321
317
322
321
327
327
332
344
327
326
322
322
313
304
313
309
317
317
323
328
325
326
336
328
339
347
349
349
350
352
356
354
360
358
374
364
363
342
342
331
328
331
334
342
343
356
351
357
338
334
327
338
343
351
347
344
343
354
343
356
344
360
342
368
356
348
340
352
344
351
331
343
340
343
346
334
342
332
341
332
338
330
321
327
333
323
325
326
329
339
353
362
373
363
369
381
389
375
382
375
387
394
400
398
388
380
382
372
371
352
360
341
354
347
342
340
339
324
313
327
319
331
323
317
318
326
320
335
335
346
363
337
340
337
338
342
353
359
365
379
380
366
359
361
361
363
356
370
349
364
338
345
344
330
323
319
326
332
326
331
339
345
343
347
355
358
359
353
346
346
347
358
350
349
344
355
345
355
353
352
341
357
349
348
335
340
339
350
338
356
344
351
352
362
377
381
373
376
357
350
347
352
353
365
370
362
358
374
376
381
367
373
381
371
379
365
372
365
358
366
360
373
350
359
352
371
358
377
377
366
360
374
374
376
365
360
355
370
369
379
362
366
355
367
359
380
387
375
357
372
344
349
346
350
336
323
321
316
324
313
320
313
321
306
305
310
313
324
304
300
299
295
298
296
296
292
294
297
303
298
298
293
298
300
310
308
311
324
308
314
303
305
299
299
304
304
309
314
307
316
312
304
306
315
318
314
313
310
313
319
318
325
317
327
326
309
315
301
301
292
291
286
283
285
286
287
288
290
293
291
301
295
311
303
319
312
318
323
335
305
311
311
326
307
310
308
311
318
313
321
324
315
307
313
306
300
304
295
295
286
279
275
275
275
275
275
275
275
275
275
275
275
275
275
275
275
275
275
275
275
275
275
275
275
275
275
275
275
275
275
275
275
275
275
275
275
275
275
275
275
275
275
275
275
275
275
275
275
275
275
275
275
275
275
275
275
275
275
275
275
275
275
275
275
275
275
275
275
275
275
275
275
275
275
275
275
275
275
275
275
275
275
275
275
275
275
275
275
275
275
275
275
275
275
275
275
275
275
275
275
275
275
275
275
275
275
275
275
275
275
275
275
275
275
275
275
275
275
275
275
275
275
275
275
275
275
275
275
275
275
275
275
275
275
275
275
275
275
275
275
275
275
275
275
275
275
275
275
275
275
275
275
275
275
275
275
275
275
275
275
275
275
275
275
275
275
275
275
275
275
275
275
275
275
275
275
275
275
275
275
275
275
275
275
275
275
275
275
275
275
275
275
275
275
275
275
275
275
275
275
275
275
275
275
275
275
275
275
275
275
275
275
275
275
275
275
275
275
275
275
275
275
275
275
275
275
275
275
275
275
275
275
275
275
275
275
275
275
275
275
275
275
275
275
275
275
275
275
275
275
275
275
275
275
275
275
275
275
275
275
275
275
275
275
275
275
275
275
275
275
275
275
275
275
275
275
275
275
275
275
275
275
275
275
275
275
275
275
275
275
275
275
275
275
275
275
275
275
275
275
275
275
275
275
275
275
275
275
275
275
275
275
275
275
275
275
275
275
275
