2935
3385
2745
2774
2600
2430
2335
2243
2235
2140
2178
2112
2127
2163
2014
2041
1910
1867
1812
1806
1725
1742
1713
1694
1662
1739
1673
1717
1667
1654
1611
1670
1654
1659
1595
1617
1482
1449
1418
1420
1386
1422
1417
1384
1314
1346
1335
1360
1362
1344
1307
1294
1293
1283
1269
1267
1248
1242
1256
1204
1263
1206
1268
1161
1201
1147
1173
1087
1063
1047
1042
1046
1034
1078
1084
1054
1055
1077
1069
1038
1053
1049
1041
1054
1039
992
1009
989
1012
993
999
1005
1025
1057
1067
1007
992
1023
1032
997
1041
1019
1051
1018
1015
1055
1012
1006
1000
1051
1005
978
985
1038
1008
987
973
961
939
960
937
947
945
943
929
940
994
984
974
967
947
1006
932
956
927
929
945
972
1007
1001
953
977
1001
1003
970
959
970
941
945
938
932
927
870
922
954
924
927
931
968
981
941
959
878
882
884
887
888
874
928
951
923
868
883
915
907
881
856
886
861
903
880
891
854
876
860
954
927
977
915
954
904
942
916
901
904
883
896
863
874
859
888
851
902
908
913
912
906
879
894
880
896
903
944
970
956
931
882
916
849
848
809
842
756
779
767
779
760
742
772
756
802
808
745
762
732
745
752
762
725
726
693
728
704
715
735
758
765
747
778
747
776
772
791
790
830
759
739
719
671
668
685
688
686
694
669
674
676
675
643
646
635
668
630
645
630
633
623
618
615
636
641
640
645
607
586
542
581
568
568
579
580
563
572
571
600
584
568
580
578
576
573
580
567
552
567
567
593
595
574
619
597
643
621
692
637
668
640
633
596
602
595
581
560
568
547
571
578
576
607
573
564
577
585
593
597
624
612
612
634
609
615
600
569
585
617
602
630
619
632
631
650
663
641
618
634
601
609
604
623
641
651
664
654
646
645
618
619
600
609
617
602
625
608
610
575
579
560
590
559
563
581
598
598
587
594
575
590
564
577
598
593
585
572
581
584
581
592
570
591
590
617
604
598
618
617
613
627
602
624
627
657
643
635
641
639
648
658
700
649
636
631
650
649
648
646
669
663
689
675
713
700
721
733
709
727
699
664
650
631
637
640
641
655
657
638
667
649
663
636
635
592
606
596
588
622
621
640
637
613
609
633
637
630
613
625
626
626
636
627
640
640
633
647
640
653
628
636
626
620
663
617
649
677
684
663
666
658
684
729
710
730
683
729
724
726
713
726
697
696
740
690
696
660
659
675
680
693
691
714
724
763
771
748
750
720
734
768
772
791
847
867
873
850
874
837
861
851
845
886
885
906
913
894
889
903
902
890
927
985
995
963
994
1030
992
1034
1018
1036
942
958
976
1017
967
991
964
997
960
938
917
912
914
894
886
947
833
827
825
789
762
764
788
760
737
767
771
749
740
744
767
818
783
836
824
847
887
850
906
872
838
839
814
790
829
815
823
845
831
820
786
753
672
698
676
680
681
634
664
681
688
663
666
611
644
625
647
659
673
676
644
654
667
696
746
738
715
707
701
682
722
731
742
720
720
708
734
694
696
705
689
736
691
695
702
724
714
710
676
709
674
723
684
708
713
691
738
729
710
683
699
673
687
674
689
716
694
656
670
678
696
692
705
692
699
685
709
704
769
782
745
741
749
755
768
812
745
745
726
729
701
700
724
693
695
645
659
637
635
654
632
637
642
634
631
659
631
644
661
633
652
580
573
556
554
568
568
585
571
552
569
545
559
550
568
554
553
563
563
582
564
563
577
558
533
522
535
552
535
555
543
559
577
575
570
602
566
569
535
568
559
595
594
598
601
607
603
615
581
585
552
548
530
526
517
546
539
544
543
534
521
504
496
477
466
465
484
486
520
498
485
478
486
508
492
529
524
544
549
580
575
578
582
582
567
545
547
573
579
598
561
592
529
550
536
537
567
572
577
583
559
571
546
573
564
581
568
596
598
642
612
581
545
534
519
540
536
567
544
544
539
525
523
540
533
536
561
555
569
561
565
598
579
597
576
552
561
590
567
586
602
593
625
606
622
598
609
614
606
598
580
568
549
577
579
576
597
584
603
557
604
580
602
600
615
563
563
537
536
547
533
530
498
504
496
493
487
486
496
497
511
475
462
452
444
452
439
443
427
423
410
398
394
395
410
426
416
439
439
465
442
440
448
459
479
493
522
491
514
504
547
534
532
566
554
572
532
515
514
532
553
549
527
561
535
554
511
503
490
501
499
506
507
497
497
479
502
484
485
488
503
491
521
513
512
508
500
507
509
467
487
485
470
467
497
477
500
517
497
511
493
491
509
464
497
472
507
472
467
479
469
473
480
487
470
459
466
445
418
401
417
419
423
429
428
441
446
438
469
448
462
454
448
