3009
3414
2919
2974
2629
2580
2474
2431
2349
2352
2327
2306
2241
2181
2181
2144
2046
1988
1926
1902
1829
1872
1791
1733
1647
1650
1639
1646
1643
1625
1602
1547
1606
1530
1569
1519
1516
1546
1542
1586
1548
1497
1515
1499
1434
1446
1446
1403
1400
1284
1364
1335
1310
1289
1282
1280
1323
1342
1293
1233
1157
1155
1107
1100
1063
1060
1079
1077
1080
1045
1051
1023
1054
1069
1088
1117
1055
1071
1047
1065
1049
1037
1052
1014
1078
1044
1049
1043
1018
1028
1052
1104
1068
1118
1093
1076
1071
1008
1058
981
1006
976
966
931
905
897
951
878
870
865
886
879
852
842
839
832
834
823
829
861
829
834
814
812
830
829
795
811
758
785
761
754
736
760
748
765
781
780
778
821
830
830
817
821
782
800
777
816
823
850
844
853
836
845
862
845
863
890
917
943
928
915
936
946
925
948
880
875
816
826
791
798
721
738
733
736
688
713
710
733
722
742
757
772
798
789
810
828
826
804
831
792
824
818
836
817
825
803
830
800
851
877
861
861
860
864
867
891
917
926
929
915
922
926
961
926
919
902
888
854
888
810
789
775
779
725
729
731
755
743
735
679
695
715
739
724
741
723
741
757
756
745
776
769
805
802
744
762
736
732
700
698
702
695
721
708
733
699
669
684
668
721
688
688
667
651
653
655
688
700
722
665
698
673
680
712
726
739
737
713
705
674
658
650
649
618
632
618
617
638
636
637
648
652
682
677
692
705
720
742
735
722
696
728
714
739
728
685
687
698
706
750
644
667
674
713
718
740
764
731
712
712
712
725
713
706
678
698
653
721
708
699
691
689
708
671
709
678
670
701
675
705
686
687
699
721
708
747
749
771
784
773
790
717
696
731
691
682
689
664
675
652
669
642
635
604
612
642
624
631
632
610
588
568
576
552
556
563
557
547
541
524
513
515
546
558
547
527
511
525
496
513
486
511
497
496
515
528
518
517
513
494
488
489
507
523
538
548
540
553
541
548
554
568
556
550
540
540
553
565
546
558
564
586
605
581
589
575
577
565
577
556
552
541
534
504
531
524
534
531
543
539
574
568
617
600
589
594
585
601
564
536
517
505
491
532
505
472
501
448
464
455
466
478
476
464
475
478
445
445
456
436
453
444
457
431
433
414
397
401
401
397
420
417
408
416
399
400
392
389
382
385
385
395
418
399
393
377
366
375
369
386
372
390
386
393
371
345
352
347
354
350
354
355
361
363
347
342
340
340
345
346
359
346
366
355
342
350
347
335
342
343
345
344
341
332
341
347
353
350
353
346
349
361
363
367
370
351
348
351
347
354
354
355
349
364
350
341
343
340
354
333
328
316
322
309
308
308
309
315
312
311
317
312
318
315
319
320
307
309
312
311
311
318
308
313
308
308
310
312
315
321
318
324
323
340
326
329
332
347
322
323
328
328
327
336
332
322
328
329
328
326
331
331
327
335
330
327
335
329
321
312
315
312
318
309
309
307
312
306
306
305
302
303
304
304
304
305
304
311
304
304
302
302
303
306
307
307
310
312
315
320
327
328
328
343
332
337
342
343
344
345
347
347
350
347
355
341
347
343
346
352
341
349
341
339
336
334
332
338
343
348
339
344
331
329
335
317
312
317
326
321
329
330
347
337
345
358
359
355
361
359
363
358
374
377
390
390
391
378
373
380
371
368
380
364
349
355
350
363
359
342
363
366
358
368
364
377
363
361
365
364
359
354
354
351
352
343
337
332
330
338
345
338
360
343
348
337
345
342
348
342
350
333
330
326
325
321
321
324
324
319
307
303
299
296
298
297
298
299
300
303
302
308
303
310
308
313
318
319
319
325
314
319
316
315
318
321
329
330
321
324
319
321
315
321
318
326
315
310
315
319
322
321
321
323
321
332
324
326
320
327
332
335
336
328
330
332
323
328
316
317
322
325
333
337
355
343
341
347
344
354
356
346
340
333
339
341
346
349
341
350
347
341
343
352
355
351
350
347
350
356
355
362
355
365
362
350
367
345
358
329
319
315
320
320
326
323
324
324
324
327
334
329
333
335
338
340
334
343
345
346
351
349
345
352
342
352
336
333
332
331
328
334
331
334
333
348
334
344
342
342
342
347
341
350
345
348
340
349
333
328
328
318
326
319
321
320
326
321
326
319
312
309
312
305
302
298
296
296
296
296
296
296
296
296
296
296
296
296
296
296
296
296
296
296
296
296
296
296
296
296
296
296
296
296
296
296
296
296
296
296
296
296
296
296
296
296
296
296
296
296
296
296
296
296
296
296
296
296
296
296
296
296
296
296
296
296
296
296
296
296
296
296
296
296
296
296
296
296
