3023
3553
2823
2791
2662
2602
2526
2417
2335
2349
2299
2218
2162
2091
2035
2025
1984
1939
1912
1917
1898
1904
1843
1799
1742
1697
1717
1683
1713
1645
1687
1616
1574
1521
1473
1538
1429
1474
1411
1454
1425
1384
1425
1415
1420
1339
1377
1318
1283
1236
1305
1243
1218
1240
1228
1247
1207
1235
1191
1248
1226
1258
1296
1299
1254
1300
1296
1345
1279
1280
1290
1295
1331
1322
1346
1239
1237
1183
1168
1190
1172
1148
1150
1111
1109
1159
1137
1165
1160
1152
1189
1185
1155
1144
1161
1179
1169
1170
1098
1108
1055
1020
1011
1072
1075
1060
1124
1088
1151
1055
1035
1040
1048
1090
1022
988
991
990
976
918
965
985
980
984
962
984
974
1004
945
955
937
978
906
928
921
960
879
877
868
817
823
812
815
813
826
822
816
844
899
845
875
832
823
818
786
826
803
793
805
816
813
777
754
749
745
761
711
713
732
772
793
776
801
761
781
731
763
739
759
775
776
779
748
796
783
818
780
805
795
807
733
767
751
765
735
709
713
704
692
690
704
712
712
714
703
752
720
712
717
751
734
784
741
739
692
703
680
685
705
701
724
697
697
688
695
700
693
723
738
691
696
713
629
664
629
622
666
618
629
631
623
639
653
641
642
637
623
649
659
673
684
694
687
710
722
700
714
729
756
734
688
679
702
701
708
703
740
737
765
723
684
665
669
652
678
665
622
630
607
620
575
589
582
590
596
591
599
613
629
633
612
576
565
547
562
560
563
559
602
594
630
651
619
628
594
627
616
607
632
608
641
599
606
587
611
606
636
616
609
590
588
604
594
606
616
614
634
616
609
590
584
627
589
613
602
606
590
578
558
558
552
534
528
507
510
499
505
475
510
506
503
508
514
508
506
545
544
530
514
530
531
525
545
518
503
511
519
548
541
572
544
571
540
530
564
533
534
528
528
577
552
542
552
547
525
558
535
526
508
528
522
525
520
470
462
454
454
475
451
462
468
459
440
437
467
470
488
483
502
489
515
499
513
512
535
541
527
522
565
552
554
573
547
552
555
558
560
553
544
536
551
553
583
572
549
547
548
531
532
537
515
499
495
499
506
507
502
505
512
486
497
497
524
522
535
509
519
540
527
555
530
566
560
541
509
501
471
498
485
503
518
492
472
477
496
490
479
470
495
458
455
458
440
460
438
442
421
429
451
434
482
471
479
463
478
456
469
444
449
458
492
452
470
440
444
437
444
445
432
453
466
478
471
493
490
467
479
473
489
483
476
486
473
469
472
481
495
503
518
500
539
516
509
535
528
526
512
506
486
520
498
514
502
516
525
548
548
551
552
556
563
555
556
565
586
570
581
587
592
639
625
618
606
636
614
577
566
532
550
550
547
521
519
512
495
525
525
556
584
597
639
650
577
601
641
624
622
630
621
615
617
638
601
582
578
606
623
564
543
565
529
542
536
562
568
579
595
606
613
637
609
609
601
612
603
612
629
595
616
622
627
617
607
573
552
567
582
565
582
572
594
558
553
565
543
535
559
544
532
518
513
516
510
489
527
520
544
540
574
569
569
557
577
563
550
552
583
523
551
525
544
522
518
505
508
491
495
500
486
498
480
471
484
469
489
475
480
456
463
465
473
468
482
460
477
477
505
457
483
464
451
443
419
435
438
449
434
424
426
435
442
447
461
440
468
465
466
451
469
456
479
453
441
448
461
470
438
433
444
439
432
430
395
394
409
394
385
409
399
418
391
386
379
369
367
360
371
366
372
372
376
393
383
386
380
382
396
385
411
394
421
418
449
424
441
427
441
456
487
458
456
458
454
479
461
501
471
475
450
448
446
430
450
461
458
453
461
465
481
497
490
490
489
464
440
454
446
435
438
440
411
393
406
405
419
447
426
448
443
430
420
429
438
445
413
406
397
393
398
385
396
407
393
419
418
447
409
428
412
447
411
420
399
414
388
390
366
374
374
380
400
378
408
378
399
378
385
392
407
387
377
376
368
380
394
387
394
386
388
370
368
361
360
351
336
337
348
363
366
382
363
389
384
393
400
399
381
379
385
400
407
411
422
435
421
440
449
452
446
477
460
476
478
479
492
458
434
437
446
449
442
431
407
426
407
417
388
383
351
350
343
343
358
356
364
376
372
383
389
387
388
381
407
375
386
399
411
390
414
400
437
391
399
389
412
382
394
405
422
417
415
412
375
381
379
375
378
379
386
399
402
406
396
374
385
402
389
404
387
380
391
389
366
392
380
379
385
385
388
399
412
398
405
398
408
433
406
411
412
394
411
420
407
408
406
423
425
431
443
424
423
433
416
418
423
394
402
408
429
418
404
410
383
416
384
396
391
399
380
407
