3010
3458
2853
2865
2655
2496
2537
2411
2365
2227
2198
2101
2037
2018
1861
1777
1701
1677
1595
1614
1572
1549
1514
1430
1420
1415
1364
1371
1341
1368
1370
1406
1340
1390
1331
1338
1369
1355
1369
1354
1383
1370
1414
1338
1374
1300
1303
1313
1347
1317
1302
1247
1214
1228
1190
1186
1220
1287
1228
1257
1246
1269
1290
1288
1292
1246
1228
1209
1242
1219
1254
1220
1271
1199
1242
1205
1218
1165
1234
1157
1159
1183
1062
1100
1105
1115
1133
1068
1075
1000
978
1025
988
956
938
948
963
972
953
932
901
915
882
889
881
878
919
908
874
863
889
896
873
886
870
864
890
892
935
820
833
798
821
788
838
802
805
855
851
838
833
827
830
823
861
854
821
835
836
869
871
851
857
866
866
904
903
881
904
953
965
944
930
941
942
958
949
1015
1014
1040
1022
973
969
961
989
986
970
967
964
942
893
919
904
916
962
978
971
1005
991
1001
986
989
970
1024
1012
993
1025
1005
1020
1067
1016
1013
1004
1029
1043
1003
1085
1033
1063
1073
1055
1066
1060
1051
1036
1084
1018
1021
961
958
970
964
975
874
914
906
880
907
895
943
959
980
989
1017
1018
971
934
925
892
887
839
913
824
859
846
838
859
860
887
907
941
901
876
891
867
921
879
916
905
897
923
946
916
896
903
903
933
896
956
944
943
903
906
856
845
824
840
824
827
855
838
839
818
804
825
846
844
855
808
837
801
852
844
869
852
839
844
859
839
875
911
853
871
860
823
879
845
817
825
804
846
799
820
797
823
807
806
822
789
804
811
816
842
842
806
848
805
806
764
789
750
766
776
765
824
811
803
805
795
758
802
777
812
766
806
782
806
758
780
746
761
754
746
728
706
690
695
692
702
711
703
736
715
770
742
740
751
737
750
723
706
718
707
692
684
701
687
677
680
696
706
728
708
720
718
743
796
775
796
788
821
726
748
719
734
709
722
687
744
716
687
733
712
685
723
715
679
681
711
737
716
709
707
707
708
736
710
681
693
724
711
719
710
753
714
667
655
652
626
601
588
594
605
617
619
639
647
663
650
623
665
681
676
721
687
701
673
688
668
677
653
651
626
645
662
662
668
687
659
638
658
693
666
682
606
664
619
647
665
682
652
627
654
640
658
647
695
701
675
707
687
673
668
669
705
697
710
692
674
701
682
699
683
701
674
665
654
666
651
674
693
701
706
696
736
751
771
748
723
741
742
754
721
727
698
760
718
699
717
730
757
704
754
711
714
743
747
714
742
754
775
788
801
783
787
799
799
767
765
743
756
735
786
756
796
730
749
747
748
764
810
749
774
752
770
717
713
716
746
797
772
785
759
762
757
768
790
802
820
820
808
809
786
773
789
825
754
739
758
733
753
734
760
782
773
801
777
792
786
746
744
703
733
721
738
773
778
814
856
818
823
837
835
809
803
825
787
789
772
743
739
776
752
823
822
884
853
886
816
841
870
849
853
862
861
848
794
786
790
738
713
685
702
657
642
647
622
607
606
625
603
633
646
672
648
687
662
672
703
696
700
703
698
717
689
695
676
654
679
670
703
692
715
690
720
738
741
765
757
774
745
743
750
713
710
699
673
662
649
638
602
601
583
567
587
577
583
581
586
600
603
625
630
623
629
625
627
640
601
629
612
641
642
674
652
656
646
624
593
599
594
575
590
565
568
570
596
593
585
618
600
619
612
623
589
598
588
599
581
600
569
585
571
574
599
565
570
592
567
549
549
576
542
513
517
516
533
550
526
511
498
524
543
518
522
512
522
507
513
494
512
508
514
532
484
516
515
552
520
532
534
545
516
523
514
521
505
504
509
515
511
544
535
579
542
584
572
610
585
598
607
616
610
610
628
620
603
622
612
613
604
607
590
577
614
616
607
634
597
608
601
582
602
596
590
556
582
597
566
597
561
577
562
567
554
558
577
557
570
582
551
543
554
530
546
554
581
588
623
589
609
602
619
601
578
595
567
590
581
595
600
620
614
649
620
676
629
667
649
672
625
652
595
594
572
594
583
568
571
576
586
620
618
663
636
672
682
680
691
700
703
716
696
711
700
691
679
682
696
680
654
662
624
647
634
646
636
690
634
652
638
634
607
616
596
608
604
628
610
647
601
612
622
658
665
687
680
683
668
677
642
640
613
620
613
616
611
629
657
628
636
682
636
629
646
617
636
626
676
654
726
672
702
657
684
680
745
696
747
721
755
776
778
801
757
816
748
759
717
762
698
756
737
736
764
737
736
726
747
752
769
766
762
784
783
774
764
769
756
774
793
769
772
741
740
753
757
786
753
775
746
768
735
720
709
753
746
747
755
763
762
749
738
717
693
657
631
641
674
657
