3009
3403
2900
2910
2753
2641
2544
2416
2365
2253
2275
2201
2143
2052
2017
1995
1887
1814
1779
1741
1680
1676
1672
1646
1616
1512
1491
1466
1507
1430
1458
1437
1403
1351
1361
1336
1371
1337
1347
1342
1321
1333
1323
1376
1321
1359
1347
1363
1344
1346
1309
1383
1325
1344
1299
1270
1265
1291
1285
1223
1237
1225
1290
1282
1305
1245
1272
1252
1297
1280
1241
1243
1232
1241
1256
1221
1182
1170
1143
1111
1146
1137
1124
1082
1136
1064
1044
1013
959
968
880
892
869
873
890
897
872
927
872
866
860
818
775
778
795
771
749
742
741
737
725
771
743
772
721
742
724
725
783
749
781
779
763
767
752
775
753
760
779
806
783
762
767
745
782
738
745
796
795
809
798
777
751
780
753
755
738
753
755
748
724
765
703
717
677
693
683
669
648
678
672
691
706
731
687
702
702
656
644
646
645
648
651
642
652
651
659
637
621
646
615
584
604
621
633
670
686
679
645
715
688
745
677
708
702
704
720
672
666
670
666
659
691
692
691
668
646
654
647
668
631
645
671
652
653
620
638
660
681
662
699
685
663
653
621
594
625
600
593
600
633
630
644
630
629
635
656
630
643
619
667
673
690
677
658
691
672
672
686
667
684
665
699
662
662
688
676
685
670
679
657
649
650
644
668
650
655
640
664
654
665
672
710
711
715
684
702
707
706
704
711
672
703
696
726
710
768
739
752
705
721
735
738
718
722
778
705
723
669
678
656
661
649
626
623
630
666
630
595
613
606
587
607
605
596
623
578
645
597
582
598
579
644
622
660
645
664
659
658
649
638
640
654
665
681
672
659
648
619
633
620
589
613
617
608
614
650
638
663
658
651
644
631
656
603
650
624
641
682
669
645
619
599
615
613
655
642
643
636
658
676
688
699
688
729
695
705
692
734
712
730
731
756
747
764
759
778
739
754
770
792
753
774
762
755
744
790
784
772
749
703
720
701
678
695
684
701
703
681
667
669
712
665
670
672
677
640
665
662
659
651
649
666
641
624
591
611
580
579
604
590
616
618
628
634
642
633
627
645
657
607
652
632
635
629
634
633
621
655
640
679
649
675
651
712
682
679
708
692
734
725
746
711
703
698
687
715
655
666
646
631
627
633
627
647
654
662
689
654
673
682
693
727
778
731
729
740
702
681
634
619
603
578
599
580
587
592
604
587
579
593
589
604
620
584
591
564
566
564
576
579
555
584
551
592
562
616
570
593
585
587
610
603
623
607
627
595
577
569
544
565
585
609
589
571
567
578
546
530
526
527
544
577
562
592
574
591
598
603
583
581
581
571
588
608
608
603
598
579
587
589
583
599
600
625
608
621
617
606
623
575
586
576
604
549
573
536
538
557
552
561
561
572
584
578
605
590
604
591
634
593
616
587
561
550
561
560
543
541
536
526
511
512
516
520
532
533
543
508
519
522
507
528
517
552
551
539
565
573
542
542
531
502
490
495
498
509
482
506
498
502
507
535
516
533
535
554
533
517
523
458
467
455
457
446
463
466
486
495
486
518
491
524
503
511
506
498
473
465
459
431
429
424
431
417
433
455
438
472
478
501
495
526
488
528
506
509
506
511
512
501
514
475
490
491
506
488
504
513
545
538
513
531
541
556
497
490
500
463
474
464
504
475
455
473
449
466
464
486
465
485
441
427
435
427
442
428
456
439
443
463
467
484
479
496
477
495
488
485
493
501
498
496
491
501
506
513
514
520
522
496
497
502
481
457
458
462
459
467
469
492
495
507
473
460
466
480
494
496
482
462
496
462
428
456
459
474
479
481
501
495
473
480
482
491
477
485
431
435
428
429
433
423
432
426
446
438
432
447
417
431
399
390
412
393
389
399
397
414
395
394
398
389
387
391
369
388
370
395
385
416
407
428
422
419
446
447
407
407
405
394
401
403
378
360
364
375
359
373
357
363
367
392
390
393
382
376
363
356
362
369
388
403
381
401
383
386
388
385
371
356
356
353
353
345
355
371
391
371
384
359
364
377
392
387
402
355
343
351
343
368
358
387
353
367
362
369
383
391
421
401
403
398
393
384
402
388
379
385
396
402
391
383
385
380
374
378
363
373
372
382
401
410
404
393
395
395
411
392
410
382
368
365
356
366
360
379
378
400
384
392
388
401
394
400
390
391
377
377
347
363
356
347
349
352
366
339
351
359
336
335
349
347
359
371
381
383
396
361
389
381
408
400
420
412
435
410
412
422
420
432
432
412
409
418
425
415
411
414
410
407
398
404
377
383
360
380
379
382
373
386
374
379
387
369
381
376
370
374
382
385
375
399
376
388
371
371
353
366
341
