3013
3377
2903
2925
2595
2525
2454
2304
2311
2254
2137
2134
2082
2084
1975
1973
1873
1823
1773
1773
1756
1682
1727
1588
1582
1539
1583
1535
1500
1499
1443
1439
1436
1389
1385
1375
1340
1332
1346
1382
1404
1433
1326
1325
1287
1252
1298
1237
1285
1300
1260
1282
1286
1208
1223
1203
1198
1182
1212
1207
1284
1229
1243
1269
1272
1261
1290
1327
1333
1330
1355
1241
1268
1277
1305
1284
1289
1249
1254
1251
1203
1216
1197
1195
1230
1200
1209
1248
1245
1209
1189
1224
1227
1160
1173
1178
1165
1166
1151
1197
1158
1178
1185
1226
1140
1180
1170
1185
1163
1192
1187
1173
1117
1151
1162
1149
1135
1175
1155
1137
1154
1115
1130
1110
1123
1124
1124
1094
1089
1042
1067
1057
1060
994
1026
1021
1033
1000
1015
962
915
869
848
836
791
847
817
863
865
832
858
910
916
926
889
918
898
888
896
890
893
858
809
798
802
794
777
795
826
832
868
902
890
862
910
890
879
902
897
917
925
903
889
880
873
854
891
842
830
805
834
804
799
831
812
828
816
806
804
809
802
818
787
776
792
814
768
779
760
755
769
779
805
792
795
772
775
760
744
738
774
795
798
757
756
714
708
690
696
704
723
691
730
704
730
720
692
679
648
660
649
655
686
658
690
648
655
624
617
601
604
601
626
610
605
616
614
623
628
683
651
671
685
720
702
712
756
741
752
747
762
750
737
773
756
744
701
700
706
728
709
754
729
751
745
787
777
799
805
768
741
728
733
733
720
715
711
697
696
711
698
709
726
711
713
675
693
663
670
671
696
697
691
705
715
720
727
710
732
718
748
711
692
692
726
708
699
720
743
742
760
745
718
734
717
718
732
736
733
764
732
774
742
743
743
807
755
728
756
736
742
734
719
722
742
729
747
714
734
715
713
712
687
681
677
663
681
683
665
693
694
696
685
677
719
688
738
717
757
731
729
730
742
762
748
775
753
761
746
771
728
704
720
688
685
675
699
662
678
611
650
635
627
643
667
667
731
693
728
687
697
691
706
703
662
661
677
680
675
693
690
672
720
691
674
695
662
659
660
676
663
669
638
702
670
705
705
716
720
710
724
737
729
697
677
681
670
692
697
703
718
696
691
722
736
730
751
740
746
756
781
742
731
716
715
711
694
688
708
691
687
687
674
684
645
634
633
659
662
692
658
669
669
705
690
701
703
682
689
700
734
680
689
690
698
708
741
728
747
724
722
715
731
754
770
779
779
771
754
739
743
706
749
729
737
724
727
715
729
718
685
648
587
626
582
612
618
635
674
676
693
710
704
670
649
666
643
677
664
654
638
635
645
653
691
644
661
682
680
681
641
660
621
680
626
633
616
619
628
616
640
602
639
614
608
610
592
579
564
573
569
565
570
579
557
563
546
554
554
590
580
586
616
591
594
602
606
613
629
613
632
621
633
599
586
567
586
568
571
579
577
575
565
572
586
556
576
547
581
554
565
565
578
590
597
585
580
571
564
552
538
524
541
547
552
553
566
586
573
575
584
584
581
600
640
607
607
595
623
583
593
607
602
610
612
617
650
617
644
635
663
653
674
676
650
660
685
692
678
683
658
637
675
660
693
694
691
718
740
716
732
741
773
712
775
715
747
672
643
644
652
634
631
655
644
633
617
605
606
622
606
575
614
577
556
575
536
577
540
553
541
502
514
499
493
506
495
505
515
518
511
524
514
536
537
560
564
590
599
613
636
641
688
682
648
695
639
627
605
588
597
586
543
556
549
537
519
502
505
501
497
506
542
510
522
504
480
481
505
519
514
514
521
530
544
543
558
540
527
515
523
519
505
530
502
501
485
496
470
478
441
487
448
475
450
455
432
441
445
461
469
471
453
448
413
420
409
414
399
399
399
396
388
374
399
385
394
379
388
371
363
368
375
367
386
376
376
379
373
362
365
371
374
367
360
354
351
357
339
331
326
325
328
328
330
340
334
323
325
340
326
331
335
346
346
320
330
323
327
330
323
331
336
341
344
350
363
352
343
334
328
341
326
336
332
319
322
322
323
324
327
333
332
343
334
339
342
346
342
345
337
340
329
326
324
320
325
331
330
323
314
319
316
319
321
318
316
314
319
316
327
322
321
330
333
349
330
345
335
355
340
343
345
343
337
347
347
350
333
328
327
338
339
340
356
355
372
365
353
364
366
364
351
352
358
370
369
367
385
361
337
318
322
306
299
299
298
303
295
307
302
308
301
308
299
295
295
298
302
308
312
328
316
327
324
326
329
341
338
348
345
340
352
328
325
327
346
339
346
349
344
365
351
346
346
342
349
354
361
370
365
378
383
417
373
396
377
400
369
382
385
374
376
371
354
360
352
334
340
340
