2916
3377
2827
2737
2576
2496
2419
2356
2264
2243
2199
2082
2100
2062
1999
1948
1896
1831
1864
1756
1791
1751
1724
1687
1601
1616
1637
1632
1627
1647
1612
1568
1510
1461
1435
1435
1375
1367
1414
1312
1353
1310
1311
1289
1314
1293
1297
1302
1295
1299
1352
1333
1330
1286
1301
1253
1263
1240
1202
1214
1138
1150
1154
1176
1168
1208
1245
1192
1147
1181
1175
1156
1110
1150
1090
1148
1111
1125
1117
1142
1154
1110
1167
1075
1102
1045
1073
1086
1114
1096
1082
1032
1029
1042
1036
1057
1005
1001
1016
937
975
953
968
912
880
882
867
845
845
870
880
854
849
816
829
800
829
842
845
860
852
849
822
822
812
805
824
786
804
803
823
782
808
826
835
817
825
813
806
838
860
809
860
850
842
842
870
867
895
907
876
904
894
914
909
932
906
956
904
892
919
873
819
856
807
754
743
734
701
685
682
666
668
688
655
644
659
686
688
717
698
679
692
673
689
672
658
695
636
654
628
674
654
673
650
663
659
707
640
649
626
653
653
660
667
672
628
659
661
679
675
699
678
699
670
693
683
695
696
705
706
704
715
692
699
703
676
706
711
733
685
732
698
692
708
670
689
673
704
652
682
711
740
705
708
739
752
782
761
814
770
729
735
701
680
676
717
694
684
703
668
685
652
666
680
645
666
634
663
656
652
648
634
628
647
618
628
654
628
626
630
625
626
642
649
643
673
655
694
671
654
643
649
636
631
607
622
626
626
605
609
618
599
612
622
642
647
633
685
644
655
673
664
636
637
633
640
658
649
651
635
663
634
651
613
612
606
647
642
667
656
674
671
680
666
687
687
693
693
679
703
673
700
678
701
690
686
656
641
646
615
622
591
587
585
595
615
619
619
629
613
614
627
592
605
595
598
588
591
593
623
634
671
701
689
675
658
661
650
642
640
613
619
633
605
612
604
632
607
624
636
646
612
639
618
617
613
614
589
621
576
582
555
547
520
508
532
523
507
525
492
514
504
536
521
505
509
521
503
488
503
474
485
472
478
474
464
454
458
458
487
478
499
489
506
488
525
498
499
490
516
472
491
478
510
488
511
487
477
458
477
457
452
435
429
409
394
396
385
396
392
406
407
406
410
389
397
400
411
398
409
400
408
403
406
400
407
422
422
450
427
446
455
446
455
439
446
454
450
435
458
445
463
473
487
460
483
474
473
486
484
508
492
530
512
541
569
547
566
578
557
569
576
576
610
610
612
591
586
571
562
549
544
553
532
556
565
542
543
526
526
561
546
567
563
561
570
559
539
529
522
546
551
571
582
620
614
637
601
631
627
625
656
645
676
657
673
635
663
636
664
620
645
609
651
609
569
574
559
570
588
572
587
574
558
575
555
537
550
551
550
551
540
564
538
571
549
579
571
556
549
561
560
566
573
586
602
591
588
612
585
587
563
549
533
545
554
547
566
574
580
559
577
557
566
561
559
578
582
591
545
559
537
537
550
565
556
572
577
578
616
606
580
569
565
588
587
558
577
580
584
530
528
543
539
546
543
549
536
556
559
575
547
567
567
580
562
616
591
565
572
559
571
563
580
584
599
631
632
604
631
587
576
590
585
569
588
583
562
562
542
557
551
565
556
576
566
566
583
590
603
596
581
605
583
616
634
579
621
617
636
629
614
670
616
633
623
629
622
641
635
607
588
594
577
599
602
603
600
602
630
616
595
574
617
590
614
587
605
537
566
566
552
545
586
573
603
601
607
604
597
612
599
628
591
617
576
595
567
577
557
590
531
552
512
509
497
504
510
497
511
502
488
480
455
470
448
451
458
453
481
474
508
492
500
511
515
541
555
505
534
532
549
530
537
552
572
594
573
603
558
600
585
615
574
590
579
592
557
577
547
579
549
588
563
547
579
548
535
532
553
541
534
534
537
533
544
516
544
517
549
536
548
534
550
568
517
569
542
567
529
518
525
550
541
503
514
489
525
501
512
510
519
510
516
510
512
525
535
559
562
535
540
539
544
549
538
525
527
525
544
495
469
478
480
459
453
451
440
440
455
443
458
469
461
470
475
498
485
507
508
518
506
498
515
489
516
504
525
493
480
519
477
492
497
468
495
492
532
527
545
550
546
560
548
563
566
588
603
586
615
574
618
595
593
569
573
587
611
635
623
591
620
604
634
629
614
603
618
619
607
602
618
607
581
609
570
598
574
614
573
576
573
592
587
602
590
623
608
583
577
593
586
632
601
612
581
594
591
606
630
636
584
584
615
596
596
595
574
588
593
572
580
565
579
597
593
629
633
649
629
649
644
666
614
628
615
577
569
574
555
551
582
573
592
593
601
603
597
604
