2974
3451
2807
2720
2516
2398
2304
2283
2273
2174
2071
1985
1943
1861
1860
1808
1842
1674
1667
1604
1666
1578
1579
1526
1455
1449
1431
1354
1412
1373
1321
1291
1235
1204
1197
1142
1078
1078
1115
1083
1076
1080
1085
1057
1051
1085
1038
1025
1006
1072
978
999
1034
1044
1063
1075
1059
1090
1057
1022
1037
1047
1090
1100
1142
1122
1127
1064
1043
991
975
1037
1013
1083
1069
1086
1018
1067
1046
1030
1036
977
956
977
987
1005
1036
973
985
1000
974
916
906
917
926
894
919
896
897
890
888
878
922
900
914
958
927
994
940
938
889
920
912
923
910
869
881
848
900
846
897
854
892
832
874
837
908
852
874
851
851
788
775
724
718
733
756
741
794
752
778
771
813
769
765
796
758
720
714
749
730
726
747
758
766
805
796
784
810
844
825
852
874
937
929
962
921
913
885
933
937
918
908
876
861
852
876
850
838
861
854
879
879
847
878
864
889
886
928
938
947
950
879
925
886
936
900
958
866
848
843
815
786
771
793
796
808
838
868
861
834
849
867
915
874
909
923
888
897
881
890
919
922
901
895
937
887
920
927
979
916
929
906
925
914
904
848
850
817
784
789
769
793
753
768
747
767
770
778
837
832
824
800
735
732
745
734
699
741
705
723
727
737
730
734
722
708
720
720
739
719
717
733
754
721
731
746
730
741
732
791
751
755
749
774
735
757
756
765
744
750
720
724
693
710
732
681
675
676
676
684
651
675
699
711
758
744
739
793
771
771
725
773
757
767
759
777
783
776
772
802
827
807
807
801
775
807
813
831
785
734
767
757
770
727
718
708
708
737
751
736
747
737
721
671
694
630
635
616
645
598
658
628
662
654
691
704
716
706
694
703
702
703
683
694
714
723
774
688
738
723
726
736
674
727
680
708
687
708
639
674
607
663
631
617
628
616
625
611
638
618
609
623
640
652
665
696
682
687
713
671
669
640
662
660
696
673
695
683
686
683
643
598
644
614
631
636
666
688
664
672
639
648
646
648
656
640
667
645
632
626
609
618
599
607
611
591
583
608
579
602
579
608
611
632
605
610
610
602
621
610
629
621
615
647
590
565
587
556
584
600
618
635
623
639
628
653
639
631
658
629
644
607
649
623
622
635
624
624
613
626
655
640
661
650
685
663
646
635
672
628
626
660
620
665
659
673
652
627
600
584
603
604
608
610
609
588
576
604
599
618
627
615
626
633
590
582
594
588
601
571
589
549
581
557
585
571
594
536
523
525
525
525
543
543
547
566
548
506
527
504
523
470
482
482
448
483
480
491
495
501
516
521
533
490
489
493
485
487
511
533
520
553
517
520
540
525
508
519
556
558
561
596
564
579
585
599
609
637
603
652
635
645
621
619
611
658
622
639
644
656
660
661
646
635
631
622
605
589
600
583
574
544
570
554
552
555
541
550
559
555
567
580
609
646
585
596
584
583
573
574
588
618
573
598
568
546
529
554
548
551
550
551
546
553
545
565
553
573
570
573
589
554
578
582
607
574
534
546
557
603
573
576
571
575
552
562
539
567
540
528
528
506
491
491
484
492
488
487
479
471
468
483
445
460
446
445
449
450
450
464
457
457
474
453
492
470
475
474
497
507
493
488
504
489
498
481
471
486
482
495
517
517
527
528
526
536
573
527
552
536
511
510
520
517
490
501
493
509
517
528
538
520
544
552
566
515
531
504
473
457
434
454
451
441
442
437
439
437
454
433
451
452
469
452
466
467
485
472
484
494
511
503
508
519
505
530
498
507
492
492
502
484
496
477
477
448
465
434
425
428
417
415
425
414
425
421
425
429
431
419
428
426
422
413
413
405
412
402
404
417
417
424
420
423
422
430
437
435
449
465
464
460
464
446
453
461
457
445
452
439
434
448
444
439
433
418
411
411
407
409
407
403
398
401
402
401
402
413
413
423
420
415
417
420
402
399
416
403
409
405
400
412
394
394
405
402
407
409
397
394
394
392
394
396
395
404
408
412
412
417
420
409
408
410
407
404
397
396
392
399
399
405
404
399
401
408
391
407
397
404
412
407
422
415
418
402
410
407
418
419
431
432
445
422
423
430
407
409
409
413
408
404
411
419
414
417
415
419
406
420
408
415
418
415
423
415
428
420
412
424
422
423
444
433
442
434
444
449
446
443
450
448
452
453
462
452
449
454
462
437
448
441
438
442
448
451
444
451
445
456
452
459
445
458
443
440
455
455
449
458
440
444
438
431
439
426
414
415
410
421
433
460
452
454
456
440
446
465
466
445
461
425
436
424
433
437
421
416
413
429
420
421
437
429
448
446
448
450
443
