3065
3370
2882
2875
2626
2661
2447
2257
2301
2129
2096
2032
1951
1974
1911
1874
1817
1778
1640
1609
1558
1568
1513
1471
1445
1409
1418
1383
1394
1327
1350
1340
1312
1285
1344
1317
1246
1255
1167
1269
1185
1247
1164
1157
1105
1135
1128
1117
1024
1065
1057
1033
1037
1058
1034
1069
1051
1079
1074
1068
1123
1065
1094
1043
1060
1064
1051
1098
1128
1103
1097
1086
1083
1059
1053
1028
1016
1074
1050
1042
1070
1070
1073
1068
1053
1057
1119
1107
1112
1096
1151
1068
1008
979
1016
1001
1062
1043
1099
1072
1084
1110
1133
1149
1060
1057
1002
985
1047
1051
1072
1043
1097
1038
1022
1008
1027
1024
1062
1039
1044
1052
1040
1024
985
1013
967
995
995
1027
984
1002
1018
1019
966
978
983
991
1009
949
927
947
889
897
912
950
949
945
943
922
855
910
852
862
846
864
829
833
838
842
801
798
793
803
813
808
817
816
854
842
817
826
819
822
843
881
882
887
847
841
812
804
776
782
773
802
801
774
751
795
806
849
850
838
823
863
859
865
875
835
824
822
810
877
813
846
785
766
765
802
779
813
764
796
807
804
784
773
807
814
822
846
835
825
807
868
791
866
868
859
853
829
833
847
827
827
800
812
800
794
751
771
749
740
744
717
729
708
738
766
733
742
730
737
749
751
751
718
743
748
756
784
786
812
765
770
790
770
778
772
788
812
839
855
897
837
815
776
835
763
808
782
770
769
792
769
815
770
794
773
786
794
787
749
755
771
781
775
761
766
761
769
780
754
813
772
779
797
813
751
818
785
782
749
755
749
794
749
760
747
762
758
779
727
740
751
804
748
772
795
777
803
760
778
764
772
794
767
767
771
777
758
751
746
759
747
760
753
756
749
750
746
727
778
750
784
805
831
845
843
858
865
886
826
866
832
854
831
820
868
861
915
899
959
899
923
914
892
885
878
852
842
833
819
812
810
831
797
834
844
801
795
832
833
914
852
845
847
872
880
861
853
853
870
871
878
942
873
928
880
895
915
913
890
883
901
868
805
803
810
799
820
817
847
803
839
816
784
816
809
819
821
852
860
855
825
889
866
852
834
829
850
839
876
829
796
785
811
819
827
851
886
873
913
869
904
834
839
874
847
895
866
860
847
854
844
863
873
862
903
910
869
906
890
897
861
851
846
794
803
790
810
775
802
755
764
750
791
784
747
775
755
737
757
759
739
739
736
713
698
698
682
634
654
633
646
658
674
652
713
684
731
702
673
700
696
710
656
687
654
713
673
696
675
685
713
694
696
720
736
727
704
719
725
732
697
707
738
712
741
722
696
701
684
735
672
691
653
720
661
682
704
675
651
669
645
647
640
638
656
663
687
676
681
660
652
648
655
666
676
652
676
668
669
686
686
680
702
680
704
655
642
643
617
614
595
613
620
616
618
612
623
662
661
735
708
734
726
767
743
752
772
791
743
775
741
717
745
733
743
718
724
716
716
724
665
651
658
682
651
654
620
624
601
599
604
581
603
614
618
624
612
626
614
562
578
531
517
534
513
522
536
532
520
549
544
535
522
524
541
534
525
500
492
487
488
492
497
493
487
477
492
507
516
504
507
525
519
540
551
522
541
518
504
511
513
533
534
559
538
542
535
524
542
534
537
510
500
518
483
499
473
478
476
486
487
490
514
479
501
479
484
486
502
484
480
466
473
464
469
456
440
436
433
445
435
435
445
427
426
429
440
456
427
443
442
429
434
405
407
412
399
410
402
405
400
410
385
384
372
361
370
374
373
377
368
367
362
369
376
379
381
378
375
386
379
382
378
390
400
406
406
414
411
410
421
422
410
429
419
409
416
401
401
403
411
406
415
401
412
402
424
417
410
403
396
408
394
402
410
423
406
426
412
391
400
375
379
367
364
351
346
354
338
339
347
343
361
353
362
355
364
368
388
385
383
375
380
370
383
387
410
390
411
375
361
373
384
380
389
405
393
400
414
407
392
396
408
411
400
392
373
389
381
384
390
383
390
380
417
391
403
412
399
415
411
410
395
405
376
372
371
359
360
351
364
371
385
381
378
375
368
370
369
377
380
372
386
368
362
357
362
364
361
367
369
360
364
376
368
387
372
396
376
388
378
406
387
391
379
395
401
419
399
415
415
423
403
399
374
394
383
421
377
391
371
369
383
360
346
356
347
340
350
343
347
342
325
317
318
322
328
331
341
329
342
340
348
354
360
359
361
362
371
365
372
352
348
360
353
360
371
361
376
362
375
376
385
392
386
391
398
393
402
398
377
385
378
394
390
390
390
398
393
399
394
413
396
406
417
424
449
439
464
435
432
437
435
460
458
454
470
461
450
452
438
427
438
433
455
