2927
3401
2907
2819
2612
2556
2425
2386
2312
2285
2109
2090
2013
1985
1958
1927
1842
1772
1815
1776
1806
1727
1681
1640
1625
1603
1650
1637
1607
1571
1570
1566
1522
1499
1438
1438
1488
1460
1496
1447
1466
1439
1469
1435
1428
1432
1407
1440
1437
1394
1418
1373
1359
1314
1310
1258
1231
1200
1255
1249
1267
1267
1276
1290
1247
1272
1231
1177
1145
1158
1123
1153
1131
1141
1090
1126
1110
1151
1143
1133
1072
1084
1051
1020
1052
1045
1021
1000
1035
975
977
944
962
936
982
990
1011
955
996
973
996
943
986
970
968
942
917
886
883
847
828
833
806
797
785
758
767
750
787
766
795
760
786
750
736
708
680
705
724
720
759
725
775
728
719
741
721
723
760
730
753
761
783
752
787
799
769
783
707
719
691
681
698
653
681
671
655
655
645
603
645
632
660
671
685
666
719
719
724
697
734
712
716
661
676
680
710
672
684
663
672
669
648
661
655
614
621
604
639
584
574
562
599
610
603
648
649
627
642
639
629
623
647
663
664
670
697
683
714
687
710
662
673
666
716
734
736
751
770
722
750
727
751
750
733
710
701
685
694
676
681
648
687
665
713
691
703
676
698
698
687
687
716
703
699
703
695
693
678
675
661
694
635
689
664
715
719
717
670
679
652
663
643
634
605
606
605
615
653
635
640
638
644
625
643
609
620
607
608
600
581
549
574
552
545
537
537
531
515
500
510
485
479
489
482
496
479
480
477
468
470
497
471
469
466
461
477
495
499
507
490
519
502
517
520
531
558
501
519
527
553
521
503
503
501
492
498
481
508
518
489
496
518
536
528
533
509
509
490
501
497
481
505
489
464
475
449
451
432
444
424
420
433
428
466
469
485
478
498
518
522
504
519
513
502
507
478
494
461
461
441
437
434
439
444
437
442
431
456
425
436
416
410
409
419
411
422
404
408
401
426
423
459
471
475
463
462
472
479
465
479
467
471
445
456
454
439
468
477
484
485
476
470
470
472
499
504
483
472
500
485
505
484
478
464
469
465
449
446
435
462
457
476
455
479
469
479
494
464
452
462
451
452
457
465
480
465
463
466
451
459
452
455
438
424
443
441
449
431
440
437
425
424
420
432
439
415
445
409
416
406
399
408
406
399
395
399
394
394
391
372
370
375
370
370
354
325
316
316
317
324
324
335
342
345
359
350
348
353
350
357
350
348
348
355
345
347
343
357
345
346
347
338
339
332
335
348
342
342
354
336
340
340
346
349
357
350
361
362
377
381
390
405
398
386
390
394
397
411
399
401
391
389
399
394
393
410
397
387
386
371
375
388
403
400
399
406
388
392
399
401
392
394
394
408
402
397
405
413
390
396
393
411
387
381
381
380
377
373
385
368
363
373
370
360
357
372
362
371
364
382
362
362
349
343
341
339
339
339
339
339
339
339
339
339
339
339
339
339
339
339
339
339
339
339
339
339
339
339
339
339
339
339
339
339
339
339
339
339
339
339
339
339
339
339
339
339
339
339
339
339
339
339
339
339
339
339
339
339
339
339
339
339
339
339
339
339
339
339
339
339
339
339
339
339
339
339
339
339
339
339
339
339
339
339
339
339
339
339
339
339
339
339
339
339
339
339
339
339
339
339
339
339
339
339
339
339
339
339
339
339
339
339
339
339
339
339
339
339
339
339
339
339
339
339
339
339
339
339
339
339
339
339
339
339
339
339
339
339
339
339
339
339
339
339
339
339
339
339
339
339
339
339
339
339
339
339
339
339
339
339
339
339
339
339
339
339
339
339
339
339
339
339
339
339
339
339
339
339
339
339
339
339
339
339
339
339
339
339
339
339
339
339
339
339
339
339
339
339
339
339
339
339
339
339
339
339
339
339
339
339
339
339
339
339
339
339
339
339
339
339
339
339
339
339
339
339
339
339
339
339
339
339
339
339
339
339
339
339
339
339
339
339
339
339
339
339
339
339
339
339
339
339
339
339
339
339
339
339
339
339
339
339
339
339
339
339
339
339
339
339
339
339
339
339
339
339
339
339
339
339
339
339
339
339
339
339
339
339
339
339
339
339
339
339
339
339
339
339
339
339
339
339
339
339
339
339
339
339
339
339
339
339
339
339
339
339
339
339
339
339
339
339
339
339
339
339
339
339
339
339
339
339
339
339
339
339
339
339
339
339
339
339
339
339
339
339
339
339
339
339
339
339
339
339
339
339
339
339
339
339
339
339
339
339
339
339
339
339
339
339
339
339
339
339
339
339
339
339
339
339
339
339
339
339
339
339
339
339
339
339
339
339
339
339
339
339
339
339
339
339
339
339
339
339
339
339
339
339
339
