2981
3449
2819
2855
2637
2592
2541
2369
2272
2199
2178
2100
2035
1971
1919
1880
1849
1807
1767
1750
1771
1786
1646
1648
1608
1626
1559
1588
1543
1555
1519
1402
1387
1354
1371
1426
1422
1468
1424
1447
1418
1438
1437
1412
1381
1327
1340
1303
1259
1178
1207
1175
1123
1096
1029
976
1018
984
957
963
961
938
912
938
920
926
919
939
913
910
919
959
946
962
945
964
938
936
910
878
883
864
862
803
826
788
838
788
813
708
734
714
729
744
732
698
715
743
755
755
786
778
776
743
829
810
814
811
823
797
863
804
848
813
824
846
824
842
832
839
790
798
779
815
844
812
795
811
766
796
795
792
815
803
817
826
827
843
845
822
839
828
862
850
886
876
892
867
912
864
896
871
878
871
884
882
880
893
877
904
895
884
892
860
846
826
805
735
740
739
768
778
728
711
720
731
746
761
722
727
741
796
772
754
751
732
704
740
737
779
758
797
771
796
810
773
822
735
786
738
777
757
785
782
838
799
783
754
750
736
707
682
687
679
669
653
668
661
654
608
597
578
600
631
566
600
588
585
590
577
582
594
575
589
612
591
609
590
596
590
605
586
577
585
576
564
563
597
592
615
613
628
605
643
624
649
617
622
589
620
581
580
582
601
570
587
575
595
584
566
609
580
596
588
610
601
586
560
576
532
534
545
530
573
564
583
541
563
552
556
589
575
577
577
585
552
584
563
578
578
574
576
562
586
588
592
615
616
603
617
608
619
612
600
635
627
617
563
556
559
550
555
529
516
527
544
550
542
550
538
566
547
574
549
567
553
566
560
571
556
548
531
531
525
507
537
515
525
548
535
535
514
540
506
533
500
529
528
540
514
552
507
516
516
499
501
489
508
486
491
481
487
484
469
493
476
490
482
491
499
511
531
523
522
549
510
507
524
515
563
561
551
530
528
521
507
520
510
527
529
549
524
502
505
491
490
510
493
495
492
492
461
484
491
516
520
509
514
501
499
494
512
508
561
508
534
544
539
544
544
516
523
489
497
484
479
477
460
462
438
431
426
421
408
425
406
424
403
410
417
423
424
432
438
425
427
423
435
436
424
428
442
424
431
439
451
464
455
475
474
486
455
466
437
461
447
473
481
474
473
475
473
476
481
511
472
480
460
465
472
472
503
510
520
521
522
535
505
490
508
502
510
511
501
512
509
552
539
575
565
533
533
502
527
516
530
511
521
503
501
490
500
481
462
462
480
489
508
511
496
496
474
465
454
455
463
477
469
470
472
464
461
468
465
473
494
478
467
475
484
492
490
481
506
475
516
498
502
513
551
528
524
520
513
507
522
497
543
514
512
524
543
504
507
505
514
488
504
479
495
499
484
494
481
483
492
484
479
482
484
483
467
477
489
487
484
478
472
450
457
455
473
470
466
478
472
500
484
504
486
511
496
514
506
473
490
474
488
499
494
501
494
485
505
506
535
522
544
580
574
623
627
615
621
616
607
607
595
583
564
548
586
572
571
558
573
565
621
592
573
571
570
575
587
555
590
567
591
582
595
581
608
589
570
564
554
549
559
533
554
562
568
576
550
592
564
632
573
626
571
614
598
627
592
598
592
601
604
629
627
616
621
639
644
628
635
626
646
610
596
601
611
626
644
671
619
646
616
633
633
663
623
615
610
628
609
623
600
618
611
596
611
588
601
579
593
571
587
585
581
555
566
554
549
532
534
527
544
523
563
524
564
567
549
550
580
574
592
601
631
601
645
616
644
624
608
592
570
568
548
542
516
542
512
516
518
536
532
538
531
565
557
594
588
565
582
554
579
532
550
516
513
515
509
532
533
537
546
569
603
585
573
571
562
580
591
593
621
595
617
596
621
600
629
594
605
586
577
553
558
533
539
514
515
495
496
477
486
500
516
518
506
512
517
506
516
524
543
534
570
523
585
542
540
544
570
533
563
515
513
492
497
494
506
505
526
536
533
524
520
522
527
508
525
532
531
530
507
503
511
503
527
510
535
531
552
566
567
579
537
579
531
562
535
561
573
577
555
555
540
543
573
570
585
587
613
586
621
621
652
673
663
646
644
648
661
677
626
639
631
622
665
652
673
642
653
671
636
673
631
628
617
614
627
630
633
592
592
586
579
596
590
605
575
599
600
615
639
665
683
674
684
696
713
645
624
629
632
654
679
675
675
644
663
645
644
639
649
669
660
729
690
723
693
661
683
698
703
697
694
710
676
693
701
741
701
697
678
659
684
663
699
658
695
709
718
690
677
703
660
690
676
651
654
655
637
637
664
631
629
611
585
584
577
564
549
561
584
587
557
