3072
3546
2834
2823
2608
2500
2404
2309
2359
2269
2189
2224
2132
2114
2091
2051
2004
1960
1914
1848
1918
1810
1771
1766
1758
1784
1849
1700
1725
1609
1598
1500
1585
1424
1415
1416
1374
1330
1355
1331
1279
1270
1171
1201
1141
1228
1182
1152
1171
1154
1169
1186
1208
1125
1121
1054
1090
1084
1115
1158
1160
1190
1132
1123
1112
1126
1117
1116
1158
1128
1148
1148
1181
1102
1147
1153
1185
1205
1256
1266
1275
1230
1310
1170
1191
1193
1203
1191
1167
1154
1182
1142
1192
1152
1095
1080
1122
1091
1083
1048
1033
1009
1031
984
995
1005
1009
1013
1028
1004
1020
1066
1108
1048
1078
1026
1059
1020
975
971
933
908
963
899
876
844
839
814
864
821
874
850
893
871
908
920
915
941
908
922
929
932
918
922
883
861
855
907
856
891
826
824
816
801
841
782
750
761
727
756
730
748
736
702
699
709
719
741
753
761
766
745
732
747
745
741
757
734
753
760
760
801
767
796
799
798
808
780
802
825
832
836
846
864
870
896
882
883
840
860
879
878
869
879
858
873
839
874
854
908
893
864
840
834
795
810
789
794
746
754
742
749
779
769
797
759
806
702
725
705
739
722
749
733
738
738
754
763
773
760
748
724
718
702
693
708
719
703
731
747
732
756
735
726
742
768
773
760
777
729
728
753
733
764
747
792
783
812
768
765
737
779
733
735
720
735
718
739
654
642
626
649
617
613
598
608
610
608
612
603
604
570
579
568
582
585
567
571
546
571
596
599
604
639
597
610
573
590
596
550
578
572
577
580
564
571
567
555
535
529
551
517
514
529
523
547
535
574
537
535
547
549
560
559
579
583
604
589
593
593
609
592
590
596
591
626
614
646
608
641
610
619
617
609
625
646
632
622
650
641
623
626
621
638
589
590
588
576
577
569
597
568
570
555
572
555
561
572
552
592
550
549
547
532
514
523
505
494
487
465
486
458
460
442
463
445
428
423
412
439
410
401
388
405
408
429
421
441
421
420
428
415
426
419
429
417
414
441
413
431
406
397
422
423
431
438
458
448
470
459
453
441
432
442
447
448
444
427
449
429
433
427
431
425
412
419
412
427
431
431
429
428
432
425
435
454
446
459
452
450
443
457
454
458
448
447
424
439
422
409
398
394
398
403
426
425
426
423
425
426
410
399
398
405
412
426
420
450
442
452
462
454
433
437
438
452
446
475
453
458
473
458
478
455
491
467
486
464
470
450
452
460
461
476
460
442
449
462
466
477
497
517
500
491
483
486
484
480
495
513
518
518
519
557
530
526
523
519
501
527
531
539
507
521
514
504
509
504
509
485
482
489
488
476
456
451
459
449
458
461
448
438
447
449
456
447
455
433
441
410
437
415
411
393
408
419
436
445
459
475
484
468
476
459
453
461
460
449
448
431
446
439
437
446
440
447
449
453
462
467
462
453
426
417
438
427
438
447
461
472
452
474
481
461
470
470
478
478
479
469
481
483
505
522
508
494
517
552
512
527
521
512
530
513
534
533
539
554
583
547
545
523
563
531
564
527
526
515
519
490
508
491
485
507
546
489
535
523
568
527
542
529
550
522
546
532
533
525
531
540
567
576
568
549
537
539
560
558
582
556
557
576
602
556
579
535
598
567
567
538
544
522
528
522
564
557
601
607
625
628
640
628
677
634
655
661
652
649
604
590
613
605
597
573
601
566
603
569
585
604
587
613
557
612
557
579
598
585
565
579
545
564
559
561
558
559
570
543
550
531
555
516
504
499
493
502
494
489
522
516
562
534
562
527
549
545
557
535
521
547
515
502
484
512
492
492
493
448
470
471
472
488
485
481
489
480
493
489
500
519
507
516
491
522
522
523
517
528
531
518
545
533
551
559
573
536
545
546
568
555
569
556
563
542
560
520
542
515
515
539
488
515
505
544
530
536
529
513
535
504
524
520
528
523
530
517
512
539
507
514
526
530
539
528
521
536
535
546
536
530
572
575
563
557
545
547
510
493
501
493
500
508
498
524
531
551
569
564
575
554
571
550
573
575
565
586
586
604
595
625
613
610
645
609
619
589
628
625
635
637
624
654
652
603
601
609
592
587
623
595
630
607
633
595
585
603
589
619
626
617
652
642
659
664
699
649
681
659
654
658
650
666
679
673
666
671
664
620
628
632
630
641
629
649
672
707
709
716
735
756
795
755
770
796
763
759
750
765
760
775
780
747
701
695
719
682
686
702
684
670
662
669
644
660
650
695
672
711
718
728
792
755
763
760
773
718
736
711
740
741
735
768
721
747
706
754
709
710
679
679
655
639
621
609
626
615
660
657
650
701
698
726
715
744
730
769
743
759
752
775
