2944
3384
2894
2807
2693
2645
2477
2459
2393
2218
2182
2117
2080
2016
2017
1972
1899
1816
1807
1705
1748
1672
1800
1666
1733
1681
1680
1716
1636
1498
1514
1397
1472
1376
1400
1356
1358
1326
1287
1337
1316
1324
1279
1327
1283
1348
1349
1363
1320
1272
1273
1264
1251
1243
1261
1300
1269
1241
1213
1172
1183
1209
1213
1198
1208
1217
1197
1236
1190
1204
1242
1223
1235
1201
1248
1198
1166
1161
1143
1170
1139
1169
1175
1139
1202
1207
1202
1203
1200
1249
1270
1294
1253
1246
1311
1245
1284
1240
1251
1216
1230
1214
1151
1193
1151
1127
1119
1135
1176
1189
1176
1156
1146
1123
1119
1117
1109
1124
1091
1085
1046
1038
1028
1074
1042
1066
1044
1043
1067
1051
1020
1004
1006
968
986
991
996
948
944
904
932
937
1001
939
904
917
899
916
962
910
926
927
959
963
959
1032
945
996
983
1009
1007
998
982
958
961
955
961
989
960
939
934
964
972
936
973
978
1002
973
985
933
965
932
959
946
966
971
979
1021
1044
1022
1033
973
1047
992
997
937
946
896
943
935
980
907
965
938
962
951
927
901
867
840
857
844
820
802
816
778
843
768
769
824
852
850
871
840
861
866
901
888
908
897
912
885
880
891
890
916
912
887
878
847
786
808
789
819
825
838
830
799
856
838
879
889
901
932
980
959
982
971
982
930
952
949
907
965
926
934
935
932
916
921
899
879
921
881
906
867
836
869
831
810
782
754
782
720
751
752
717
753
714
753
716
728
723
678
684
645
628
637
630
619
598
604
610
599
625
597
591
610
621
617
657
672
641
628
626
588
617
592
592
642
615
648
633
631
630
660
636
655
593
609
605
609
587
616
614
630
635
651
609
585
569
566
575
544
512
542
528
538
538
535
522
543
495
479
492
491
493
500
491
489
511
521
539
511
534
525
532
522
504
525
482
512
491
486
477
494
460
459
424
415
423
431
411
431
425
404
400
395
409
405
405
383
405
386
406
400
418
415
415
427
440
425
434
403
399
409
414
399
393
419
426
406
426
422
411
426
383
369
367
365
388
364
390
370
380
354
377
377
388
400
389
408
413
415
418
444
456
435
449
443
444
431
423
439
418
438
434
450
455
448
440
448
462
437
417
410
429
413
407
407
396
431
392
412
411
432
465
455
443
463
469
471
462
462
470
459
461
477
486
473
471
488
479
487
468
489
498
494
527
516
539
478
482
472
484
442
475
476
470
493
465
509
512
522
541
534
533
530
515
550
539
529
525
485
492
515
508
487
464
478
476
479
503
494
499
500
476
477
475
505
466
495
469
480
474
503
500
513
504
527
514
551
530
561
560
565
548
533
516
530
562
567
615
578
581
572
574
593
543
551
533
554
545
559
570
592
600
639
609
616
588
584
573
580
561
550
549
521
530
511
539
511
551
530
561
555
566
551
554
561
550
535
529
537
538
553
562
549
565
521
529
498
485
446
471
443
450
447
437
457
457
445
433
448
450
454
485
478
508
482
499
522
516
505
517
511
546
536
520
547
529
536
528
542
536
536
535
546
565
560
547
545
544
566
544
520
494
504
481
509
499
524
491
517
508
521
517
504
497
510
509
514
500
534
496
522
491
517
508
509
451
479
468
487
464
453
453
467
453
424
445
450
447
460
449
437
465
470
474
463
451
430
453
451
463
458
476
467
479
467
498
486
502
498
530
487
483
472
463
430
416
437
425
432
445
467
471
512
503
502
503
525
511
541
504
528
511
506
519
528
522
523
514
486
468
472
474
494
478
476
484
463
472
465
473
449
517
469
525
516
535
532
541
552
550
565
544
511
553
512
565
525
514
536
507
521
527
527
549
537
564
527
569
536
561
548
546
532
577
522
543
481
515
505
502
544
512
500
496
523
515
507
499
511
513
508
493
491
491
484
490
507
518
518
540
518
535
501
494
511
482
482
504
511
514
522
532
521
538
510
521
494
521
503
503
488
488
467
480
474
499
485
508
485
498
466
496
486
494
484
476
510
473
512
505
520
520
518
512
469
505
474
516
484
465
477
479
461
468
469
471
445
431
455
448
441
433
448
434
428
443
473
453
459
455
477
476
450
445
426
422
437
430
434
425
427
444
474
440
441
463
429
435
420
425
431
405
414
409
410
414
418
429
406
428
412
397
400
378
397
382
380
385
363
345
332
323
309
300
305
290
289
286
291
298
285
297
292
290
297
302
314
317
322
331
331
323
328
319
322
317
340
317
326
328
337
341
358
356
409
347
348
342
347
347
349
357
339
364
361
360
347
373
330
325
322
332
349
339
338
327
335
337
346
360
360
356
385
389
389
389
400
404
393
391
398
392
401
409
410
402
422
390
373
366
368
371
357
357
372
