3033
3480
2936
2880
2586
2530
2386
2172
2197
2123
2072
2040
1968
1978
1970
1923
1913
1914
1820
1791
1812
1834
1766
1747
1757
1699
1706
1649
1631
1655
1580
1597
1576
1569
1498
1486
1464
1480
1438
1447
1465
1467
1405
1442
1327
1403
1312
1345
1311
1364
1418
1387
1403
1351
1317
1314
1304
1294
1351
1329
1356
1327
1357
1344
1404
1269
1391
1326
1401
1384
1305
1386
1296
1322
1293
1255
1220
1207
1206
1200
1211
1195
1172
1165
1187
1147
1152
1113
1147
1126
1144
1141
1141
1128
1173
1121
1143
1103
1113
1074
1072
1037
1037
1043
1042
1062
1012
1100
1042
1075
1041
1064
1056
1035
1020
1065
1050
1029
1062
1071
1044
1009
1024
1008
1058
1024
993
998
975
971
933
913
921
881
842
876
878
876
905
894
895
882
894
909
897
891
895
869
841
821
852
859
849
893
871
958
915
904
904
918
902
926
894
933
882
913
852
834
825
798
765
743
775
803
786
816
799
842
808
839
797
821
831
874
817
826
802
793
829
836
847
841
820
830
794
773
754
728
743
774
744
787
715
704
677
646
649
615
604
570
580
594
578
577
582
582
602
564
593
592
600
592
614
614
630
583
613
575
618
614
637
625
636
632
638
641
640
610
625
615
629
643
660
649
667
647
623
610
618
629
636
645
623
602
609
612
629
648
639
667
644
667
670
635
644
637
689
671
682
684
697
724
695
695
714
667
692
686
680
687
687
659
660
644
644
616
588
603
585
576
583
574
614
613
639
644
629
638
655
657
657
675
670
685
707
678
678
673
683
660
664
658
624
616
602
592
564
575
557
603
593
579
589
564
547
539
543
529
541
571
553
576
566
556
548
538
546
556
540
541
538
530
548
513
499
514
514
501
530
516
518
528
517
550
532
545
550
556
544
538
555
560
566
533
557
552
546
571
553
586
556
580
593
589
584
571
564
553
556
573
537
520
521
527
503
508
508
529
509
548
524
546
515
532
533
492
494
468
464
470
447
472
457
466
442
443
447
448
473
435
450
435
453
462
475
469
471
469
491
479
503
502
519
504
518
511
481
450
456
466
459
471
461
485
480
490
476
502
480
506
495
496
482
499
487
503
505
506
504
515
517
506
519
520
552
528
543
520
534
530
535
548
535
522
516
532
506
498
503
507
497
521
517
557
502
508
497
495
489
504
468
475
472
485
490
487
490
508
478
485
487
483
483
481
500
487
511
469
467
469
465
483
476
483
481
467
469
476
477
468
464
471
465
491
502
512
515
497
458
480
456
483
471
478
490
498
495
500
495
500
482
479
454
457
430
441
455
458
450
463
462
468
459
466
470
471
472
478
461
479
485
492
507
482
490
473
498
502
540
514
536
523
540
537
550
554
536
540
539
559
556
535
555
566
556
567
532
558
536
539
541
533
520
558
545
560
554
570
560
561
557
564
587
579
570
574
560
576
551
567
553
522
516
502
533
504
492
489
524
497
523
546
556
550
573
503
504
471
476
483
471
493
459
470
450
447
458
458
461
462
458
483
473
460
483
471
486
478
475
470
486
472
466
480
534
470
495
471
474
483
479
473
448
456
451
466
473
496
474
477
459
456
466
461
471
476
484
477
494
483
493
492
500
497
488
505
524
513
527
539
515
511
496
495
484
488
479
461
471
458
472
468
481
482
480
490
476
492
483
474
463
464
481
475
498
462
466
468
491
492
504
467
487
480
487
484
490
491
480
509
509
533
526
527
519
540
543
560
522
523
516
507
505
508
522
517
503
523
525
495
495
470
485
490
503
480
460
443
435
444
430
442
442
454
470
475
490
488
489
500
513
510
515
528
538
505
512
521
514
509
505
510
525
528
546
541
537
545
560
543
567
533
547
579
525
556
522
530
510
500
490
488
481
509
504
491
467
470
440
438
448
456
434
447
444
470
467
504
478
512
484
505
496
512
514
530
530
533
553
527
552
562
565
572
596
582
594
575
581
568
573
563
604
597
621
632
650
664
653
629
655
637
642
623
622
617
632
632
641
650
638
662
666
667
709
692
743
734
713
764
699
724
690
694
712
693
705
696
646
666
629
631
601
611
579
580
588
589
621
625
597
584
551
580
531
532
536
537
501
516
520
536
514
528
484
486
467
459
477
465
469
460
482
465
486
479
498
502
490
497
488
507
494
528
516
528
527
541
525
525
517
505
519
523
508
503
502
497
486
484
499
505
508
510
510
505
497
503
474
471
467
455
458
469
480
496
469
481
473
463
470
459
457
455
449
450
429
433
416
419
430
432
448
456
444
437
448
436
447
432
445
434
444
462
449
469
461
460
464
456
448
458
461
458
480
495
503
506
496
477
463
470
467
466
482
462
471
483
480
480
