3006
3388
3014
2998
2625
2489
2403
2321
2311
2253
2243
2099
2174
2021
2014
1987
1979
1913
1840
1834
1804
1764
1706
1701
1664
1672
1671
1699
1654
1666
1666
1628
1536
1604
1561
1530
1524
1504
1529
1459
1448
1384
1309
1378
1355
1332
1336
1265
1236
1241
1195
1156
1159
1148
1147
1156
1165
1179
1141
1194
1182
1169
1196
1164
1142
1138
1139
1085
1153
1114
1155
1173
1195
1151
1199
1195
1198
1147
1143
1176
1155
1154
1135
1148
1138
1168
1175
1172
1140
1204
1096
1154
1195
1114
1113
1107
1113
1155
1090
1134
1091
1112
1114
1146
1110
1097
1055
1051
1022
1022
1031
981
940
924
868
918
906
947
919
961
914
936
930
866
894
870
871
862
842
858
854
829
844
885
849
860
866
902
883
849
884
844
867
829
843
819
799
836
835
847
862
875
844
880
890
919
939
909
942
900
950
959
903
929
890
907
930
900
937
904
893
862
902
908
876
864
826
814
828
830
848
840
837
800
802
816
828
815
784
824
785
785
776
756
756
763
810
793
787
755
718
736
737
781
735
753
708
731
695
702
695
687
657
648
653
647
657
646
640
643
630
633
649
651
633
603
604
587
621
628
643
647
647
619
616
632
640
631
652
617
646
639
637
633
639
595
632
607
628
630
657
660
663
670
654
628
600
614
587
600
601
584
610
591
594
575
549
553
551
541
577
519
520
529
515
505
512
535
509
507
519
487
505
496
492
487
452
442
471
476
488
487
517
524
516
557
525
554
571
581
607
620
636
656
645
628
636
623
670
636
627
648
656
683
714
684
692
653
687
621
643
655
630
619
656
632
673
614
647
626
628
575
580
587
576
561
604
559
590
570
577
559
593
595
574
589
575
574
606
629
603
576
585
555
572
546
560
541
580
591
578
593
598
591
576
611
562
581
550
563
559
596
587
548
532
530
537
543
586
575
592
599
613
615
607
610
589
565
564
565
559
591
584
554
566
548
538
529
551
561
593
572
600
576
604
585
577
572
584
573
557
533
543
532
542
507
520
532
515
521
520
518
537
533
520
494
488
467
469
478
462
476
479
462
472
483
491
481
488
484
474
463
458
446
469
464
452
476
439
418
434
429
437
444
432
426
453
446
438
469
437
439
448
467
452
446
440
445
431
439
432
455
449
470
451
472
439
435
443
437
448
443
459
442
447
447
439
451
465
504
516
524
536
531
550
545
538
583
560
549
540
518
508
492
541
515
557
546
575
570
591
609
570
597
580
596
588
578
580
578
573
574
556
563
546
537
523
528
524
527
530
525
539
536
532
533
504
498
475
509
492
491
507
485
495
490
505
475
464
475
490
481
508
489
499
493
504
479
478
478
471
480
477
482
501
497
502
506
527
533
512
510
471
487
472
500
508
538
512
529
529
549
513
494
510
522
537
545
557
511
493
486
493
500
505
510
534
508
523
533
518
502
527
485
503
479
501
485
484
481
484
467
483
490
492
501
509
547
514
516
495
520
505
533
493
468
478
480
484
463
461
451
434
416
416
431
418
420
425
432
437
427
434
426
423
427
427
427
415
423
412
410
418
408
399
398
407
398
400
395
404
401
412
411
406
402
399
421
405
420
411
426
408
420
416
422
423
425
426
426
424
428
423
427
440
445
460
414
400
395
370
374
371
378
386
387
388
396
398
406
400
443
408
428
415
428
439
430
428
423
426
416
414
430
424
420
417
404
422
422
431
410
431
424
429
414
397
395
392
409
408
394
409
416
386
387
405
408
402
414
404
432
414
404
408
423
428
437
428
429
432
430
444
440
433
418
428
448
441
435
447
444
438
426
440
439
454
450
433
430
429
442
449
452
465
472
475
453
482
469
475
484
491
513
493
492
511
527
538
523
526
515
504
519
494
496
489
480
485
463
490
498
483
499
479
489
494
494
506
503
491
481
497
471
472
453
441
455
437
449
424
411
402
416
404
401
404
398
411
414
415
415
425
427
428
434
444
425
433
419
411
427
403
420
418
408
414
433
441
434
426
433
435
438
421
423
408
413
410
428
431
441
449
454
447
436
440
434
414
416
420
445
448
477
496
492
492
461
479
476
480
479
467
468
474
498
489
496
475
494
490
499
444
437
434
442
427
449
449
456
447
443
430
438
441
421
411
410
410
413
408
418
400
407
416
414
417
399
404
398
411
377
388
369
378
367
382
397
391
407
401
421
422
431
418
432
426
443
422
426
403
406
395
403
399
386
394
358
376
363
379
372
383
379
401
390
374
398
381
392
395
410
405
401
404
392
380
401
408
408
415
430
422
436
404
381
372
362
358
381
344
334
326
353
332
335
343
333
344
347
344
349
345
359
342
334
338
336
331
333
