2903
3436
2885
2763
2595
2558
2494
2326
2273
2233
2181
2077
2111
2012
2023
1967
1846
1837
1840
1775
1826
1747
1739
1781
1705
1733
1564
1624
1579
1597
1610
1573
1528
1522
1514
1443
1401
1366
1287
1327
1315
1270
1299
1300
1313
1320
1289
1268
1254
1248
1241
1242
1266
1217
1248
1186
1241
1242
1217
1234
1192
1172
1168
1213
1181
1204
1200
1148
1140
1142
1173
1176
1177
1187
1152
1189
1240
1186
1182
1149
1184
1147
1135
1148
1078
1104
1091
1052
1019
987
976
991
963
928
937
967
959
1039
1045
1037
1043
1045
1035
1071
970
1015
929
934
918
908
934
942
986
1012
976
992
1001
957
939
956
985
976
998
955
995
981
930
899
899
920
940
927
903
924
884
948
865
947
902
897
914
898
847
905
895
870
858
862
838
845
806
822
825
876
822
854
811
841
854
809
825
825
825
838
824
859
817
829
834
870
855
839
869
820
853
809
787
795
787
764
739
776
753
817
799
793
794
808
802
819
784
789
769
804
806
806
835
842
829
808
789
804
801
839
799
791
778
811
786
850
806
859
844
876
838
888
814
840
766
773
772
724
741
746
660
713
667
704
666
681
660
687
708
684
711
704
724
729
729
742
752
780
816
773
792
771
803
809
818
819
804
824
802
804
849
823
870
854
858
846
858
836
901
880
865
895
891
915
874
936
887
857
893
900
906
935
903
900
887
903
906
931
936
950
929
915
913
971
965
921
936
961
958
943
955
976
995
997
964
991
936
1001
978
970
984
1017
999
995
1020
1028
975
934
928
925
899
862
872
831
850
776
797
790
811
793
816
818
802
822
866
864
861
838
850
851
849
859
846
834
809
825
770
765
780
782
754
821
794
784
769
761
774
798
782
821
803
795
818
753
738
746
720
748
765
723
734
750
793
814
832
806
833
841
859
805
845
834
812
809
842
797
791
787
797
836
859
876
930
917
916
871
841
863
873
881
820
832
825
815
825
804
779
772
794
780
797
774
783
791
802
762
747
698
698
701
672
713
697
693
676
718
716
701
706
744
736
733
704
717
696
701
727
711
685
697
701
674
693
688
662
669
666
634
669
628
639
672
642
628
654
640
619
584
582
596
557
562
542
519
509
509
502
545
542
595
554
591
572
565
562
566
537
570
546
570
563
532
558
545
573
550
561
559
569
561
559
534
548
555
560
562
583
571
534
541
547
544
572
570
588
603
568
583
574
572
590
595
610
598
630
613
585
567
575
580
564
559
552
543
546
559
561
583
559
572
589
578
587
549
530
496
497
517
508
521
505
475
493
496
494
494
501
539
520
566
558
577
563
602
589
614
623
558
542
538
543
556
559
535
533
498
481
488
500
495
527
517
514
509
486
499
496
503
527
489
488
498
499
510
487
472
477
501
495
512
510
548
518
527
528
532
518
505
490
487
499
499
514
496
499
504
508
518
513
514
494
517
485
467
477
473
485
491
492
503
494
524
500
515
499
486
492
490
497
504
481
497
474
486
468
472
440
440
432
447
449
472
431
455
445
445
476
473
432
456
415
413
423
447
462
485
488
484
468
492
492
487
503
480
477
469
448
464
454
488
468
496
483
492
490
494
519
512
513
512
505
508
501
519
497
524
501
521
534
525
528
532
514
540
506
531
535
518
531
496
519
514
522
500
504
510
531
527
567
575
587
595
576
579
527
539
531
558
537
534
536
541
536
560
539
553
541
557
545
549
535
527
527
552
533
559
520
558
546
540
550
579
595
599
606
628
614
592
590
584
567
561
561
537
536
513
561
563
550
561
541
555
531
543
544
528
548
540
552
535
533
522
517
523
534
530
515
530
564
567
547
548
559
555
551
545
551
515
494
508
499
523
540
545
548
538
558
550
576
591
610
629
634
624
631
617
665
594
605
542
556
537
532
518
491
498
480
493
481
474
473
486
482
498
478
492
489
504
526
525
539
536
541
517
514
543
548
555
577
581
574
590
583
582
597
619
618
602
648
625
642
644
649
684
665
693
685
695
676
713
695
696
689
672
678
691
694
687
662
684
642
675
660
640
650
605
627
609
623
644
635
624
597
597
585
582
571
557
536
539
547
543
576
587
600
572
588
596
569
594
635
595
628
638
611
613
598
575
586
581
603
588
609
585
587
599
604
622
626
643
669
633
659
647
680
631
631
609
640
616
607
566
563
552
575
535
557
560
580
537
582
556
571
557
592
548
568
515
548
521
531
511
539
538
529
532
537
560
557
559
554
552
554
531
551
538
561
571
562
556
571
580
598
570
614
587
586
574
565
603
591
621
638
626
634
635
611
611
574
562
569
575
571
571
548
549
557
561
559
556
568
559
600
609
627
624
