2959
3394
2856
2828
2687
2576
2481
2416
2337
2281
2219
2158
2037
2030
1963
1969
1901
1862
1891
1819
1707
1762
1643
1664
1527
1534
1534
1489
1429
1340
1380
1356
1360
1342
1323
1329
1330
1277
1309
1253
1243
1225
1235
1189
1215
1186
1230
1251
1214
1169
1173
1159
1161
1184
1236
1137
1158
1158
1070
1119
1059
1062
1048
1073
1067
1056
1031
1065
1016
1068
1060
1071
1056
1106
1093
1134
1146
1111
1078
1040
1076
1089
1163
1120
1163
1115
1126
1038
1066
1036
1039
1055
1045
1066
1083
1084
1068
1067
1043
1051
1067
1114
1049
1091
1089
1130
1051
1041
1025
981
997
922
939
940
914
929
931
906
915
924
960
997
997
1012
974
968
958
974
958
994
984
1024
1045
1079
1050
1079
1008
1026
1018
1043
1031
1087
1044
1097
1082
1114
1061
1043
1067
1074
1091
1055
1098
1089
1088
1070
1052
1065
966
1018
998
990
1023
983
980
969
943
935
934
941
913
867
866
888
851
916
895
883
893
893
867
855
874
849
840
804
804
822
765
781
777
813
800
761
835
790
842
809
832
772
781
826
768
799
792
787
777
786
759
763
752
746
748
755
742
776
768
787
762
809
777
771
739
787
757
792
776
789
837
845
823
801
823
789
815
821
828
847
840
835
842
849
809
819
821
776
810
820
829
769
784
729
732
703
720
700
718
762
769
823
810
776
780
762
768
766
789
767
819
831
819
842
837
862
855
846
864
873
928
921
932
945
924
930
976
968
1008
1024
1041
984
947
979
986
970
969
1011
986
988
940
919
900
891
882
907
932
911
914
903
925
908
940
904
926
898
892
903
882
918
883
888
835
806
829
836
850
825
868
833
854
852
887
833
888
843
846
858
861
854
890
886
902
872
869
891
842
873
839
833
805
811
796
769
763
751
719
727
732
734
733
752
736
722
747
755
751
764
786
788
794
789
794
801
781
770
787
809
846
809
844
844
848
840
832
851
853
850
852
860
855
899
865
882
885
843
906
895
924
837
846
803
825
794
759
755
752
757
766
720
718
747
756
806
801
822
812
810
779
789
823
799
794
766
755
752
776
761
793
793
788
800
831
755
723
717
679
693
701
737
696
676
655
682
631
663
651
655
684
694
685
700
694
731
690
681
684
660
669
655
642
688
658
628
637
659
663
638
651
608
613
628
652
650
644
646
653
664
666
646
662
649
668
615
650
614
614
577
575
552
544
527
543
560
561
569
585
601
591
607
621
634
610
589
567
593
591
620
601
572
552
560
562
579
571
578
560
587
555
584
559
544
537
552
557
538
547
572
533
562
539
563
540
543
519
522
518
535
515
507
490
506
517
536
511
527
494
481
491
472
491
465
498
470
484
453
458
444
435
426
444
448
447
450
448
450
472
456
455
449
463
446
459
478
450
461
468
467
466
439
456
464
450
465
468
445
444
453
459
445
423
429
418
412
393
390
392
392
374
385
388
381
371
392
371
377
359
368
335
346
332
343
351
351
350
331
320
338
317
327
319
354
328
338
325
322
334
330
338
352
357
365
356
336
338
324
334
331
347
354
372
357
369
351
354
348
372
377
391
390
407
399
383
371
366
378
389
387
393
393
388
408
403
391
395
403
414
420
435
413
433
401
410
401
426
421
436
440
444
450
455
447
429
433
430
444
458
468
473
485
500
485
446
473
448
446
437
426
382
377
361
359
358
382
390
394
406
409
398
379
379
365
348
354
330
335
342
361
357
352
353
352
348
336
344
344
347
366
361
379
364
384
375
367
374
387
370
368
358
351
345
330
352
332
352
345
355
338
331
317
312
316
309
316
328
327
346
343
341
336
344
336
345
329
338
329
317
341
320
345
347
350
347
351
347
358
342
333
326
312
306
307
321
317
324
344
342
347
357
357
356
372
350
362
335
340
335
327
326
332
349
337
348
347
358
356
351
347
354
311
309
313
324
343
347
378
382
406
385
392
387
399
399
393
388
379
386
390
415
405
392
415
421
438
413
416
392
390
379
380
387
378
387
394
380
383
394
381
402
380
388
376
363
392
392
408
392
402
396
405
392
418
409
410
418
413
412
420
439
441
468
467
510
478
489
466
467
490
460
458
497
474
479
483
457
467
456
479
462
457
474
473
467
469
451
475
481
469
447
442
457
456
477
453
431
440
454
434
443
442
458
446
449
439
473
436
435
434
459
428
431
411
416
415
425
450
460
457
464
452
444
416
441
439
440
440
432
433
413
399
366
376
363
360
374
374
373
394
411
402
451
414
429
415
433
438
418
414
417
378
412
390
433
405
430
411
435
412
425
420
417
420
415
413
396
389
375
342
357
349
360
363
371
351
373
366
388
372
363
367
354
332
340
336
332
344
341
351
370
386
405
385
