2940
3300
2892
2758
2585
2373
2242
2239
2191
2108
1987
1946
1921
1903
1809
1890
1820
1749
1801
1685
1632
1704
1689
1609
1602
1572
1537
1503
1472
1481
1435
1446
1409
1397
1368
1340
1389
1419
1404
1375
1348
1344
1334
1269
1292
1325
1302
1282
1262
1257
1248
1186
1187
1179
1138
1163
1090
1121
1101
1103
1122
1049
1044
1060
1044
1042
1059
1037
1018
1019
1008
944
915
916
915
925
893
914
863
859
842
817
820
796
765
782
778
798
783
810
778
782
777
788
750
754
722
766
740
725
707
696
673
685
704
730
703
707
713
736
706
707
703
683
716
701
669
696
695
707
689
705
681
725
743
761
726
759
700
750
737
788
776
800
792
811
773
761
740
737
701
727
699
708
674
714
714
728
712
738
695
724
696
703
693
709
712
707
745
701
707
684
665
702
672
731
730
713
698
655
686
689
694
697
701
682
714
741
713
739
700
735
693
722
690
670
702
703
718
686
699
655
643
630
629
615
629
633
632
605
630
604
605
601
621
600
595
612
574
569
594
599
594
594
609
603
620
621
614
610
635
630
621
617
604
594
591
547
568
563
576
577
601
590
610
567
600
586
589
571
564
538
521
517
559
521
544
552
567
553
567
564
572
544
574
536
517
504
479
515
497
527
501
525
503
523
516
528
532
559
535
564
555
549
591
591
598
599
597
614
609
602
596
554
566
551
572
553
584
563
578
581
542
567
546
568
575
618
588
592
571
614
583
594
546
556
514
519
528
500
515
519
510
501
487
464
481
508
505
492
513
490
511
531
503
539
492
515
490
526
514
548
529
539
553
558
536
528
549
553
558
537
546
528
546
527
560
526
555
569
568
547
542
553
543
559
562
560
560
561
588
590
619
612
615
594
614
591
592
625
622
635
630
643
648
616
619
603
640
648
650
592
610
563
570
544
557
561
565
604
616
601
619
580
615
602
607
603
587
599
578
591
580
579
569
571
561
598
572
587
585
581
572
587
545
568
555
543
544
530
511
530
511
527
493
494
471
494
505
510
529
517
510
494
491
501
496
499
524
522
547
537
523
515
479
498
496
506
512
509
500
509
495
508
475
496
471
500
471
489
480
490
479
503
488
499
518
527
546
513
528
519
506
548
534
550
533
554
525
533
513
543
514
548
536
552
540
557
531
549
554
550
543
543
554
545
562
540
568
552
579
558
542
557
569
577
607
567
583
587
562
579
571
564
542
546
550
550
554
516
546
523
516
491
477
480
486
501
502
506
515
521
485
500
458
475
477
466
486
471
453
483
465
479
472
467
488
475
483
481
485
490
494
488
500
515
526
495
516
493
492
481
485
508
481
496
483
478
478
477
477
452
490
478
517
511
528
502
520
534
515
541
566
540
537
548
572
565
564
562
578
592
593
567
533
538
555
545
557
562
539
528
533
517
525
523
505
480
474
477
469
493
495
493
488
508
516
532
513
530
523
528
527
544
544
537
551
545
541
583
561
570
554
538
547
540
552
540
535
516
553
525
536
537
550
559
574
549
550
556
544
531
534
496
510
496
505
487
484
474
481
468
484
463
487
457
467
465
453
438
448
443
455
441
456
453
451
460
472
469
495
461
472
474
486
492
466
486
485
489
463
472
460
462
459
464
465
467
466
483
485
523
499
505
511
522
508
507
516
531
524
524
520
487
468
455
460
475
466
489
480
478
514
495
510
494
508
502
479
455
465
469
454
458
459
483
467
442
420
417
418
428
430
425
417
420
419
425
419
417
404
411
401
411
412
425
435
442
440
432
431
437
438
443
449
458
469
447
449
442
439
436
421
424
422
422
416
400
412
404
416
415
417
433
428
454
461
469
463
477
448
470
449
464
478
478
475
471
490
482
482
494
482
504
488
502
501
512
515
496
508
509
501
501
474
484
462
483
482
497
498
494
482
459
455
444
433
432
438
436
433
422
439
421
441
453
459
440
455
462
477
471
491
484
480
506
476
509
478
483
471
463
497
480
497
481
495
493
526
529
504
518
501
506
502
512
515
539
523
567
545
550
540
545
539
512
534
498
506
489
498
489
471
477
462
444
451
457
449
445
448
452
458
467
459
455
444
437
437
434
443
428
440
442
436
437
440
434
458
456
475
485
481
471
471
479
469
455
455
435
432
451
447
449
449
445
457
448
433
435
415
415
411
419
416
416
428
420
419
422
431
423
411
425
422
434
406
420
403
420
410
432
402
432
420
436
434
436
437
454
420
417
426
433
427
417
418
428
439
430
449
439
435
423
428
427
431
423
428
420
426
417
426
417
432
440
437
432
428
435
424
431
426
416
435
436
435
426
427
421
