2962
3413
2891
2791
2662
2543
2439
2362
2164
2141
2149
2148
2089
1974
1981
1852
1869
1776
1762
1727
1659
1659
1656
1679
1692
1604
1662
1608
1577
1542
1571
1550
1492
1555
1445
1421
1343
1334
1345
1324
1264
1297
1303
1264
1278
1225
1260
1238
1282
1191
1152
1117
1119
1108
1074
1018
1005
961
940
969
943
965
967
980
938
955
975
1012
981
978
993
975
948
985
939
913
916
908
843
831
821
841
837
821
865
840
818
843
833
825
833
856
866
873
911
919
894
947
907
895
930
914
902
929
904
897
901
931
925
944
935
948
895
943
937
943
925
950
934
983
928
943
928
913
934
985
964
944
899
884
884
849
824
822
875
867
885
914
921
952
952
924
895
861
909
840
852
884
833
829
825
835
838
833
863
846
856
884
873
846
845
880
908
872
860
872
805
829
799
818
792
826
849
820
852
862
873
826
836
851
920
856
882
909
894
915
892
852
828
776
768
771
751
775
769
784
767
794
786
777
738
750
688
698
691
710
722
733
716
655
653
647
645
634
664
655
638
636
651
631
620
604
618
569
599
565
569
568
587
599
624
595
641
615
629
632
635
625
650
624
646
630
641
639
603
625
624
625
614
602
599
620
577
582
520
510
494
489
495
505
506
523
498
522
519
519
505
520
512
521
521
508
510
505
540
526
506
500
487
494
467
506
493
492
496
503
491
485
491
461
446
451
479
467
491
478
464
460
484
478
469
464
478
483
477
488
454
484
476
495
474
459
472
466
485
510
487
483
468
459
459
473
454
447
438
440
432
446
448
476
453
480
466
476
490
488
507
514
517
493
526
502
511
514
531
545
509
509
512
539
542
568
571
578
565
560
568
572
569
590
569
629
603
629
604
632
638
632
643
639
680
677
689
718
684
695
643
702
656
702
683
673
646
697
687
688
703
677
692
690
766
715
726
749
720
706
710
712
661
670
669
661
679
689
711
713
745
754
733
742
774
785
785
812
783
813
788
792
826
811
806
837
829
816
831
807
779
801
778
758
751
734
746
718
743
721
746
727
721
680
697
682
704
657
635
632
624
633
607
605
572
585
566
567
566
587
572
582
578
574
586
606
595
585
590
607
604
627
612
623
618
635
610
604
631
584
605
557
554
539
558
541
549
555
553
542
540
543
538
528
519
510
516
526
543
554
553
554
570
561
584
588
624
598
611
601
649
599
622
613
625
641
643
638
641
665
696
706
692
671
693
685
676
646
660
631
681
681
684
663
649
649
640
676
664
655
653
657
680
673
693
682
688
703
676
702
688
669
655
648
619
649
640
669
636
660
636
655
659
680
668
633
646
621
638
624
608
642
619
618
649
618
625
634
649
635
620
619
617
619
625
619
614
623
616
616
643
647
677
681
670
642
653
618
660
625
655
673
707
682
678
698
707
707
682
660
633
643
624
628
660
651
679
702
695
730
747
728
728
713
725
751
741
732
716
695
681
679
692
701
704
691
644
676
677
676
679
651
693
669
707
684
749
651
665
645
654
651
649
660
629
659
612
663
621
632
616
593
609
608
592
585
598
588
592
566
584
558
589
599
599
608
605
611
618
577
600
590
597
590
589
563
584
583
577
569
588
580
608
599
597
586
580
554
577
575
550
530
560
576
553
556
567
555
566
542
561
528
551
514
535
507
513
503
508
491
481
478
496
470
473
464
474
468
491
471
488
480
510
482
495
503
501
508
521
527
511
511
517
518
515
503
517
506
550
500
519
500
510
526
544
504
495
475
488
488
486
491
494
494
502
508
506
524
518
514
489
518
520
527
527
526
524
552
542
518
510
497
496
514
500
525
518
510
501
496
492
521
501
486
488
464
466
467
442
453
437
448
440
456
436
440
447
451
447
425
444
452
450
450
445
453
452
450
460
475
463
469
485
481
496
494
488
484
483
489
485
485
490
490
499
489
502
500
514
506
502
501
504
526
518
489
510
501
498
494
502
497
507
517
526
533
532
514
533
514
524
527
543
515
513
498
504
480
484
480
478
477
488
496
498
489
475
454
460
448
450
458
470
459
476
467
495
494
495
485
501
496
519
512
512
521
550
522
546
500
515
491
521
483
493
490
490
510
478
493
480
495
483
451
466
448
472
463
442
430
434
418
414
411
398
405
404
410
426
424
428
430
437
437
435
424
427
434
442
444
440
445
457
462
454
453
451
461
457
474
479
485
487
486
498
501
511
522
508
493
496
499
491
501
480
479
481
463
463
444
431
416
418
421
434
429
437
422
419
425
421
437
434
443
462
466
451
459
455
467
467
449
438
457
424
426
420
421
415
411
421
422
431
431
