2991
3412
2800
2836
2589
2562
2391
2321
2311
2189
2156
2096
2023
1937
1993
1904
1892
1777
1784
1759
1721
1678
1670
1615
1671
1616
1559
1548
1520
1511
1514
1504
1462
1446
1494
1375
1413
1377
1344
1336
1323
1309
1280
1327
1346
1355
1279
1341
1317
1294
1270
1247
1198
1151
1115
1102
1100
1043
1079
1101
1133
1118
1118
1073
1058
1076
1068
1024
1008
1005
1016
1048
1014
974
992
964
953
966
963
907
968
957
1026
982
996
994
1004
984
1012
1001
996
1028
1004
1017
1021
1064
995
971
975
948
947
949
930
963
979
1017
1001
1018
979
975
948
935
954
913
914
878
903
871
890
862
859
841
864
863
830
818
756
803
782
759
738
712
755
736
763
736
743
716
754
744
761
757
812
732
802
751
776
756
773
750
779
772
777
802
788
774
782
771
771
790
771
751
773
752
759
705
712
720
702
680
642
633
605
582
602
584
631
611
624
609
639
630
683
647
680
695
692
668
681
698
707
749
738
732
728
784
706
737
728
754
743
784
829
813
796
814
798
772
775
743
786
774
737
739
751
781
788
805
783
789
826
841
846
875
868
871
862
881
914
889
889
855
870
833
820
824
807
812
823
812
784
773
818
793
811
781
782
750
796
765
811
769
860
824
841
847
848
853
823
822
814
819
854
812
839
783
754
764
763
800
781
790
806
775
796
760
764
781
772
822
816
813
838
840
872
854
892
865
880
890
907
926
924
945
921
910
916
901
893
944
920
959
908
910
938
882
886
886
900
888
880
863
872
868
861
850
882
925
907
902
908
872
868
878
850
895
884
891
910
931
962
963
1002
949
967
946
941
938
963
941
1015
931
926
943
966
916
930
901
873
863
860
857
879
884
865
892
867
880
865
879
837
866
841
853
885
833
842
845
823
888
862
846
806
794
786
793
779
789
780
764
753
753
737
724
731
725
721
683
710
714
713
678
715
704
697
665
684
660
642
648
641
631
648
671
680
652
685
641
680
624
678
595
611
607
606
588
573
573
585
590
587
577
560
540
518
558
532
581
537
524
522
493
477
490
471
468
458
453
462
443
463
433
454
431
447
447
453
458
457
481
441
483
473
469
451
470
455
474
455
454
443
461
414
423
426
431
436
408
432
397
423
413
434
418
416
424
440
418
452
469
474
478
464
453
466
482
493
524
536
523
528
493
513
484
482
478
486
473
479
480
448
460
473
464
468
435
462
449
467
452
460
449
447
448
451
451
438
440
448
440
458
466
475
479
458
493
473
504
491
525
495
516
464
507
467
494
468
492
445
427
422
421
444
423
433
419
445
414
448
443
449
418
414
441
421
424
419
415
407
397
383
400
387
383
398
391
410
392
392
414
401
432
445
469
454
460
468
492
473
479
487
495
505
486
500
519
533
540
536
583
593
581
592
609
569
551
534
543
515
527
491
498
472
485
462
440
434
439
426
427
414
437
425
426
443
412
423
408
386
402
390
387
387
395
391
394
405
430
421
408
427
420
429
435
413
439
402
409
408
423
402
413
426
431
415
418
402
400
404
378
395
386
430
398
411
411
404
392
409
412
417
425
432
421
447
430
429
427
429
434
450
470
475
458
495
460
470
460
476
482
490
523
510
540
518
569
548
576
557
609
598
589
585
573
518
505
493
493
529
520
514
536
487
505
516
536
516
541
550
544
560
567
553
585
587
603
600
593
627
630
652
651
667
623
608
600
584
584
586
610
621
582
597
588
594
589
574
559
608
580
599
570
611
581
585
581
578
561
567
539
536
524
553
547
563
573
551
575
577
609
590
595
572
583
565
555
579
588
576
562
570
592
600
585
622
590
573
589
602
619
610
640
640
579
584
586
596
599
583
588
563
571
563
541
535
540
569
567
592
584
585
566
582
592
598
613
618
642
656
617
649
625
651
626
598
603
605
628
635
623
647
690
688
684
712
720
735
752
710
730
721
722
735
727
726
698
689
694
655
680
632
640
616
620
622
634
644
673
683
684
625
628
628
647
585
645
607
662
618
631
628
651
661
695
653
695
658
656
638
594
592
595
563
574
576
575
564
581
594
606
580
593
598
562
549
547
539
521
538
530
527
545
546
543
540
567
550
530
546
534
537
525
526
511
530
501
523
509
486
490
499
507
508
509
477
497
498
499
495
495
497
493
523
515
541
553
581
600
587
583
604
570
571
585
574
563
571
588
607
610
615
605
596
593
580
580
580
580
588
547
563
525
542
547
533
544
549
559
565
590
586
613
579
632
576
602
580
593
574
598
588
612
602
607
608
648
628
628
621
607
611
615
596
592
549
567
546
588
567
558
582
562
586
585
595
626
609
634
582
614
