3011
3570
2978
3123
2692
2632
2530
2417
2294
2198
2130
2071
2030
1928
1948
1914
1824
1813
1760
1724
1659
1609
1580
1505
1565
1510
1485
1459
1482
1484
1472
1505
1471
1503
1545
1538
1570
1563
1554
1522
1554
1506
1446
1400
1395
1345
1361
1349
1374
1331
1313
1295
1326
1318
1315
1292
1341
1291
1320
1321
1286
1255
1273
1219
1184
1142
1188
1112
1133
1052
1075
1074
1076
1040
1046
1047
1029
997
1089
986
999
957
1001
965
1023
956
1017
971
1028
1029
1048
1024
1011
1002
1013
997
935
962
945
983
1020
1024
1051
1029
1140
1066
1138
1104
1137
1109
1107
1105
1108
1147
1123
1204
1162
1185
1185
1185
1183
1215
1176
1168
1176
1128
1168
1149
1112
1050
1048
1010
1035
995
1026
1022
1048
1109
1103
1123
1120
1069
1066
1058
1079
1065
1068
1103
1073
1011
1014
1047
1067
1024
1087
1116
1058
1133
1101
1121
1081
1093
1017
1021
1030
1053
1001
1001
1022
979
931
912
910
933
979
979
983
988
952
928
949
936
927
917
969
960
996
936
966
962
951
955
961
973
978
944
983
964
943
916
944
927
919
870
901
876
882
885
872
940
902
873
907
904
866
889
881
855
864
833
835
802
840
799
826
821
817
820
851
807
877
830
886
831
823
822
828
839
844
811
817
811
823
841
829
834
812
843
827
861
835
924
864
816
855
784
766
773
730
738
736
748
769
768
715
781
740
803
733
744
732
738
748
731
761
793
793
789
798
779
747
728
736
728
736
730
746
749
766
755
749
742
749
780
775
788
774
802
834
818
806
829
742
732
749
762
771
780
808
819
822
762
780
736
749
723
733
750
743
754
757
750
741
731
729
729
726
770
740
718
718
711
714
677
673
664
639
629
624
637
605
609
633
633
649
679
697
725
710
665
666
645
670
618
674
648
636
662
669
633
661
648
636
629
623
630
615
664
665
630
630
622
608
611
618
631
624
649
589
624
610
658
629
618
635
621
611
609
567
569
586
578
595
586
563
605
589
599
610
629
630
662
606
620
594
622
624
604
610
617
597
584
581
551
537
532
536
541
568
555
557
541
548
507
480
507
509
505
473
475
474
456
447
472
446
477
457
460
455
462
470
482
480
460
454
441
437
431
425
438
430
452
414
439
422
442
407
419
409
423
414
397
432
397
414
421
434
444
433
441
477
451
451
431
462
442
484
459
459
476
479
431
457
454
454
448
450
464
466
477
462
462
475
483
512
514
499
493
498
506
497
514
503
510
503
528
510
507
509
494
534
529
551
554
552
556
543
550
578
551
558
550
545
544
548
533
533
527
549
536
533
517
508
533
502
544
529
551
535
542
536
551
544
514
506
501
525
520
520
501
506
505
502
497
509
500
518
538
540
545
541
538
527
534
513
529
526
532
541
518
529
510
511
511
493
501
506
511
513
497
497
508
511
501
512
480
502
485
486
479
503
498
506
489
493
484
487
469
480
482
498
505
512
510
501
530
541
547
527
532
559
547
540
554
558
555
562
565
591
526
534
553
571
572
582
551
532
557
562
558
583
559
579
564
572
559
537
534
541
554
547
555
534
556
531
537
531
542
556
537
575
572
586
594
583
565
564
577
567
580
590
576
568
552
559
572
564
566
555
542
547
556
561
560
577
557
594
572
590
581
594
596
626
620
612
580
601
574
580
571
586
553
547
559
563
590
618
588
588
587
602
587
575
594
599
607
605
575
582
559
545
533
521
534
545
530
552
511
523
510
528
500
489
457
480
467
478
467
487
475
496
472
466
469
479
461
448
447
463
469
470
484
456
468
481
454
453
426
424
419
434
430
452
443
449
460
453
436
439
439
449
455
463
491
495
496
502
484
485
478
473
461
459
439
436
455
444
454
471
486
457
458
467
480
493
477
455
446
445
448
430
462
438
443
448
453
454
472
454
428
461
434
445
451
460
442
435
417
407
394
396
379
371
366
357
360
360
374
383
373
386
398
393
401
402
414
415
417
423
436
448
454
457
444
470
452
449
451
443
437
437
452
447
452
459
448
441
447
457
452
458
463
469
481
477
477
489
513
480
501
514
539
554
535
548
544
554
518
525
541
535
525
551
507
515
504
506
525
497
519
500
477
457
458
452
449
428
446
454
443
457
479
465
459
455
450
468
460
483
469
481
432
446
440
449
427
436
425
425
431
430
419
439
429
429
405
403
401
400
401
417
404
412
398
413
406
435
415
409
412
395
388
386
384
387
373
376
396
381
389
369
379
363
369
339
343
338
337
353
354
361
364
375
360
359
354
360
343
362
345
362
357
372
361
356
369
350
346
337
338
340
341
329
337
339
334
348
353
349
347
340
343
351
345
343
341
335
337
324
336
329
339
332
349
345
360
346
345
343
354
