3054
3492
2856
2701
2584
2432
2458
2263
2272
2184
2166
2032
2042
1906
1884
1849
1811
1807
1797
1699
1679
1627
1580
1648
1587
1553
1530
1448
1468
1453
1430
1459
1437
1471
1539
1515
1513
1474
1423
1472
1459
1462
1445
1429
1435
1432
1385
1354
1343
1296
1367
1333
1343
1356
1405
1466
1431
1501
1440
1379
1342
1346
1317
1330
1270
1338
1246
1250
1294
1273
1250
1282
1208
1215
1178
1240
1221
1215
1232
1199
1225
1147
1168
1151
1174
1153
1148
1050
1051
1003
1025
1003
992
984
966
955
970
970
935
947
986
964
948
956
927
921
918
933
931
933
932
938
988
959
964
949
949
931
999
930
954
917
913
885
894
863
831
849
807
837
833
822
872
812
829
849
830
872
870
881
887
856
875
867
872
909
900
901
867
899
886
899
878
892
869
887
899
914
929
920
924
905
961
942
919
934
884
906
857
886
838
891
849
872
852
864
824
856
879
927
933
896
944
960
891
928
878
887
904
881
882
872
885
894
917
950
969
967
945
936
945
944
961
909
837
864
880
917
900
916
880
927
902
896
895
787
787
802
831
802
833
780
817
813
791
760
792
771
776
787
788
809
813
834
799
836
824
828
825
830
827
839
845
867
853
852
892
869
939
871
917
857
883
853
846
816
805
789
842
811
817
801
816
788
786
762
776
726
747
695
748
696
741
737
771
778
776
720
742
697
705
725
740
728
718
693
717
677
713
698
717
729
675
671
668
724
684
715
710
698
728
697
673
654
643
662
680
705
692
671
665
654
635
618
627
583
589
592
551
587
552
593
562
614
626
620
655
653
624
593
598
603
600
598
630
618
600
614
579
585
598
589
603
562
605
571
599
572
581
593
610
605
630
618
650
689
664
683
659
644
644
662
656
653
664
699
655
683
667
680
634
640
603
617
609
609
632
615
600
587
609
618
606
606
626
607
625
619
635
648
614
646
640
694
665
676
668
696
705
705
716
704
733
739
727
698
677
706
651
702
648
704
682
704
678
655
663
667
661
636
693
668
720
659
677
647
663
612
652
623
651
626
644
589
592
624
593
621
622
602
547
558
560
557
571
569
575
575
577
587
539
570
534
558
521
550
502
509
499
496
476
488
487
494
520
531
539
540
576
598
610
596
626
622
633
634
639
632
611
642
630
649
652
682
670
686
741
751
733
733
787
764
759
726
763
740
769
724
785
737
744
759
742
758
720
682
711
692
677
731
715
721
752
732
769
721
762
744
725
731
738
731
706
696
673
685
661
667
634
623
605
617
614
611
573
599
586
563
548
536
531
533
511
519
567
541
561
561
533
545
564
539
525
537
527
524
517
526
536
502
504
480
495
495
530
501
484
460
451
459
450
465
470
486
507
524
525
550
532
555
526
586
571
622
520
536
505
496
495
508
522
540
542
534
558
551
587
616
589
566
584
600
611
633
628
651
670
658
656
622
621
620
648
658
676
658
640
640
650
624
648
655
671
674
674
714
681
725
689
697
723
705
747
730
759
712
752
717
682
701
691
701
744
739
776
766
732
723
701
739
708
684
683
650
654
668
677
701
715
728
703
699
720
683
684
709
703
672
685
706
700
739
738
730
790
728
762
740
705
702
735
729
734
720
709
699
724
731
700
710
686
705
685
684
679
655
688
650
669
672
673
632
691
663
653
680
668
655
648
647
640
663
636
618
626
609
627
641
641
627
631
608
584
598
585
584
551
568
559
593
584
573
596
547
577
590
597
624
632
648
641
627
678
686
687
656
686
705
704
696
692
668
709
671
710
689
681
660
675
680
681
665
659
640
650
674
650
626
644
610
652
642
663
656
646
664
660
697
652
692
692
728
694
681
678
716
720
729
727
741
751
787
758
766
745
758
701
715
679
704
700
712
698
728
731
678
690
673
673
683
655
689
660
636
643
628
681
677
683
674
662
650
660
666
638
653
630
636
672
658
642
651
649
654
670
655
671
654
633
629
642
619
637
631
617
624
643
624
669
684
688
676
647
633
651
662
658
628
656
666
689
696
721
697
684
679
704
675
716
697
697
656
679
676
662
653
639
623
649
649
623
589
580
585
563
577
576
597
572
573
562
579
539
572
551
580
574
604
592
596
559
589
587
595
587
558
586
567
576
585
588
584
600
609
634
600
628
599
649
573
586
588
590
563
585
588
594
565
567
551
539
558
581
576
577
582
586
575
577
562
560
581
571
570
523
525
527
527
547
534
530
538
522
513
515
544
526
548
564
564
585
589
600
615
623
631
675
651
665
653
648
671
662
643
657
658
676
681
714
725
696
708
669
653
660
643
646
650
673
662
677
682
667
651
640
609
602
606
578
585
