2997
3435
2899
2834
2676
2698
2578
2494
2370
2346
2277
2236
2178
2176
2105
2036
1936
1877
1874
1879
1797
1793
1725
1689
1611
1652
1610
1589
1587
1630
1657
1598
1652
1516
1552
1471
1537
1501
1501
1488
1534
1486
1487
1469
1456
1467
1444
1436
1423
1366
1362
1367
1343
1303
1322
1326
1349
1291
1261
1234
1246
1204
1190
1193
1230
1228
1232
1227
1239
1184
1176
1170
1121
1168
1087
1174
1074
1092
1069
1078
1039
1064
971
984
952
937
933
949
916
852
869
847
909
841
835
829
815
847
811
807
815
823
793
820
799
816
811
826
800
806
804
821
790
833
837
855
842
852
817
801
751
745
760
789
767
802
813
810
836
847
855
858
872
921
925
971
962
1029
1006
998
1031
1029
1049
1073
1074
1070
1069
1021
1031
985
995
1002
1068
1026
1012
1037
968
1001
998
953
963
980
984
960
942
935
957
889
894
845
853
845
852
888
871
906
876
886
919
870
896
930
901
881
839
818
788
828
840
825
843
786
804
791
803
802
786
813
789
787
748
785
718
718
752
727
758
728
758
740
754
790
768
710
717
683
664
661
675
653
638
651
665
686
703
715
719
747
778
801
797
810
839
824
815
780
787
753
754
785
803
812
794
792
817
839
821
811
788
857
801
835
807
852
786
840
773
798
773
798
800
797
832
796
841
831
793
826
807
816
783
787
792
761
783
810
845
846
801
820
807
821
793
806
794
735
765
743
749
717
738
752
758
805
788
826
773
814
803
842
846
864
867
860
882
854
872
881
889
887
865
888
862
927
879
890
874
853
827
775
809
741
766
754
809
764
789
822
771
776
810
775
799
805
804
795
769
789
792
782
791
786
804
793
787
773
724
688
693
683
723
715
713
703
722
742
793
775
796
739
700
710
696
664
684
655
669
619
615
620
648
599
605
621
623
607
565
606
559
596
578
601
597
590
575
573
612
578
600
581
570
563
565
538
550
542
547
559
504
525
482
503
507
501
508
513
500
504
487
512
508
528
524
532
516
503
504
502
498
493
507
502
489
495
484
487
460
480
452
457
448
445
450
426
435
431
439
453
460
470
477
490
477
487
469
463
480
461
473
470
481
498
477
489
480
489
473
484
491
504
490
493
456
489
458
457
487
478
495
477
501
473
485
505
496
459
476
447
463
479
463
466
465
480
499
527
524
491
515
489
515
496
500
493
489
474
484
491
508
520
526
548
503
490
485
491
486
482
486
480
488
468
464
491
490
485
482
507
500
506
494
491
484
509
494
511
499
482
486
495
477
463
467
460
445
451
461
466
480
485
504
531
489
498
509
494
531
514
509
513
526
520
562
540
581
544
568
534
521
528
518
523
540
489
511
498
480
502
508
528
494
492
479
486
476
496
480
477
481
493
494
501
500
485
487
447
452
455
464
458
476
470
498
473
510
494
515
476
487
458
469
490
460
485
452
454
437
468
430
448
432
445
415
382
390
393
384
388
361
367
386
371
380
407
377
377
368
369
364
367
372
353
351
357
370
352
347
338
339
340
326
319
313
311
296
293
303
300
310
306
314
306
327
327
342
340
354
346
362
347
372
346
335
342
351
349
350
346
345
338
327
330
337
332
340
346
328
318
335
324
341
328
336
335
329
327
332
342
337
342
347
345
362
364
371
361
370
363
349
379
355
365
347
340
327
323
320
333
325
333
317
329
322
323
326
333
331
359
346
350
344
337
345
342
352
351
370
368
356
360
345
353
329
341
346
341
360
353
379
359
347
357
363
363
347
360
342
348
348
362
360
359
378
380
399
391
387
402
399
385
405
394
392
406
383
375
372
385
382
392
402
393
385
380
387
371
373
384
377
384
379
404
407
392
406
418
427
425
437
447
429
435
420
422
442
432
431
450
451
451
434
413
417
412
439
427
432
441
435
448
442
417
409
418
404
403
383
381
399
400
422
424
424
427
429
415
425
432
440
446
430
428
421
431
418
425
424
429
428
482
449
483
461
459
450
447
467
453
461
464
443
433
442
438
441
440
437
424
426
418
437
420
435
411
423
416
403
405
419
419
423
426
428
427
448
457
463
469
477
477
448
443
453
452
454
462
477
498
492
506
474
468
448
442
435
461
434
435
418
435
427
434
435
420
420
437
438
440
425
427
419
420
418
424
420
460
442
461
451
479
478
512
477
458
461
466
473
507
480
503
489
513
473
503
492
489
498
465
486
481
483
460
467
472
469
471
477
469
481
467
490
480
473
466
445
438
442
429
401
382
398
392
399
381
399
376
376
381
367
376
383
379
378
377
384
392
406
399
410
430
421
444
425
428
435
439
448
419
444
424
426
427
438
429
434
439
456
425
453
464
