3060
3473
2905
2746
2693
2493
2440
2383
2305
2212
2101
2000
1909
1816
1810
1802
1727
1697
1657
1631
1639
1559
1622
1600
1549
1554
1552
1513
1447
1464
1476
1431
1444
1424
1468
1377
1415
1343
1281
1300
1200
1190
1209
1202
1179
1200
1136
1149
1082
1097
1096
1121
1120
1130
1128
1133
1129
1099
1120
1068
1106
1056
1048
1016
1018
1072
1074
1097
1024
1074
1056
1119
1129
1162
1147
1160
1133
1125
1108
1083
1117
1137
1137
1108
1098
1066
1105
1074
1136
1136
1128
1078
1104
1078
1093
1062
1067
1086
1121
1071
1075
1089
1125
1075
1145
1098
1088
1076
1048
1072
1072
1120
1089
1127
1091
1112
1103
1071
1106
1087
1100
1078
1126
1047
1050
994
1016
969
1001
967
995
1014
992
971
984
933
936
849
874
826
806
799
801
843
807
805
881
841
879
818
845
837
835
832
857
861
881
864
844
849
851
872
862
854
862
853
881
846
847
828
801
836
772
833
772
839
759
807
788
812
858
866
873
884
962
900
910
868
900
861
899
894
869
876
834
837
817
818
805
826
829
834
804
841
850
844
871
826
839
798
813
780
748
744
724
738
718
697
731
692
715
692
690
700
711
681
727
731
751
710
704
700
695
713
721
779
758
794
780
826
792
768
756
720
724
727
720
717
667
666
633
622
653
641
640
594
594
573
625
599
625
617
612
559
554
558
555
570
587
572
598
583
589
597
623
627
634
610
572
617
585
570
566
586
553
551
545
566
573
566
602
602
586
599
629
609
613
607
618
627
626
614
650
596
613
583
597
622
583
564
562
573
574
593
610
627
597
604
587
594
608
618
578
577
570
598
592
584
599
595
599
615
571
594
547
572
556
560
548
581
564
549
551
537
538
556
589
582
558
566
575
580
565
573
552
571
590
583
576
578
568
586
572
548
502
491
491
488
475
478
452
456
438
428
449
426
436
434
437
457
445
452
454
452
484
463
471
475
482
454
448
429
421
426
426
418
439
427
471
469
458
482
470
483
489
477
481
478
513
503
520
498
538
529
528
521
560
530
542
536
543
536
545
518
532
498
475
467
492
483
505
501
490
508
502
503
492
510
483
470
467
476
458
481
486
473
489
512
498
493
524
508
505
534
520
536
511
525
495
508
494
488
490
521
499
501
505
517
485
494
492
451
428
425
403
412
405
417
425
437
434
458
456
448
460
461
475
474
483
498
487
480
481
473
471
492
491
504
500
478
500
470
495
500
519
517
543
495
534
499
523
484
488
483
469
492
478
498
502
476
484
460
482
464
435
426
429
414
429
427
444
418
410
418
421
427
447
431
439
423
423
416
414
418
428
429
424
441
420
427
417
415
428
415
429
438
424
436
418
403
394
395
385
393
407
400
398
419
407
406
400
414
419
414
408
408
428
447
443
454
450
428
447
440
446
446
448
417
412
415
405
412
384
387
382
383
384
387
374
397
389
394
397
417
399
393
388
386
390
387
379
362
377
373
382
367
359
373
368
374
360
374
365
366
360
361
356
355
349
362
353
367
356
358
358
359
360
352
357
343
349
351
351
353
360
362
364
375
366
375
363
371
382
391
397
377
400
398
397
413
418
423
431
434
420
408
384
395
383
400
389
408
413
427
413
433
428
414
444
407
420
409
420
398
418
418
434
429
441
421
407
403
389
402
393
391
375
385
378
390
404
388
384
365
363
368
368
387
367
389
372
390
385
383
402
402
395
400
421
427
451
450
422
427
416
418
415
403
413
407
410
410
421
419
404
418
427
423
433
416
414
422
429
419
421
434
447
471
457
462
472
480
476
474
482
495
485
500
491
463
463
455
450
463
467
472
483
489
499
509
502
491
526
475
490
456
457
453
425
426
429
408
423
397
396
392
388
403
403
406
412
416
439
421
416
424
418
426
420
456
431
446
431
435
446
442
446
430
432
436
434
422
425
418
413
410
405
397
407
402
400
419
409
422
421
435
429
444
443
426
436
435
448
443
445
424
427
414
412
419
424
414
438
431
431
432
441
458
450
418
418
427
398
418
405
412
412
443
416
444
407
407
397
419
405
398
378
382
360
373
361
372
363
380
382
378
394
390
428
399
424
408
434
402
428
417
413
436
425
442
417
405
398
405
417
402
426
410
423
420
415
380
391
389
402
385
380
410
404
419
399
416
413
409
400
394
395
397
377
371
386
360
363
339
352
345
350
358
355
375
362
367
358
362
366
376
372
375
393
394
381
382
371
383
389
392
396
405
403
413
400
395
411
398
394
399
377
387
380
387
393
389
404
386
405
381
385
379
377
386
386
395
400
426
439
453
472
515
501
513
508
520
512
489
488
473
500
465
491
481
487
470
499
486
517
520
496
492
487
507
