2961
3360
2878
2911
2729
2561
2464
2377
2190
2292
2176
2151
2155
2018
1981
1990
1871
1850
1825
1801
1804
1797
1727
1660
1572
1577
1537
1455
1443
1399
1425
1418
1481
1456
1458
1460
1464
1492
1442
1443
1353
1387
1301
1382
1281
1306
1257
1274
1260
1304
1285
1237
1238
1249
1215
1195
1158
1153
1152
1174
1140
1193
1252
1222
1189
1182
1160
1194
1171
1102
1147
1102
1142
1149
1134
1136
1118
1131
1051
1057
1064
1056
1049
1005
1007
1019
993
960
961
963
969
938
929
947
936
975
911
898
896
901
940
954
932
929
910
970
945
928
897
936
906
907
924
947
914
984
1008
1007
1008
965
1001
972
979
944
1022
977
1005
936
981
933
954
919
953
920
871
856
817
827
839
841
805
815
825
773
762
759
786
779
767
775
814
804
796
780
764
759
776
797
804
819
821
828
856
857
847
827
880
844
867
813
850
789
824
810
810
783
800
782
797
822
826
839
874
895
866
962
921
900
924
877
870
790
821
805
839
786
798
767
800
748
753
768
761
776
770
780
815
829
855
806
844
826
880
848
863
877
906
919
903
963
920
902
902
869
876
854
898
900
899
878
827
876
832
866
848
869
872
824
810
817
772
798
812
783
828
824
825
830
793
837
789
757
759
757
733
736
707
741
663
687
670
662
679
683
677
691
721
720
722
740
747
750
741
678
690
657
669
674
694
704
731
755
751
779
785
759
785
809
794
777
776
767
743
766
708
743
751
757
764
796
756
800
797
819
795
785
794
780
792
806
799
806
808
789
766
763
744
779
780
783
758
711
704
699
706
703
683
702
706
709
686
672
689
692
702
731
733
737
775
726
719
754
758
788
790
820
743
798
759
758
769
765
770
807
759
814
830
809
773
775
780
772
742
729
709
638
639
603
612
609
588
613
627
635
629
688
677
692
696
695
688
701
707
680
674
676
664
691
694
719
751
696
698
694
700
707
711
749
710
738
679
701
695
699
690
682
686
671
654
641
658
655
659
659
687
659
660
649
660
669
696
695
721
724
746
707
745
732
721
715
706
691
691
659
610
607
620
627
596
606
603
610
623
586
590
612
609
623
603
568
573
579
565
542
520
525
541
515
502
491
482
493
494
510
499
505
519
516
525
554
542
530
527
561
563
535
544
547
539
563
544
541
558
555
562
571
560
567
548
550
551
553
516
530
522
517
545
518
550
526
528
553
523
530
508
513
523
526
546
547
526
541
536
530
515
523
499
495
466
488
469
479
476
467
457
472
448
456
459
452
441
439
478
461
484
478
508
497
521
505
517
504
508
507
489
524
503
523
495
501
493
506
504
521
546
518
552
553
573
534
551
558
546
554
566
586
591
624
591
569
529
528
541
534
520
551
516
511
502
505
453
469
437
462
470
461
458
441
433
421
425
434
445
429
426
430
432
420
423
426
415
429
413
421
418
437
420
431
404
409
419
424
416
415
422
408
400
394
384
394
388
394
404
404
399
406
397
390
383
389
387
419
389
394
393
395
399
392
392
402
380
372
374
373
380
357
363
351
353
363
364
361
369
363
359
367
368
363
352
360
355
351
345
338
333
335
338
332
338
328
319
328
327
326
327
329
326
332
318
328
322
330
319
316
309
313
316
317
325
323
329
333
337
343
340
348
335
333
335
331
330
326
330
336
337
340
330
334
331
335
341
339
341
343
347
357
337
339
333
327
328
325
328
327
326
320
318
319
316
323
314
315
308
310
309
306
312
302
300
297
297
301
300
304
302
311
300
308
305
307
307
306
319
307
313
308
304
304
307
308
302
311
297
297
295
295
296
295
297
299
297
299
297
299
298
296
294
292
292
292
292
292
292
292
292
292
292
292
292
292
292
292
292
292
292
292
292
292
292
292
292
292
292
292
292
292
292
292
292
292
292
292
292
292
292
292
292
292
292
292
292
292
292
292
294
291
290
287
286
286
288
288
288
290
292
291
296
292
297
296
295
297
298
302
298
305
294
292
289
287
288
288
292
292
300
292
292
292
292
292
292
292
292
292
292
292
292
292
292
292
292
292
292
292
292
292
292
292
292
292
292
292
292
292
292
292
292
292
292
292
292
292
292
292
292
292
292
292
292
292
292
292
292
292
292
292
292
292
292
292
292
292
292
292
292
292
292
292
292
292
292
292
292
292
292
292
292
292
292
292
292
292
292
292
292
292
292
292
292
292
292
292
292
292
292
292
292
292
292
292
292
292
292
292
292
292
292
292
292
292
292
292
292
292
292
292
292
292
292
292
292
292
292
292
292
292
292
292
292
292
292
292
292
292
292
292
292
292
292
292
292
292
292
292
292
292
292
292
292
292
