2985
3433
2914
2988
2694
2708
2508
2485
2364
2331
2274
2134
2085
1986
1917
1862
1810
1760
1743
1696
1646
1652
1614
1603
1599
1501
1506
1441
1473
1442
1479
1449
1426
1463
1395
1379
1418
1379
1400
1295
1299
1275
1278
1281
1298
1323
1309
1290
1299
1232
1204
1211
1187
1216
1157
1198
1173
1228
1148
1208
1182
1183
1122
1147
1174
1177
1196
1148
1112
1144
1144
1167
1197
1181
1214
1205
1162
1149
1137
1148
1183
1196
1150
1114
1078
1120
1058
1068
1054
1046
1042
1019
1034
1034
1071
1082
1113
1036
1045
980
977
937
965
963
945
921
959
961
970
946
930
971
966
1012
977
982
1023
1016
1041
985
993
939
950
920
907
929
928
960
938
932
897
883
894
887
866
860
850
848
865
800
841
800
802
816
817
830
778
853
791
808
798
788
751
730
730
728
693
702
719
709
715
705
713
722
689
696
713
690
699
693
693
735
712
749
710
752
733
748
766
741
708
722
715
688
679
680
701
706
715
726
702
695
722
682
706
685
678
679
651
666
699
692
676
681
707
705
712
704
691
666
680
637
653
635
627
664
645
652
644
633
647
652
692
684
688
671
694
682
683
689
674
693
715
687
664
655
623
654
625
624
612
619
590
593
569
564
593
578
588
580
593
608
608
615
643
635
622
619
648
638
660
651
632
649
615
648
637
614
615
604
601
626
668
629
638
680
685
701
668
710
688
718
680
688
683
678
701
680
667
694
674
687
678
659
640
639
639
616
612
599
573
604
554
537
553
539
554
540
566
568
582
574
584
535
518
530
522
523
537
554
557
574
550
577
551
560
553
562
602
584
585
575
582
588
558
576
564
591
602
600
596
611
593
619
585
582
549
553
523
521
537
541
541
546
527
552
550
559
567
565
561
564
575
582
574
577
589
593
619
569
592
574
596
575
574
576
561
529
528
514
526
494
516
497
506
491
511
490
516
515
508
518
528
547
523
536
530
547
532
516
516
521
533
542
543
534
527
543
554
546
569
565
568
568
585
549
570
541
574
516
521
479
480
463
435
431
423
458
447
477
439
501
477
465
458
453
466
473
451
479
462
472
473
467
468
454
460
460
450
450
430
452
427
453
436
436
444
448
459
463
452
459
459
475
444
439
432
441
464
469
478
469
460
486
468
481
467
472
475
491
455
466
447
454
416
424
413
392
396
392
377
378
373
370
376
370
372
371
377
385
380
386
379
388
392
392
385
383
374
386
373
373
372
377
379
378
365
376
361
356
353
355
355
345
348
340
349
343
353
342
361
352
355
359
361
359
352
356
348
348
348
347
349
353
344
351
351
365
359
359
356
358
354
344
372
345
349
343
337
338
344
347
347
355
343
340
347
348
359
340
341
344
349
345
350
338
341
345
335
340
342
331
339
342
340
351
317
324
311
307
298
304
296
301
296
303
303
307
311
301
303
310
308
310
305
301
297
298
296
302
300
300
295
301
304
311
307
301
307
301
301
306
305
311
314
315
318
320
325
325
314
310
311
319
314
329
313
327
314
310
314
322
330
348
327
332
318
336
319
328
316
319
305
306
306
300
304
298
300
298
300
299
300
301
294
291
293
299
293
297
289
287
295
286
285
283
285
289
289
301
291
295
295
295
297
303
303
313
301
299
301
302
296
294
293
294
290
288
291
291
285
280
277
274
275
274
272
271
269
269
269
269
269
269
269
269
269
269
269
269
269
269
269
269
269
269
269
269
269
269
269
269
269
269
269
269
269
269
269
269
269
269
269
269
269
269
269
269
269
269
269
269
269
269
269
269
269
269
269
269
269
269
269
269
269
269
269
269
269
269
269
269
269
269
269
269
269
269
269
269
269
269
269
269
269
269
269
269
269
269
269
269
269
269
269
269
269
269
269
269
269
269
269
269
269
269
269
269
269
269
269
269
269
269
269
269
269
269
269
269
269
269
269
269
269
269
269
269
269
269
269
269
269
269
269
269
269
269
269
269
269
269
269
269
269
269
269
269
269
269
269
269
269
269
269
269
269
269
269
269
269
269
269
269
269
269
269
269
269
269
269
269
269
269
269
269
269
269
269
269
269
269
269
269
269
269
269
269
269
269
269
269
269
269
269
269
269
269
269
269
269
269
269
269
269
269
269
269
269
269
269
269
269
269
269
269
269
269
269
269
269
269
269
269
269
269
269
269
269
269
269
269
269
269
269
269
269
269
269
269
269
269
269
269
269
269
269
269
269
269
269
269
269
269
269
269
269
269
269
269
269
269
269
269
269
269
269
269
269
269
269
269
269
269
269
269
269
269
269
269
269
269
269
269
269
269
269
269
269
269
269
269
269
269
269
269
269
269
269
269
