2967
3324
2885
2872
2702
2664
2533
2500
2349
2300
2172
2144
2125
2060
1900
1893
1860
1896
1844
1802
1744
1741
1800
1832
1766
1722
1643
1578
1607
1588
1535
1524
1523
1487
1482
1428
1457
1383
1505
1374
1377
1325
1355
1352
1283
1321
1255
1239
1250
1256
1243
1261
1179
1198
1101
1123
1097
1049
1038
1079
1074
1128
1058
1046
1047
1005
992
977
945
952
942
942
975
925
922
977
962
1013
1017
1016
1002
1005
1014
1022
1007
1033
978
998
977
995
961
949
948
962
983
989
963
991
996
982
1040
992
978
1012
1013
998
988
986
960
985
960
937
928
912
923
917
882
885
829
844
872
854
904
880
879
867
860
835
854
848
900
906
903
901
898
902
895
907
929
881
851
864
868
860
848
860
836
855
824
856
826
808
804
811
782
754
738
743
763
749
747
770
763
767
777
788
764
811
806
831
798
786
794
782
764
755
744
755
778
788
760
817
780
774
786
806
781
781
775
787
785
764
770
779
764
802
783
782
793
758
773
739
771
799
765
807
820
837
822
858
828
811
784
781
799
785
752
747
762
780
753
772
783
777
797
759
760
784
803
808
813
809
786
776
793
761
774
803
766
813
793
797
763
747
699
747
717
728
730
750
759
757
761
805
832
766
788
786
795
802
822
841
842
855
842
861
902
880
879
884
868
822
856
808
784
800
819
786
773
759
767
749
746
745
704
739
690
706
715
726
731
713
744
728
733
778
765
784
809
824
820
834
830
847
852
817
857
824
854
826
866
857
863
869
825
814
803
810
801
748
782
770
798
781
824
841
864
856
878
839
893
888
911
882
907
899
932
930
922
930
941
954
963
973
989
976
975
999
980
954
916
880
868
892
847
819
853
841
832
839
837
829
819
814
833
825
845
830
827
811
810
824
782
801
777
808
790
794
827
826
809
822
824
806
800
799
778
719
752
700
753
693
704
657
638
608
607
556
555
551
566
561
562
565
548
556
577
560
561
551
557
575
584
571
597
596
556
570
521
526
502
513
517
513
532
515
521
481
488
471
458
464
463
497
485
487
493
484
497
491
461
457
456
459
485
471
508
496
517
491
497
486
460
487
494
498
494
494
524
480
463
444
400
401
410
403
401
400
381
383
399
392
401
406
398
408
421
406
414
388
399
400
384
387
390
378
371
377
372
394
378
387
380
372
380
371
383
406
382
389
392
397
415
403
427
400
440
418
433
422
419
407
429
386
401
376
376
367
378
389
392
390
397
393
388
378
372
373
369
358
354
353
355
364
361
374
374
379
396
398
402
404
391
395
390
383
384
389
396
415
406
417
402
404
418
418
410
397
413
416
427
426
423
406
441
400
419
421
419
405
389
395
398
393
402
393
391
398
391
400
398
390
408
398
419
400
396
396
390
386
381
397
390
396
402
414
387
398
417
414
418
400
410
404
411
410
413
400
405
383
387
390
393
358
385
365
368
368
376
369
369
360
369
391
378
386
390
387
395
415
393
383
373
379
372
356
359
355
365
384
402
391
395
404
404
400
393
379
376
371
363
361
351
362
346
361
353
355
365
344
357
349
357
340
343
338
352
338
349
350
340
345
335
337
347
344
343
340
331
320
317
321
311
316
313
314
325
316
332
323
327
325
321
333
325
330
324
329
321
324
322
327
326
337
317
320
316
315
318
319
318
321
320
314
329
311
311
312
311
303
305
305
312
304
305
306
308
307
308
311
310
317
310
310
309
312
315
318
318
322
324
334
324
331
326
336
331
340
335
345
330
332
334
334
338
342
352
347
346
352
357
355
359
352
366
360
359
356
358
357
346
347
348
344
343
334
339
335
334
349
338
354
338
343
331
339
344
339
350
350
359
352
357
351
363
356
351
359
359
371
354
355
359
356
366
370
377
376
394
388
388
396
412
415
414
399
386
384
382
392
369
372
369
372
377
369
362
378
370
377
366
372
365
356
362
351
352
336
340
332
333
325
326
319
320
312
307
305
302
302
303
309
304
304
307
308
310
313
316
313
320
316
324
319
321
312
311
315
316
317
314
311
316
311
314
307
306
307
298
294
294
294
292
291
289
289
289
289
289
289
289
289
289
289
289
289
289
289
289
289
289
289
289
289
289
289
289
289
289
289
289
289
289
289
289
289
289
289
289
289
289
289
289
289
289
289
289
289
289
289
289
289
289
289
289
289
289
289
289
289
289
289
289
289
289
289
289
289
289
289
289
289
289
289
289
289
289
289
289
289
289
289
289
289
289
289
289
289
289
289
289
289
289
289
289
289
289
289
289
289
289
289
289
289
289
289
289
289
289
289
289
289
289
289
289
289
289
289
289
289
