2937
3474
2837
2805
2653
2467
2420
2358
2343
2170
2111
2061
1961
1972
1894
1840
1777
1767
1780
1758
1750
1696
1663
1635
1641
1598
1536
1548
1502
1499
1424
1460
1447
1473
1446
1463
1452
1445
1416
1361
1376
1329
1332
1313
1290
1245
1277
1250
1330
1315
1282
1263
1240
1193
1193
1168
1149
1131
1095
1099
1120
1101
1113
1105
1064
1073
1057
1064
1073
1052
1067
1082
1046
1005
1078
1050
1043
1027
1017
1029
1018
1001
1027
1060
1057
1047
1091
1073
1091
1085
1084
1061
1076
1073
1051
1047
1038
1030
1042
1043
1011
1026
988
1042
992
973
992
1048
1043
1017
1043
1057
1028
1063
1053
1067
1068
1116
1113
1131
1070
1119
1066
1107
1025
1047
1008
1072
1013
1079
1005
1031
966
1032
963
987
1004
1003
1008
994
984
997
998
1025
974
927
937
911
936
862
956
864
933
892
917
911
867
878
879
908
930
933
902
899
908
932
920
911
942
878
922
867
838
822
810
801
801
803
785
783
788
804
804
811
784
790
774
757
784
760
731
748
744
762
755
747
734
778
737
749
718
724
711
753
732
730
776
736
817
779
823
814
798
792
762
775
769
768
727
730
713
693
690
668
687
701
690
684
673
677
612
642
600
624
591
615
615
612
597
606
580
625
577
600
594
570
592
587
571
555
560
514
509
510
493
508
481
498
501
522
516
517
541
526
567
552
550
555
556
569
567
634
620
681
637
654
663
667
691
673
702
697
711
687
651
668
651
635
643
662
665
652
643
651
638
641
645
675
667
721
698
743
696
693
725
716
762
717
728
732
747
741
724
742
710
703
683
706
683
702
676
692
685
722
667
652
669
625
648
610
635
635
629
601
585
598
594
607
580
594
577
580
574
579
584
594
612
607
590
569
583
544
509
490
510
486
505
489
500
506
510
507
479
480
479
513
497
528
502
524
489
497
480
506
507
476
474
471
513
502
487
481
474
475
463
462
479
470
479
472
465
483
475
478
477
499
486
474
472
459
453
448
455
469
467
457
458
462
451
455
428
445
437
416
418
415
421
435
454
435
464
462
477
465
475
469
453
465
452
451
458
452
433
435
433
437
425
431
437
435
437
455
469
480
470
489
462
447
430
417
413
407
425
410
407
404
409
421
415
439
447
450
445
442
442
425
416
418
413
428
414
435
429
451
442
438
441
435
431
422
435
418
421
418
416
432
432
444
453
462
449
472
446
461
433
429
424
409
403
421
407
407
408
411
428
419
412
421
424
418
410
402
388
392
401
383
395
411
427
418
419
437
426
433
428
436
433
437
452
436
445
439
454
448
452
446
458
470
479
501
494
501
483
496
502
504
504
495
498
499
491
476
446
476
463
470
480
483
478
464
489
480
516
519
509
537
522
537
549
517
546
531
516
501
497
468
484
474
496
459
467
482
471
482
485
506
488
510
481
497
488
494
499
494
487
495
492
492
485
470
488
471
491
474
474
483
475
502
455
444
452
455
458
456
466
453
455
467
466
480
491
490
507
525
497
530
510
513
541
525
525
500
507
520
495
506
494
500
510
474
498
514
535
519
538
501
514
507
498
480
478
495
479
522
495
526
480
491
465
478
486
501
504
510
491
503
485
508
521
527
524
535
505
523
520
540
553
519
533
528
541
518
513
528
533
514
522
511
524
534
528
532
530
503
536
519
524
511
527
497
519
503
491
524
513
520
520
522
510
498
480
478
471
490
494
474
450
443
442
453
456
462
458
450
459
438
468
434
462
438
451
464
449
457
465
460
477
465
471
472
463
455
453
459
458
472
468
452
454
451
457
451
464
453
456
447
447
437
433
414
393
399
396
395
391
395
386
391
388
387
391
392
402
404
422
420
424
426
430
422
435
442
452
439
449
445
458
465
462
459
451
436
445
440
444
430
418
437
427
431
424
406
431
420
430
419
417
437
442
420
436
414
399
415
424
435
449
442
479
440
453
443
457
446
461
463
476
485
495
499
523
540
511
516
521
526
503
505
484
505
466
476
467
474
480
457
457
463
445
459
468
456
441
445
432
438
428
393
407
413
433
409
426
425
431
413
410
404
393
392
405
395
384
390
394
401
388
412
389
401
401
406
395
399
401
403
416
391
414
410
425
412
432
413
415
415
426
430
445
444
455
439
443
460
466
447
467
471
484
472
493
497
494
495
513
523
511
505
523
519
544
534
548
566
550
536
536
554
526
525
529
542
531
536
524
511
488
486
487
489
486
473
492
486
471
472
458
474
455
456
433
436
438
434
437
444
433
426
431
433
442
442
447
448
452
443
445
453
445
450
435
440
425
429
423
443
437
437
443
437
437
431
441
454
460
470
472
479
487
493
498
503
495
520
511
494
499
481
484
488
