3045
3520
3028
2966
2679
2646
2535
2442
2376
2315
2195
2185
2060
2004
1919
1843
1853
1852
1764
1782
1681
1624
1560
1568
1587
1541
1562
1516
1535
1451
1443
1396
1366
1357
1317
1334
1338
1266
1252
1228
1167
1105
1096
1037
1019
1024
1060
1049
1042
1029
1004
1012
947
948
928
945
936
961
970
980
984
1006
961
979
925
948
958
941
952
916
912
914
983
933
958
946
1002
960
1043
1022
1007
1041
1045
1043
1060
1005
1035
1011
954
940
912
970
947
954
917
871
844
849
806
848
851
822
816
868
858
840
792
818
785
800
782
809
739
760
766
775
755
779
764
793
768
801
810
828
765
811
810
761
793
758
789
821
784
818
800
777
796
828
790
807
785
783
796
786
835
837
859
860
840
836
819
887
841
890
869
857
826
873
845
859
821
850
811
852
763
802
759
789
734
725
749
736
769
758
818
802
810
819
821
849
829
856
871
878
854
873
855
834
869
812
839
785
766
810
832
859
844
816
841
795
805
816
816
811
806
779
794
770
801
817
800
749
764
755
741
748
703
716
707
699
678
652
666
653
633
625
634
666
668
696
697
695
704
690
739
698
739
724
740
736
733
710
720
691
744
709
711
758
756
715
733
727
710
726
732
683
724
684
682
636
641
620
619
615
630
605
602
587
590
571
542
563
580
588
596
582
592
593
578
590
580
574
567
570
573
579
538
560
546
575
560
559
542
563
545
570
567
579
578
601
610
576
588
587
582
614
607
600
567
589
586
611
600
586
603
585
573
539
550
543
547
548
577
576
561
578
579
577
616
599
589
581
589
564
577
560
557
564
562
560
567
569
561
557
548
539
540
560
559
577
563
587
573
590
570
557
569
565
578
596
590
595
583
585
595
578
607
605
617
603
659
645
660
655
682
657
675
691
704
690
686
679
697
680
715
658
703
681
664
692
675
665
662
675
688
688
685
687
658
642
640
635
653
679
671
691
683
690
665
677
666
649
681
654
686
640
659
644
665
657
656
641
642
618
600
620
628
617
633
622
631
660
682
663
637
611
613
615
589
606
628
624
662
636
674
657
725
663
711
677
719
685
667
604
620
586
595
559
579
566
580
583
555
556
567
554
539
542
540
577
571
578
617
603
660
637
609
603
600
574
599
605
595
602
582
587
619
579
591
597
634
592
588
559
560
528
540
543
534
539
556
559
559
550
537
514
525
534
533
577
534
552
531
520
530
541
581
564
588
553
555
560
590
570
579
584
606
593
589
566
577
592
588
611
644
637
608
578
589
585
611
634
643
658
658
698
696
672
679
706
699
732
743
803
817
772
811
777
816
839
802
756
780
809
801
810
809
832
858
832
831
857
852
829
824
806
806
809
776
790
802
796
854
816
872
850
854
842
819
824
806
757
781
756
741
741
760
759
774
763
792
761
795
787
836
745
761
726
721
700
650
682
661
636
615
623
626
633
631
609
588
609
598
620
571
596
606
626
641
689
698
723
707
693
690
679
670
696
692
722
716
705
706
707
715
722
761
748
783
791
802
799
841
826
770
762
767
761
741
793
727
780
783
793
803
832
837
857
830
834
832
836
849
819
864
847
892
862
884
906
871
892
835
852
859
869
871
815
812
812
839
819
809
802
825
797
848
819
848
741
761
728
752
753
747
757
764
761
779
750
765
757
775
797
739
726
711
730
726
715
716
730
699
687
720
711
701
694
701
740
738
739
710
729
736
758
764
760
746
788
759
752
757
757
766
753
739
718
717
700
673
656
661
656
667
645
660
650
646
581
617
618
627
640
606
653
627
633
652
649
664
655
656
648
693
641
691
640
638
664
693
675
667
668
693
641
678
673
673
642
641
617
605
619
584
618
602
607
592
614
649
630
655
643
648
645
617
657
658
627
599
572
569
582
589
587
536
547
554
542
558
589
586
589
588
585
568
526
526
525
510
527
515
494
486
469
496
483
502
512
506
513
510
511
543
534
526
528
528
551
564
580
556
586
543
549
564
535
547
561
542
571
580
586
586
621
573
543
559
554
581
576
593
579
575
552
548
551
592
610
600
601
619
595
583
585
575
581
563
549
535
549
537
538
541
560
531
547
530
543
522
542
528
541
522
522
537
523
521
510
524
534
525
536
492
508
519
511
488
486
494
498
498
488
477
503
494
521
489
473
457
444
423
443
437
453
477
484
454
481
493
497
473
447
435
434
440
453
446
463
461
486
493
497
507
515
502
514
542
532
598
556
595
569
590
534
512
537
497
496
499
489
483
505
494
467
489
495
510
496
486
486
483
504
515
515
477
475
472
464
486
474
466
474
482
484
494
476
513
498
