3037
3551
2978
2872
2652
2589
2568
2466
2360
2331
2361
2131
2119
2109
2004
1951
1850
1751
1701
1679
1730
1628
1588
1572
1579
1525
1556
1479
1465
1432
1430
1355
1347
1310
1261
1232
1199
1147
1188
1182
1179
1115
1077
1116
1103
1024
1045
1027
1009
962
959
987
1007
986
960
988
993
1002
974
934
922
868
907
901
909
911
901
904
914
904
911
889
882
861
832
851
824
866
822
831
825
839
828
877
823
845
845
833
836
779
786
758
744
770
784
761
762
742
761
768
774
798
762
754
755
769
778
793
744
734
756
744
781
754
746
758
783
758
788
801
793
796
790
773
791
804
776
806
776
767
754
765
762
744
748
715
728
722
751
748
745
742
732
758
760
730
733
699
701
670
706
701
738
717
708
715
716
700
709
673
671
697
685
672
680
655
664
641
620
627
654
664
666
678
692
681
692
669
673
673
684
685
673
707
692
671
649
660
631
625
601
595
615
610
599
611
607
617
577
576
570
577
565
598
607
578
585
609
628
603
617
576
605
581
592
533
532
538
539
549
551
558
545
563
569
581
564
576
588
591
583
612
599
625
582
570
581
587
558
577
565
596
596
613
606
660
630
632
642
599
616
615
623
620
658
635
672
651
620
602
606
600
570
565
560
567
562
560
588
587
579
596
578
595
589
572
573
590
589
562
585
538
552
545
561
566
555
557
518
544
573
533
543
517
519
549
525
558
547
561
557
566
581
563
585
573
580
595
587
596
546
563
546
561
559
546
548
566
528
557
549
551
556
556
576
530
511
508
496
486
482
472
472
486
480
482
443
469
461
478
474
496
475
465
466
464
455
468
471
482
472
492
463
460
448
444
434
423
432
411
414
393
401
383
399
384
390
372
378
365
367
367
358
370
371
372
383
368
379
372
375
382
388
412
412
402
383
376
375
392
367
380
386
398
403
409
425
389
393
395
398
401
384
386
386
381
363
363
376
370
380
378
386
378
400
398
403
367
354
349
353
348
350
350
368
359
384
370
398
382
397
405
422
406
426
423
427
433
432
446
451
452
457
458
478
464
469
472
472
486
483
499
502
501
504
515
527
531
527
517
555
532
541
528
529
505
543
495
496
503
471
476
478
484
503
483
487
498
509
490
533
507
513
524
541
559
578
553
523
555
544
554
533
547
516
542
527
538
536
542
532
558
560
542
577
551
589
556
542
531
567
577
584
594
588
573
548
563
558
586
547
581
592
571
600
605
584
614
582
593
599
565
544
509
525
503
534
507
535
528
564
524
557
532
562
536
571
536
530
510
527
513
454
453
470
472
495
512
529
509
521
497
511
524
497
505
533
536
568
574
592
548
576
558
572
610
609
633
618
636
616
638
622
656
620
633
574
582
527
542
523
505
505
520
545
555
586
564
556
565
568
592
548
566
571
562
542
571
510
538
509
544
523
517
552
511
528
478
507
487
488
482
510
479
497
481
467
455
491
476
476
491
478
470
461
487
501
518
489
483
493
492
500
494
516
504
475
482
460
482
456
464
467
470
454
459
437
461
442
444
455
478
499
500
526
520
550
553
541
536
549
563
568
582
600
616
615
601
611
648
591
590
590
581
610
569
552
576
548
549
540
521
535
523
531
517
512
537
543
523
515
516
545
526
545
538
547
557
540
570
560
560
572
554
537
549
549
547
553
540
542
546
555
538
518
538
530
542
540
559
564
595
579
585
572
604
560
569
526
544
523
531
483
507
493
505
513
511
514
517
528
530
523
497
483
464
471
482
482
502
491
514
506
526
517
523
519
535
512
528
524
559
517
519
492
505
511
481
493
473
489
497
481
483
490
512
464
493
485
478
480
481
463
477
496
493
489
481
485
466
477
508
514
480
497
511
490
499
486
501
490
510
489
479
476
487
507
513
511
526
519
527
529
556
538
538
541
532
520
522
523
500
518
480
494
478
504
511
498
524
504
505
504
503
478
493
501
511
512
518
527
526
551
511
540
537
526
533
554
560
558
581
551
568
560
548
546
576
550
537
577
547
566
563
589
586
598
599
626
597
646
602
632
553
566
587
569
562
590
596
560
566
563
574
595
593
555
553
543
558
567
569
550
558
538
546
538
509
533
530
538
531
536
503
521
512
519
502
506
512
517
520
534
517
543
539
545
535
547
535
546
525
520
528
534
566
555
553
567
583
577
576
579
559
551
538
555
508
511
506
477
489
462
488
485
477
494
489
514
490
493
482
447
442
430
438
469
459
472
489
496
487
503
532
526
561
566
562
551
553
554
570
591
594
560
566
569
577
584
574
572
574
590
609
615
635
641
620
617
613
