3037
3519
2980
2971
2825
2659
2535
2539
2477
2479
2309
2241
2180
2189
2149
2080
2109
2009
2036
1903
1828
1767
1736
1712
1716
1752
1659
1628
1627
1585
1564
1478
1444
1405
1325
1314
1338
1323
1249
1236
1173
1200
1193
1187
1136
1150
1175
1156
1176
1183
1127
1165
1102
1172
1088
1110
1112
1177
1096
1165
1138
1149
1187
1184
1211
1208
1169
1153
1230
1218
1201
1254
1211
1220
1203
1156
1174
1116
1131
1135
1158
1150
1116
1068
1070
972
978
961
955
977
967
1000
1047
1021
1017
989
1009
976
982
931
918
856
851
839
823
800
810
783
808
776
730
752
702
753
730
756
705
676
693
702
756
754
749
775
781
733
751
745
743
705
716
696
695
726
713
667
669
653
678
669
681
708
730
716
757
773
793
767
798
767
771
773
774
766
772
778
747
746
743
739
748
735
729
674
721
657
671
645
638
657
681
670
693
685
667
675
676
670
689
624
669
617
628
621
618
614
627
659
658
694
643
670
669
686
659
681
722
740
771
749
779
762
740
754
712
692
712
711
693
676
658
676
632
633
632
621
594
621
611
626
617
653
589
630
615
621
614
609
641
630
667
611
637
615
619
618
640
640
608
601
604
611
607
646
637
661
618
649
641
675
682
671
683
672
676
672
677
714
705
712
653
659
654
656
653
671
691
684
710
684
662
650
653
618
603
594
595
556
567
564
556
550
524
501
493
485
486
499
508
510
503
503
501
484
501
483
472
481
493
479
500
500
512
514
519
533
524
529
532
525
542
543
550
544
543
558
569
575
561
544
575
549
557
557
564
539
566
545
559
545
576
556
547
568
596
593
590
621
591
657
624
696
642
653
635
619
641
650
667
669
672
635
645
634
614
588
581
592
589
604
581
601
604
582
589
588
626
578
586
580
573
589
588
583
633
605
583
586
565
570
563
566
535
558
580
591
570
553
565
568
593
593
585
591
569
559
558
560
555
560
572
567
575
534
536
583
587
627
625
603
608
610
590
607
602
605
561
551
563
550
583
569
594
580
561
564
534
565
548
530
517
527
527
525
532
526
543
514
510
487
511
494
490
499
512
490
509
486
486
490
515
502
512
539
521
509
497
498
492
482
459
476
467
455
466
471
478
508
511
504
507
491
489
495
492
468
484
479
463
485
476
477
463
471
457
438
434
430
421
411
417
426
406
424
393
406
404
407
417
410
416
413
414
406
439
423
454
420
426
430
415
431
431
462
431
487
446
471
432
429
411
412
397
415
399
412
405
426
388
371
385
386
383
367
370
381
384
372
389
400
404
413
409
421
420
413
421
434
413
398
402
397
400
389
394
393
386
383
395
417
415
428
427
414
430
431
438
424
442
433
427
416
439
403
413
407
422
428
430
445
439
480
456
441
429
433
440
424
396
427
416
432
418
387
399
396
413
416
416
411
420
426
409
408
416
405
403
404
407
417
411
430
422
449
429
450
448
437
440
453
453
460
465
470
458
459
463
441
413
422
412
430
429
436
423
435
440
455
447
462
471
468
469
485
463
439
448
438
437
443
452
426
457
450
444
453
446
474
465
475
460
490
494
498
467
483
467
502
490
509
488
476
500
500
499
515
482
496
516
504
493
476
450
455
467
462
427
431
410
414
403
411
405
415
407
423
415
439
403
419
399
399
411
421
414
419
419
429
417
429
425
422
431
425
436
446
445
439
458
464
470
472
485
479
458
491
487
493
477
483
497
472
453
479
456
472
446
472
463
448
460
460
439
444
416
427
415
411
388
398
382
396
408
405
397
402
395
392
429
414
409
406
408
422
433
424
421
424
446
423
443
424
445
416
420
416
406
427
393
397
404
414
411
417
410
401
390
418
405
419
427
431
412
415
412
408
409
416
413
422
427
440
428
426
432
422
417
408
417
403
403
400
416
408
426
418
400
419
386
384
379
377
374
374
376
369
375
372
382
371
376
361
356
351
357
360
371
372
360
370
346
353
343
340
348
335
345
334
335
333
328
321
304
297
299
302
308
315
316
321
317
316
324
330
320
318
322
318
313
318
323
330
329
338
353
363
367
365
361
344
342
340
343
339
347
352
348
378
358
372
360
368
349
347
341
346
337
344
338
351
336
352
347
346
338
328
326
330
332
333
343
347
348
342
338
328
339
334
344
334
350
339
360
349
347
351
366
366
369
377
372
387
382
388
369
388
385
402
381
390
371
368
357
354
368
346
345
338
324
331
320
324
323
319
308
305
326
309
306
293
297
292
293
294
289
296
295
309
298
288
295
277
275
274
274
278
277
284
277
279
274
280
281
279
282
285
283
288
281
285
279
279
274
286
271
266
266
264
267
266
