2998
3466
2873
2998
2651
2617
2481
2452
2344
2212
2180
2153
2029
2032
1990
1946
1933
1800
1755
1615
1611
1654
1643
1637
1610
1578
1616
1637
1642
1597
1618
1597
1522
1537
1469
1448
1422
1465
1457
1444
1431
1391
1342
1361
1339
1268
1299
1292
1339
1380
1404
1455
1401
1431
1382
1411
1353
1331
1260
1237
1268
1249
1266
1261
1240
1260
1171
1155
1187
1171
1130
1156
1124
1081
1059
1061
1072
1043
1081
1058
1143
1076
1142
1117
1096
1092
1105
1076
1113
1073
1123
1106
1108
1070
1099
1017
1054
1046
1060
1020
1049
1022
1012
1008
972
1009
957
960
960
953
918
954
921
944
944
981
947
990
924
943
963
957
925
950
945
987
969
966
946
911
949
865
854
834
796
811
754
738
742
772
748
791
779
767
781
814
777
825
759
795
800
815
828
846
808
859
831
850
830
880
823
855
873
873
909
953
914
946
922
913
902
939
939
909
955
947
960
972
883
884
842
880
867
902
851
823
791
810
768
770
760
728
764
744
727
732
750
696
711
692
750
714
737
755
734
757
752
740
734
781
747
777
742
756
746
752
746
735
728
702
668
706
694
717
725
758
706
716
734
712
712
728
717
731
755
730
741
710
716
712
707
708
750
764
753
699
689
685
697
702
712
692
681
680
666
712
721
765
772
824
822
821
800
791
768
763
767
765
782
750
775
767
778
743
785
786
771
747
774
737
743
743
777
725
753
768
737
757
788
771
770
797
779
818
814
833
805
795
789
775
811
769
770
712
714
704
680
705
708
731
712
739
762
744
735
741
693
708
676
685
687
667
673
664
698
679
692
683
659
682
663
712
688
707
699
720
705
723
690
719
715
683
717
700
702
738
696
714
693
726
704
719
711
686
674
651
667
694
657
659
638
639
612
624
629
626
639
646
661
653
666
675
667
699
675
686
672
668
657
664
668
652
657
645
658
641
630
648
682
673
685
667
669
688
665
707
705
677
665
659
637
627
620
605
606
594
603
599
609
600
572
568
563
560
582
572
568
583
560
596
551
569
559
564
571
569
598
619
586
587
612
615
588
601
607
568
584
587
576
592
584
582
613
621
612
617
616
621
630
635
630
658
613
608
595
599
581
605
620
615
648
645
651
629
648
627
641
627
620
651
627
601
603
607
615
648
645
678
628
682
661
690
658
658
607
613
588
597
598
617
643
642
635
642
670
667
720
701
772
758
794
807
803
833
787
779
761
783
719
728
715
749
714
712
767
738
771
751
741
758
741
724
736
747
748
744
764
727
759
761
753
713
721
718
736
731
738
749
698
727
709
704
676
693
678
700
680
676
648
719
687
716
697
737
658
627
645
636
640
633
662
688
645
663
644
650
658
674
665
673
645
628
648
630
655
682
698
689
685
663
660
655
665
685
674
683
688
660
693
680
695
713
715
728
717
748
686
705
685
716
690
693
691
700
698
704
729
776
751
758
724
732
775
759
773
754
784
798
832
763
786
757
778
714
756
723
734
754
731
741
744
741
761
721
726
724
731
703
660
692
681
682
686
716
707
706
692
673
698
649
669
665
662
664
659
658
668
676
662
695
673
658
683
667
683
665
676
653
675
646
677
654
671
683
666
694
670
687
673
670
649
682
674
685
678
683
695
653
638
663
628
637
653
619
625
606
640
600
608
576
564
554
563
563
599
609
588
610
626
621
621
664
649
659
623
644
630
632
622
666
643
697
653
673
682
696
692
721
736
675
663
664
674
702
683
678
688
702
697
716
688
667
672
651
644
628
648
621
612
589
608
604
579
583
607
571
575
575
570
558
555
567
595
574
582
595
577
595
597
611
629
609
598
561
565
566
611
568
567
547
557
561
582
625
578
590
608
625
655
628
602
611
628
609
608
618
609
588
610
571
596
575
589
545
550
565
550
560
546
554
552
536
544
567
559
544
505
516
513
527
486
492
483
494
510
513
516
521
537
539
535
519
533
504
524
529
532
534
531
546
529
544
521
547
525
539
525
510
527
521
511
516
529
518
508
530
517
521
518
529
521
558
521
555
536
533
535
520
536
528
514
507
511
516
539
509
512
535
537
549
557
535
548
507
510
545
524
551
508
499
486
503
532
513
515
516
522
528
537
541
553
534
554
524
554
531
568
562
583
579
545
563
531
521
489
501
499
499
469
498
466
485
482
523
515
517
499
506
495
490
505
504
514
517
546
525
521
540
506
558
497
526
533
546
552
527
544
562
563
573
577
559
563
531
509
518
512
508
515
508
518
503
522
499
510
511
499
507
515
516
496
515
507
504
520
494
526
479
508
492
490
480
519
468
471
472
478
503
501
497
519
498
515
516
525
531
548
512
545
501
