2948
3443
2813
2937
2761
2594
2545
2440
2304
2232
2163
2083
2106
2057
2031
1967
1957
1869
1867
1758
1786
1677
1663
1652
1612
1660
1633
1604
1582
1554
1519
1493
1465
1433
1480
1437
1448
1424
1399
1364
1411
1377
1377
1308
1310
1313
1281
1330
1234
1240
1186
1197
1182
1160
1174
1182
1217
1216
1299
1211
1194
1213
1208
1195
1211
1155
1196
1236
1216
1257
1241
1212
1162
1227
1193
1168
1222
1175
1182
1114
1130
1135
1154
1131
1158
1197
1156
1116
1141
1128
1102
1083
1066
1017
1048
1032
1023
1014
958
988
984
978
980
938
998
999
1030
1015
1039
1034
1044
989
1013
952
957
969
1008
961
999
1069
1032
1043
1030
991
1057
1030
1063
1017
1044
1000
1031
987
992
972
1005
1025
1029
1038
998
966
997
987
979
1028
1008
1072
1059
1072
1033
1050
1020
979
958
957
924
954
928
945
927
902
952
895
878
865
848
909
908
909
878
857
832
850
828
818
803
813
786
803
812
803
828
816
845
825
851
831
831
834
844
820
871
842
878
840
882
859
851
861
824
857
816
802
817
815
781
775
794
768
787
822
787
797
793
819
775
789
750
785
782
801
828
842
886
884
921
910
888
874
861
848
848
846
908
876
928
870
895
830
825
866
861
896
812
837
850
905
924
951
933
910
864
881
898
894
906
898
893
896
954
906
879
883
908
878
880
833
819
848
837
854
826
833
836
817
818
812
812
784
812
799
796
796
798
808
827
839
848
875
874
908
878
813
825
823
862
840
858
901
872
902
872
847
876
843
846
853
827
829
801
785
747
777
777
785
782
778
766
774
784
783
791
765
794
766
796
695
714
688
755
729
713
678
725
659
684
690
712
762
732
778
712
712
756
736
752
732
780
773
798
780
777
763
833
808
825
743
745
751
732
728
719
693
698
676
697
688
698
665
692
686
675
716
690
720
723
749
765
747
738
743
740
740
707
722
718
755
761
727
754
713
699
710
692
683
656
633
633
604
627
620
627
603
647
580
586
582
572
598
575
616
559
555
549
564
570
582
563
551
531
528
551
563
567
592
587
557
552
533
537
537
540
551
536
549
538
526
515
506
511
527
533
522
492
492
479
486
488
486
487
479
480
492
491
495
512
514
492
500
477
491
504
521
546
547
556
543
544
553
569
555
558
554
581
551
555
536
515
508
485
514
466
467
467
463
462
468
471
451
445
440
435
434
457
448
495
439
451
446
426
428
417
387
415
447
433
413
430
428
441
450
464
458
446
452
436
423
411
427
435
396
403
401
420
412
419
411
431
420
405
392
400
394
400
394
398
424
394
395
400
416
423
424
426
435
437
453
420
426
436
444
452
444
470
441
450
451
468
473
475
459
470
454
480
469
474
478
471
484
470
477
483
480
470
487
478
480
498
512
509
497
483
471
489
486
492
502
516
516
526
511
522
518
507
489
492
489
480
471
487
483
489
471
511
468
477
482
458
447
434
435
401
392
387
380
390
385
391
404
397
397
388
425
405
422
430
423
416
422
416
403
378
377
394
389
390
394
398
417
427
421
412
432
435
443
420
409
428
421
418
433
449
432
439
437
453
439
464
428
431
440
419
440
454
454
446
438
447
452
445
463
474
516
476
509
484
489
504
489
469
465
482
490
493
508
485
490
486
490
466
427
431
424
430
412
437
436
436
455
413
436
433
468
468
483
489
495
470
490
490
480
496
486
500
501
510
499
496
476
480
465
496
484
490
482
488
463
471
472
490
482
504
499
527
493
488
482
462
461
451
451
440
447
461
485
450
465
454
465
470
456
496
494
464
474
469
493
471
497
496
511
512
507
524
503
529
521
502
498
511
501
514
514
509
514
542
544
543
549
561
585
591
619
617
631
618
613
636
636
568
579
590
564
577
560
580
583
603
575
585
597
613
572
575
567
590
563
571
577
566
593
559
546
507
526
499
492
521
508
507
504
507
527
528
503
494
490
477
501
489
465
464
475
468
494
480
497
481
483
477
469
484
527
494
510
500
509
509
479
510
485
497
479
480
477
465
457
461
480
465
474
479
481
485
466
478
482
486
486
506
508
521
538
536
522
523
520
520
494
504
519
487
509
497
543
517
538
547
582
532
554
530
519
503
485
502
504
515
522
526
557
551
575
574
596
615
601
625
605
611
604
616
613
624
648
639
634
653
606
597
612
594
585
549
564
576
592
553
565
573
579
591
589
616
598
609
606
626
585
598
612
609
600
636
593
640
597
633
606
631
600
668
627
652
666
662
672
659
636
642
598
589
620
627
624
578
553
586
557
540
539
552
543
550
537
565
564
531
532
528
544
542
555
555
567
577
575
554
578
565
571
598
561
587
553
586
575
594
605
589
613
