3016
3493
2909
2893
2645
2610
2465
2432
2322
2257
2129
2066
2041
1947
1862
1849
1833
1746
1748
1671
1705
1629
1537
1473
1461
1411
1402
1385
1398
1423
1393
1407
1394
1382
1419
1404
1390
1345
1344
1293
1289
1286
1304
1327
1296
1239
1214
1224
1224
1214
1192
1132
1129
1144
1113
1123
1105
1073
1043
1023
1055
1058
1051
1042
1025
1061
1012
1008
1005
1009
973
982
987
985
936
947
938
899
890
897
877
897
937
869
885
871
894
877
893
936
890
869
889
938
906
906
920
970
942
966
966
914
977
886
885
843
890
859
880
833
838
778
773
796
779
773
773
734
707
729
768
777
734
727
730
779
789
796
831
847
860
791
786
771
788
819
814
860
859
891
893
936
936
946
1012
972
989
975
965
947
928
953
990
1004
996
977
982
1015
1012
1034
972
993
968
1027
987
933
944
922
862
926
848
923
877
916
941
916
855
911
874
904
862
844
870
870
869
888
867
872
804
894
844
891
812
862
854
844
803
818
794
781
752
744
741
768
789
775
755
714
761
727
765
758
768
790
784
745
779
744
766
754
798
782
763
761
781
808
811
818
843
872
827
824
798
831
833
867
922
882
863
879
850
898
811
851
799
822
816
807
804
819
745
772
736
779
733
753
768
787
790
810
797
823
804
835
807
852
834
875
858
842
864
855
889
889
854
857
888
902
906
951
901
880
886
890
924
905
877
907
875
887
869
875
890
910
863
848
838
839
826
880
808
880
806
853
806
803
804
813
799
811
791
795
818
792
797
763
745
802
789
805
774
763
794
805
790
787
793
791
787
776
776
734
721
735
751
732
739
743
738
782
751
771
771
761
813
834
880
813
873
822
856
827
840
782
853
812
849
811
829
836
874
848
843
821
867
826
802
798
845
796
813
773
789
796
825
877
864
869
903
897
867
834
810
819
749
759
760
753
756
769
800
768
777
740
776
788
783
742
780
748
747
755
776
797
800
832
847
837
880
844
858
891
865
899
891
920
874
849
855
834
854
836
887
870
882
844
860
832
843
857
864
901
906
929
933
952
937
966
975
966
1000
984
976
987
1035
1016
997
988
1041
1037
1034
1019
1061
1059
1078
1029
981
955
918
916
944
946
946
939
997
947
1007
997
1036
974
953
925
992
902
944
891
896
882
874
835
839
800
832
833
873
871
843
838
813
820
855
840
848
885
856
949
914
945
906
929
961
933
920
913
841
866
841
855
833
804
813
808
789
774
788
797
773
800
787
815
822
804
777
755
765
808
760
785
757
802
789
791
817
807
780
764
745
786
781
772
760
793
780
763
740
722
716
725
744
718
732
684
738
724
744
699
699
749
735
746
727
720
734
701
712
756
760
790
745
842
785
859
814
899
817
851
828
806
766
798
776
783
782
809
805
777
787
744
742
728
697
726
692
668
713
693
692
706
697
730
688
638
659
644
603
616
613
642
625
641
618
612
613
613
640
631
653
666
629
637
603
613
626
625
602
591
600
597
604
601
577
587
579
546
535
553
538
542
526
571
558
570
542
524
518
556
528
518
527
518
548
549
583
558
605
612
595
631
595
594
628
602
646
609
600
587
578
610
591
596
610
628
600
612
635
645
630
674
627
667
680
687
681
640
659
641
655
658
657
641
669
620
654
651
656
622
664
660
678
655
630
576
585
576
598
594
613
600
616
606
629
605
618
570
576
551
554
567
563
556
581
556
576
559
562
531
538
550
555
555
556
557
525
537
506
550
530
513
503
480
474
465
482
471
463
467
473
452
412
425
396
387
401
386
403
394
394
398
412
387
416
401
412
405
414
426
439
410
412
414
421
401
419
394
395
391
391
392
401
407
389
408
406
401
403
381
396
395
393
408
422
415
438
448
448
449
435
445
437
445
463
459
457
459
473
478
482
475
486
498
538
482
503
487
507
510
506
504
475
522
501
521
500
511
510
507
499
496
482
472
457
442
425
406
428
434
424
438
444
464
455
514
510
530
502
523
505
502
478
494
493
486
506
480
477
489
489
512
494
525
492
502
500
520
499
536
516
516
521
518
480
511
504
511
488
503
510
528
505
514
514
514
516
526
544
522
504
531
490
494
491
504
482
484
491
505
502
473
510
512
533
526
547
564
522
548
525
554
535
527
516
495
507
494
486
492
516
488
506
528
556
527
562
524
511
520
496
502
504
522
516
499
511
501
488
466
471
484
479
468
463
467
439
427
422
428
440
418
428
418
418
432
438
440
428
439
424
453
437
455
453
466
438
450
431
423
431
442
461
482
467
491
490
480
503
483
489
472
459
433
457
459
462
470
439
443
463
451
461
475
470
485
492
505
479
480
512
508
509
521
