2999
3451
2895
2932
2807
2618
2509
2435
2372
2314
2190
2139
2159
2126
2069
2020
2023
1964
1834
1867
1743
1769
1672
1677
1690
1626
1666
1662
1710
1616
1620
1624
1627
1644
1641
1643
1632
1627
1599
1550
1525
1474
1557
1531
1577
1531
1626
1562
1586
1552
1555
1620
1543
1483
1523
1529
1500
1517
1461
1437
1442
1349
1323
1349
1315
1309
1262
1234
1261
1292
1311
1283
1270
1247
1218
1265
1235
1225
1205
1187
1174
1144
1140
1090
1131
1078
1075
1059
1051
1041
1100
1079
1114
1047
1072
1034
1014
1022
1032
994
934
953
965
982
976
947
928
956
977
981
1001
951
988
920
953
921
908
933
942
964
937
993
952
940
975
947
947
952
947
924
930
901
876
842
837
836
854
831
850
835
895
898
951
923
925
918
931
926
933
963
906
905
900
880
887
832
828
702
710
694
723
710
731
742
747
778
792
828
833
807
816
832
843
786
784
804
783
778
757
770
826
810
794
778
763
743
747
738
701
734
711
721
738
735
783
733
737
731
700
708
712
731
692
699
692
698
724
698
728
702
701
706
719
738
696
701
686
731
702
755
729
719
696
711
678
704
703
689
700
687
743
725
753
790
840
801
792
822
811
799
784
829
807
821
812
804
811
815
841
804
844
774
768
763
772
795
800
800
829
829
827
864
810
810
822
824
868
854
896
881
923
882
903
869
860
845
812
816
813
774
784
790
810
797
816
800
818
769
794
767
794
734
741
736
721
751
729
766
740
710
698
686
669
685
705
707
687
717
712
746
750
790
736
780
696
718
687
742
754
758
773
788
793
799
789
807
768
796
779
828
799
813
803
840
820
778
804
779
803
801
781
804
810
824
797
812
834
853
808
829
795
818
802
827
783
782
760
751
757
747
764
795
794
768
778
766
774
741
746
779
752
746
740
745
735
734
709
777
684
704
686
705
679
656
675
654
646
610
636
606
601
555
580
533
556
533
552
538
515
534
525
518
535
509
509
535
560
526
513
492
504
462
473
452
479
448
456
449
437
437
438
453
431
434
448
458
462
474
474
490
472
481
482
481
484
478
485
472
482
470
482
483
499
483
506
506
498
471
485
491
488
494
480
499
511
529
482
478
459
458
463
462
477
466
465
449
438
466
472
503
490
481
522
512
528
536
531
562
551
556
536
558
556
570
538
583
555
582
537
555
499
514
527
531
515
532
532
557
542
556
558
542
516
531
528
510
517
504
510
532
503
517
491
482
489
505
476
487
485
481
467
476
474
526
496
532
509
526
533
532
527
510
514
508
506
528
532
533
527
505
484
482
485
451
471
447
436
432
442
442
457
450
441
467
458
469
467
494
474
503
477
473
465
445
459
458
470
476
487
466
487
445
441
437
458
444
453
452
440
461
457
464
460
469
458
477
472
475
478
495
464
464
449
429
432
415
442
429
408
422
409
419
421
414
424
418
415
431
420
428
425
427
456
458
474
481
471
490
477
462
458
458
459
443
442
453
440
445
437
450
450
460
461
460
462
465
474
481
460
490
485
487
511
515
535
519
543
524
540
533
535
546
535
553
547
525
516
515
498
501
498
513
513
504
496
498
503
490
524
517
551
534
542
553
559
556
577
560
559
558
531
534
557
566
574
561
558
566
577
573
572
561
547
518
512
509
501
527
506
489
478
480
472
481
454
449
444
448
447
467
457
451
452
456
453
441
437
463
433
427
417
426
427
398
425
418
421
423
408
398
392
388
380
380
398
379
394
399
412
427
437
421
438
431
457
453
471
456
463
502
484
491
478
503
491
499
515
513
531
521
533
475
480
487
491
485
519
510
533
513
546
517
494
525
490
482
487
493
530
526
525
528
550
541
576
587
564
555
560
560
580
553
525
532
533
518
524
541
511
522
543
561
570
567
592
569
616
581
595
599
623
598
614
576
616
572
621
583
615
573
585
565
555
551
512
493
458
450
464
460
483
495
510
487
496
494
493
484
523
500
512
519
509
495
479
524
487
485
471
468
492
506
492
507
520
486
521
517
530
499
537
520
559
550
573
552
542
560
532
566
554
560
570
592
560
562
535
551
523
559
559
582
566
585
606
601
600
625
624
604
599
599
593
585
600
608
634
604
632
620
597
560
568
565
591
608
603
618
651
650
603
618
645
665
682
675
710
657
696
655
690
625
622
672
648
617
598
603
636
613
633
595
691
614
647
619
615
591
616
577
570
573
584
577
566
564
549
554
566
537
554
505
488
512
511
503
515
509
516
503
523
516
519
527
552
537
559
539
559
541
551
563
561
556
573
591
579
563
547
554
540
552
568
563
592
559
569
558
575
559
582
574
608
576
581
552
575
571
564
550
