3022
3500
2911
2844
2728
2605
2550
2498
2380
2313
2232
2138
2100
2059
2047
1897
1894
1762
1766
1716
1721
1677
1728
1706
1759
1705
1674
1543
1519
1513
1550
1527
1558
1488
1466
1455
1392
1398
1431
1404
1423
1450
1448
1458
1457
1395
1375
1411
1356
1388
1382
1436
1378
1410
1401
1354
1360
1380
1377
1380
1347
1356
1350
1307
1272
1284
1280
1267
1182
1254
1173
1274
1231
1222
1219
1192
1174
1219
1165
1195
1161
1118
1111
1041
1069
1023
1031
1013
1021
1014
955
983
956
997
951
982
967
1001
956
977
911
901
883
896
870
825
855
803
813
793
850
826
790
829
808
833
834
839
823
823
780
774
795
781
818
778
754
731
719
707
728
729
725
718
731
681
705
706
697
747
724
753
715
756
738
796
809
849
822
793
767
811
830
845
827
821
818
842
818
867
811
818
769
780
754
778
787
786
789
777
775
763
771
764
768
772
778
790
814
806
788
789
772
806
804
847
849
839
749
765
716
726
722
763
759
774
730
782
727
717
742
719
734
708
741
751
765
726
735
709
748
707
746
748
783
752
772
793
770
782
783
761
789
783
815
772
798
863
819
797
805
824
816
876
842
902
809
849
816
830
846
849
889
880
886
933
931
946
928
913
911
888
834
807
775
776
759
770
751
804
807
761
766
766
764
732
728
755
710
734
703
718
706
703
732
764
777
771
773
791
815
873
840
835
840
848
842
883
895
903
880
878
828
821
820
820
819
834
798
811
770
798
770
809
748
722
679
695
695
701
695
690
703
690
681
694
716
778
735
749
784
778
789
770
748
745
722
736
719
748
752
698
716
734
743
740
753
776
728
773
757
800
758
760
772
745
775
717
686
678
702
722
731
707
681
692
688
692
686
689
699
698
701
695
720
717
751
754
784
730
777
754
786
732
765
720
713
729
753
732
720
715
698
716
714
732
726
714
704
646
645
632
650
680
709
707
719
721
714
698
748
687
710
718
722
737
742
693
699
690
701
696
686
677
696
675
702
662
640
671
684
699
714
686
649
673
642
658
678
686
668
674
645
652
685
669
681
665
665
664
695
706
731
743
752
731
767
708
737
699
700
717
721
761
712
725
716
705
683
689
648
650
634
633
651
663
665
732
704
706
728
757
747
760
760
757
730
711
739
750
758
748
761
760
727
757
694
712
669
707
670
643
664
656
723
684
704
678
649
685
651
652
692
721
704
700
706
728
719
738
716
702
653
676
673
681
663
653
648
672
688
652
705
710
707
720
726
748
722
727
754
751
739
744
724
740
713
744
703
735
697
718
698
723
704
770
722
704
702
730
723
765
710
761
711
762
711
722
747
752
765
784
729
737
750
734
740
711
668
666
691
691
700
701
737
692
660
670
642
642
622
653
634
612
650
631
620
603
616
588
559
566
543
557
546
533
507
513
510
525
508
541
536
559
569
565
590
594
623
639
634
643
646
662
687
699
674
668
678
669
665
679
684
682
690
699
673
677
694
636
654
623
646
591
610
585
606
588
598
609
602
578
612
585
570
575
587
559
555
541
539
551
548
568
561
568
580
550
581
527
550
500
519
508
516
509
513
537
534
538
540
514
522
530
542
529
541
559
558
572
611
592
635
617
567
565
562
589
548
565
544
568
581
563
577
587
576
565
574
590
572
593
591
603
609
634
648
646
687
661
649
684
652
666
629
636
641
642
625
621
604
649
622
640
621
599
565
566
581
571
593
570
557
556
581
604
621
608
619
628
611
610
603
608
618
611
651
621
630
658
665
647
646
655
669
638
610
617
560
570
548
549
541
536
551
555
569
545
557
566
584
603
596
620
588
592
545
546
552
578
555
552
569
569
577
549
569
563
546
543
535
521
548
549
561
548
550
529
540
521
514
505
491
481
486
498
473
492
470
490
465
480
466
482
456
453
464
455
440
416
425
437
429
454
421
421
415
427
420
423
427
425
433
420
410
410
396
387
382
365
356
355
340
351
356
348
360
358
360
356
375
374
390
379
387
392
374
376
365
355
346
352
350
361
341
345
343
359
355
364
349
364
357
366
350
363
341
349
342
339
342
340
341
344
337
352
341
354
351
353
335
347
350
362
360
359
360
376
368
379
377
372
374
381
366
356
362
366
374
389
365
386
380
397
393
413
393
400
396
408
395
419
409
382
376
383
379
381
367
376
382
377
384
369
366
366
374
391
389
370
397
402
405
402
401
390
382
405
389
372
374
364
374
359
351
334
342
331
332
327
318
325
316
310
302
292
294
292
295
286
288
283
285
281
290
287
291
292
292
294
295
303
305
301
298
298
304
304
305
306
314
305
311
300
306
302
302
305
305
304
