3004
3412
2916
2878
2776
2655
2423
2400
2252
2147
2109
2010
2002
1965
1882
1828
1813
1755
1661
1647
1570
1549
1562
1478
1550
1515
1501
1506
1492
1445
1499
1404
1457
1383
1481
1432
1420
1447
1424
1371
1329
1319
1279
1242
1285
1274
1279
1228
1219
1208
1164
1139
1126
1163
1111
1121
1139
1120
1160
1141
1064
1095
1057
1008
1027
1051
963
1029
988
996
975
996
991
1002
980
968
997
969
991
983
1007
977
950
943
952
961
1004
997
1035
1014
1067
1084
1058
1028
1050
1070
1029
1040
1022
1039
1036
1032
1010
969
947
968
968
935
972
966
916
910
912
917
896
922
882
891
873
896
924
914
952
939
969
910
936
887
924
880
824
826
838
864
868
900
921
882
934
878
901
929
930
886
906
928
899
947
923
920
888
899
936
894
882
890
873
880
880
902
891
873
862
887
851
859
817
835
807
798
816
821
807
795
786
770
796
765
798
813
847
837
810
857
835
866
842
843
818
816
890
868
931
894
925
868
883
871
886
836
845
857
839
830
823
828
823
825
837
837
801
807
805
786
779
784
758
780
727
754
735
736
715
750
746
709
650
654
662
636
662
664
648
621
637
680
683
697
696
706
734
688
654
686
636
637
632
637
648
642
665
666
648
640
684
646
632
657
647
684
693
710
682
699
682
733
718
730
701
698
679
718
723
759
765
737
759
774
781
780
825
741
769
751
764
725
747
729
742
737
763
771
815
818
858
805
834
845
816
838
811
817
839
866
863
874
852
896
887
900
920
883
854
864
832
835
847
845
837
802
792
778
767
790
760
794
800
765
778
757
761
751
784
778
760
783
750
770
741
752
765
709
713
711
686
695
704
722
686
706
695
711
745
702
683
693
684
670
651
654
644
631
640
652
630
629
596
602
616
603
601
602
617
644
641
637
623
630
676
643
645
615
628
639
614
639
602
616
615
611
651
606
632
614
631
611
611
606
607
603
623
609
630
602
602
603
589
582
621
612
649
573
560
572
580
584
596
612
615
603
649
650
676
660
631
660
653
669
654
640
667
665
681
688
736
705
737
671
682
729
732
741
719
718
722
694
715
657
710
693
685
695
716
721
706
664
651
642
640
615
613
630
659
679
709
717
753
801
784
796
760
739
728
747
752
749
749
742
766
773
787
763
776
805
801
789
819
766
782
766
766
750
781
713
697
698
682
738
751
774
754
764
747
772
746
774
753
774
808
792
798
831
815
825
792
790
743
741
747
749
712
735
688
681
699
722
708
710
708
732
740
724
722
754
731
735
739
744
719
682
706
685
692
696
690
688
681
704
688
707
646
646
617
629
627
599
583
588
563
573
558
554
525
537
512
512
521
480
496
491
517
512
525
524
495
502
480
467
506
505
536
536
523
542
513
523
533
533
526
493
486
483
495
496
501
487
505
485
512
509
518
540
550
570
552
546
547
521
538
526
543
485
510
491
481
486
451
421
418
407
393
389
399
386
399
382
420
387
387
423
416
438
414
427
411
399
402
429
405
430
445
451
440
437
444
446
470
456
484
495
478
479
452
427
445
439
457
431
449
435
446
455
462
487
484
504
488
505
511
541
524
541
540
529
534
537
541
533
542
522
536
524
548
510
500
498
518
522
525
571
546
555
565
560
534
562
542
547
520
537
535
526
522
544
549
579
541
547
529
537
503
560
558
577
583
623
587
603
587
583
577
589
580
615
610
627
658
672
637
640
636
679
667
644
692
703
704
671
682
658
670
652
660
647
629
657
662
651
612
631
591
595
585
566
546
526
542
510
538
542
549
564
580
597
609
563
570
569
614
587
615
563
596
577
603
557
580
572
569
555
577
552
554
533
532
489
506
511
511
507
483
484
500
499
497
486
484
473
483
481
498
506
508
525
506
518
506
543
519
541
538
559
530
551
563
599
542
547
552
537
548
514
512
525
521
526
529
551
567
570
568
548
548
550
552
571
589
582
566
587
605
623
595
596
600
556
595
581
565
605
603
628
588
597
585
627
615
656
637
640
662
669
685
704
736
707
673
663
684
657
654
673
694
691
703
705
698
696
711
690
744
698
744
724
768
747
734
717
703
703
734
660
685
679
635
640
636
641
625
656
651
656
664
654
673
674
699
704
738
700
751
703
698
659
669
643
677
637
619
659
651
635
586
583
548
533
550
541
531
505
500
496
480
503
507
476
498
480
483
476
480
483
496
495
502
489
512
496
526
521
529
547
522
516
518
491
541
509
537
516
530
517
532
527
522
488
508
494
510
514
501
519
512
507
527
523
522
554
561
564
567
555
544
560
554
560
553
531
518
502
527
519
537
533
548
558
572
503
530
544
