2994
3459
2955
2929
2705
2639
2522
2563
2394
2378
2280
2192
2048
1982
2002
1843
1798
1769
1747
1719
1674
1625
1582
1496
1545
1521
1437
1474
1408
1421
1435
1366
1404
1286
1352
1280
1280
1192
1213
1158
1170
1113
1104
1050
1034
1061
1028
991
1036
1009
1040
1006
1008
996
1061
1050
1032
1026
997
965
980
972
909
878
823
786
784
775
782
803
785
792
797
822
793
829
810
779
802
759
788
787
826
819
832
831
842
839
856
852
862
897
871
848
852
849
874
862
864
797
813
793
793
749
780
738
769
727
734
756
748
762
783
737
778
767
778
752
768
744
697
665
656
641
620
633
608
606
593
602
591
534
536
527
532
547
561
558
568
600
582
599
598
606
640
618
560
568
580
565
562
558
588
601
633
581
588
574
572
572
572
576
574
542
544
540
550
551
568
573
579
585
592
601
592
571
603
603
602
577
586
572
575
561
565
563
535
537
510
517
496
504
500
532
532
554
531
530
511
480
491
460
477
456
452
465
465
453
465
445
473
430
458
437
478
433
443
426
428
432
416
439
444
435
424
443
423
419
420
432
430
472
463
465
484
475
475
503
506
485
479
472
459
458
450
448
448
440
455
467
457
469
457
473
474
461
496
477
487
487
527
491
534
494
458
445
461
483
491
502
517
516
475
532
491
466
461
466
439
442
432
447
432
459
444
456
447
456
420
455
435
446
430
451
431
460
442
432
434
434
439
464
475
493
461
467
491
471
459
461
449
471
453
486
465
459
456
444
468
440
429
419
435
440
439
453
455
473
466
463
473
478
466
475
464
457
458
450
430
434
412
419
418
398
402
400
418
428
415
428
422
436
412
412
413
413
435
428
444
454
461
459
458
470
482
468
458
428
439
435
440
445
446
435
448
453
460
452
472
475
481
484
503
496
495
514
489
488
487
515
529
519
516
492
500
486
505
520
529
522
545
533
560
558
564
545
549
552
542
577
549
553
541
522
504
487
516
534
533
567
546
556
555
552
531
560
534
544
537
540
536
547
522
534
528
512
518
494
483
491
503
501
477
455
467
471
489
468
474
466
502
465
500
488
501
497
477
494
500
513
521
526
551
562
534
558
549
531
533
532
529
517
500
514
514
531
514
524
510
520
515
490
458
461
457
462
476
485
474
476
484
503
489
494
498
498
490
517
477
498
480
494
496
512
535
510
501
486
475
446
451
455
456
442
445
451
447
438
431
430
440
407
413
411
431
402
419
415
416
442
440
442
433
456
447
437
441
435
455
449
441
463
442
455
423
419
409
421
414
394
403
406
398
405
405
406
399
405
418
422
423
419
430
425
431
404
417
418
432
409
412
425
417
410
422
415
427
422
422
404
400
396
409
402
427
431
417
400
402
406
415
429
438
447
461
450
475
457
437
456
443
482
446
487
442
430
439
441
438
430
454
458
444
444
464
456
459
459
475
471
461
458
460
469
449
453
463
476
470
473
486
491
483
474
463
504
473
519
498
497
474
469
453
468
462
483
456
473
441
442
434
429
421
415
442
431
475
431
445
431
439
450
467
465
472
475
467
493
491
473
468
467
475
477
469
452
451
453
460
458
449
454
442
443
444
456
457
459
474
502
475
482
492
474
475
488
491
509
504
479
496
494
462
460
446
457
452
452
430
443
447
435
433
444
435
425
417
402
409
406
392
399
386
390
395
390
401
394
397
388
398
383
422
405
401
391
402
387
389
411
400
418
423
447
438
418
422
412
429
418
423
433
428
403
379
374
356
349
355
360
371
354
359
353
354
348
356
344
354
358
369
373
376
391
393
404
405
429
430
432
437
445
443
442
443
459
462
470
451
459
437
448
468
469
466
483
470
495
457
471
461
476
474
466
502
523
491
486
490
524
497
514
515
554
515
540
534
563
537
541
519
543
518
509
515
516
518
518
516
495
495
489
481
455
476
480
494
476
481
475
474
486
469
484
464
459
456
464
490
468
451
466
465
450
446
460
465
497
494
487
499
488
520
458
480
461
486
478
497
522
517
514
489
486
482
446
454
456
458
490
479
496
478
504
458
483
475
490
487
494
488
499
526
508
520
508
542
521
558
566
588
565
594
589
610
570
588
585
615
607
607
563
548
535
548
527
512
533
532
542
556
536
539
530
552
535
554
565
575
550
565
557
585
565
608
574
531
534
539
534
566
527
542
562
544
547
574
538
565
548
551
574
568
540
558
586
565
569
567
566
586
589
569
600
578
572
602
592
630
598
639
603
607
624
613
608
592
592
573
551
567
562
631
587
654
615
669
634
699
662
719
725
695
663
642
611
602
597
577
580
