2974
3548
2826
2768
2677
2540
2414
2266
2257
2207
2094
2029
2032
1898
1900
1816
1776
1737
1651
1657
1610
1595
1559
1531
1487
1430
1376
1347
1353
1363
1340
1346
1285
1297
1295
1301
1266
1302
1291
1328
1307
1309
1334
1255
1284
1250
1259
1276
1253
1284
1229
1242
1268
1211
1233
1241
1209
1201
1220
1159
1197
1210
1200
1193
1123
1153
1061
1133
1094
1120
1106
1134
1127
1058
1065
1042
1057
1050
1043
1063
1071
1097
1098
1097
1042
1079
1041
1059
1064
1064
1002
1019
978
1035
966
1006
960
971
968
990
1012
921
929
893
926
851
842
817
828
836
791
797
829
861
822
882
862
963
868
949
910
956
939
953
910
953
936
943
934
962
960
959
952
945
979
965
984
965
971
952
971
944
971
934
883
905
937
923
984
910
871
890
875
871
896
880
917
906
920
908
894
907
834
852
858
907
862
907
885
840
857
838
820
844
832
857
827
829
832
854
901
907
920
902
927
937
921
977
917
874
890
860
891
856
905
849
866
888
885
929
883
885
881
893
916
872
855
843
864
835
814
796
783
762
771
778
764
797
781
771
789
763
753
763
731
815
762
774
757
759
760
768
757
769
796
797
741
794
766
799
793
833
787
797
810
818
829
796
814
773
762
735
745
737
763
756
762
732
713
750
726
761
761
720
705
744
733
722
708
697
698
711
743
764
755
750
749
761
771
772
789
747
722
678
672
654
649
623
652
603
587
565
551
596
586
602
584
586
591
576
564
581
592
620
650
662
653
635
656
629
634
629
607
632
609
602
578
590
613
604
603
617
607
596
609
589
571
573
617
542
569
539
563
559
577
573
593
603
628
648
612
601
588
616
618
622
651
634
637
648
630
660
642
632
646
651
639
656
632
638
622
652
647
640
628
601
575
582
574
593
615
603
639
625
659
617
643
635
628
640
694
706
710
736
757
742
749
740
743
778
835
760
808
779
800
802
801
825
810
780
813
777
759
728
725
714
709
758
735
759
703
756
699
752
695
664
633
648
634
610
612
663
620
643
633
618
632
611
605
637
587
588
607
596
606
634
621
667
657
677
674
695
696
695
686
677
664
680
675
696
701
699
710
710
693
687
658
663
663
641
678
633
630
641
632
632
631
624
631
627
643
631
647
623
626
626
642
652
594
623
616
617
573
565
577
561
576
596
560
593
573
596
573
569
582
601
590
603
594
596
559
583
591
582
585
566
577
564
577
598
572
603
576
554
528
551
552
556
530
513
500
492
508
502
519
496
508
474
470
472
464
454
471
462
461
483
467
448
448
444
445
436
440
461
453
454
449
442
445
442
452
466
472
484
483
481
491
515
482
508
519
492
501
485
476
477
452
467
442
445
428
446
439
450
438
452
462
452
459
464
459
479
492
465
468
461
483
482
499
496
474
478
498
459
484
478
482
500
514
522
538
550
563
555
547
544
525
533
541
549
536
502
517
468
484
470
474
465
473
466
488
494
511
528
499
515
489
504
492
517
490
510
481
497
494
511
523
504
497
503
491
496
487
478
464
437
421
421
422
405
400
409
401
418
410
409
410
422
423
429
425
405
431
405
416
400
404
373
376
375
382
364
357
361
348
355
355
346
336
319
308
302
304
298
309
300
294
300
296
297
285
301
297
306
311
335
311
317
314
325
319
320
320
314
316
315
323
307
310
310
308
315
312
306
304
300
307
310
313
312
311
306
309
306
311
303
318
324
315
322
303
300
295
299
299
297
307
296
291
291
296
299
295
306
292
291
288
296
289
302
286
280
293
277
287
277
277
278
277
285
279
287
281
279
267
270
265
264
265
264
266
261
258
258
258
258
258
258
258
258
258
258
258
258
258
258
258
258
258
258
258
258
258
258
258
258
258
258
258
258
258
258
258
258
258
258
258
258
258
258
258
258
258
258
258
258
258
258
258
258
258
258
258
258
258
258
258
258
258
258
258
258
258
258
258
258
258
258
258
258
258
258
258
258
258
258
258
258
258
258
258
258
258
258
258
258
258
258
258
258
258
258
258
258
258
258
258
258
258
258
258
258
258
258
258
258
258
258
258
258
258
258
258
258
258
258
258
258
258
258
258
258
258
258
258
258
258
258
258
258
258
258
258
258
258
258
258
258
258
258
258
258
258
258
258
258
258
258
258
258
258
258
258
258
258
258
258
258
258
258
258
258
258
258
258
258
258
258
258
258
258
258
258
258
258
258
258
258
258
258
258
258
258
258
258
258
258
258
258
258
258
258
258
258
258
258
258
258
258
258
258
258
258
258
258
258
258
258
258
258
258
258
258
258
258
258
258
258
258
258
258
258
258
258
258
258
258
258
258
258
