2975
3300
2947
2885
2668
2631
2530
2415
2399
2326
2286
2250
2207
2050
1917
1971
1872
1892
1882
1875
1827
1814
1799
1777
1716
1690
1742
1652
1625
1571
1545
1527
1546
1595
1513
1460
1385
1380
1347
1372
1328
1377
1353
1357
1281
1276
1322
1254
1277
1277
1288
1298
1215
1235
1205
1218
1197
1234
1164
1238
1225
1237
1206
1142
1189
1129
1070
1138
1080
1086
1098
1095
1098
1128
1122
1138
1092
1092
1109
1088
1097
1087
1081
1040
1134
1066
1120
1110
1113
1104
1128
1050
1067
995
985
956
941
895
891
909
900
868
865
861
846
842
815
837
793
761
721
690
663
673
666
672
671
661
625
624
616
616
642
659
659
679
660
681
686
702
679
720
730
720
736
737
755
812
759
772
754
800
758
779
753
806
766
808
769
781
770
785
757
764
803
769
763
731
793
770
828
792
819
758
764
732
727
762
706
701
695
728
723
732
713
767
726
755
772
752
752
750
721
718
724
691
700
695
707
738
711
688
658
657
643
615
643
633
633
597
616
629
659
664
631
675
673
675
688
691
712
713
723
736
760
712
694
715
704
726
719
716
758
761
726
753
720
710
739
725
717
720
742
750
740
760
727
745
743
712
709
717
670
672
672
667
662
652
644
621
642
631
632
624
639
624
622
618
592
602
597
584
590
580
597
584
617
583
598
573
586
595
564
571
617
610
614
628
615
633
623
614
624
641
661
672
669
705
670
664
675
695
627
693
627
646
617
622
610
605
635
642
653
613
604
630
601
626
611
613
647
624
621
582
601
592
605
564
602
580
588
577
598
574
593
576
580
553
570
567
554
562
567
579
543
516
500
505
490
489
481
501
492
505
486
509
518
496
498
485
520
481
490
465
484
461
476
464
460
478
469
492
504
492
516
490
493
477
502
513
529
551
531
549
577
567
581
592
615
605
622
582
592
570
595
585
616
642
598
632
620
620
600
586
551
585
561
567
538
555
567
582
553
594
549
608
539
591
569
592
593
612
616
623
633
642
627
662
644
663
642
675
655
686
658
634
624
631
641
639
614
607
622
608
618
643
626
605
618
647
633
619
579
574
570
561
591
571
633
602
618
631
615
618
638
623
624
607
586
557
558
554
577
593
569
535
536
517
532
513
516
510
514
518
517
513
518
526
531
533
536
532
534
530
559
560
551
530
519
495
510
513
521
517
516
500
503
503
526
490
482
475
499
484
501
508
492
539
516
524
514
522
520
549
502
546
502
543
514
551
536
540
546
545
567
575
599
573
606
575
543
537
503
497
498
491
495
514
512
512
491
522
514
529
503
531
526
535
538
534
553
563
549
566
553
550
546
554
544
541
556
566
543
536
527
538
540
546
572
573
580
581
606
599
595
605
607
601
595
591
631
600
605
612
616
634
619
638
619
654
637
613
603
603
619
580
616
579
604
613
598
603
596
588
599
591
574
578
576
614
602
616
646
632
634
655
646
660
649
635
623
638
661
625
671
640
678
624
663
650
684
653
652
598
638
632
623
609
613
617
628
614
598
572
578
563
600
557
563
547
557
546
546
565
530
518
528
546
512
535
558
543
578
527
543
528
533
491
509
483
516
513
517
525
525
519
539
504
517
509
475
481
479
496
473
464
482
458
487
455
509
487
494
469
443
452
451
404
405
398
419
432
435
437
437
473
456
481
453
465
461
471
435
455
461
483
474
495
507
475
472
472
487
485
499
515
524
547
550
573
540
563
541
519
541
532
539
529
567
567
589
590
612
588
581
592
565
590
569
579
588
624
591
604
623
622
632
654
635
628
610
631
613
628
610
628
625
615
585
576
565
570
611
626
600
617
625
650
664
667
675
666
690
662
642
636
635
642
639
657
650
670
669
667
636
637
611
609
627
646
627
604
597
580
578
594
596
601
653
601
614
590
592
609
637
629
655
633
678
661
693
678
657
671
657
685
674
706
661
668
644
651
656
617
625
649
632
626
634
629
630
663
637
670
648
685
669
674
688
710
678
653
620
616
581
579
598
583
601
580
566
557
541
557
572
561
584
549
546
530
550
565
557
553
577
555
531
544
556
537
540
541
525
544
531
547
555
551
553
561
572
562
575
585
596
601
620
594
603
586
613
579
597
580
609
624
605
606
569
576
557
581
590
534
533
528
517
510
501
520
505
502
489
479
484
487
497
509
488
504
508
510
507
502
510
514
510
512
533
530
520
536
559
543
554
536
573
556
596
590
567
569
592
535
547
548
555
547
548
550
535
540
543
524
547
553
545
527
551
526
565
542
561
546
512
513
529
535
548
543
569
518
551
567
558
572
572
557
565
570
570
575
595
583
601
598
584
566
607
577
