2947
3377
2751
2804
2693
2557
2401
2338
2140
2148
2038
2002
2002
1968
1819
1893
1806
1804
1783
1806
1764
1695
1728
1657
1620
1587
1585
1543
1474
1469
1472
1472
1464
1412
1408
1366
1314
1282
1295
1257
1239
1217
1221
1252
1245
1252
1273
1248
1312
1328
1319
1320
1366
1308
1366
1254
1295
1277
1274
1270
1308
1252
1275
1225
1329
1319
1357
1338
1332
1383
1340
1291
1309
1249
1265
1198
1236
1178
1204
1174
1207
1184
1272
1233
1236
1239
1241
1168
1162
1125
1125
1143
1115
1137
1153
1126
1080
1064
1042
1021
996
998
1034
951
918
894
901
955
925
979
909
925
880
870
829
845
823
845
829
829
823
819
811
795
823
848
816
860
824
849
840
808
791
825
796
788
812
764
817
801
832
771
794
808
792
848
843
821
824
842
816
844
859
796
809
821
858
830
838
813
801
789
742
769
788
786
757
734
732
746
710
680
680
657
674
675
662
706
690
715
722
749
798
756
779
773
767
783
748
758
731
730
728
732
716
732
755
760
756
784
757
773
793
860
831
841
841
809
809
829
792
796
746
743
762
767
786
814
797
853
810
825
796
822
857
823
859
817
816
852
835
851
859
879
851
857
811
869
832
908
823
884
836
860
844
862
887
921
914
847
871
838
876
839
825
816
808
814
811
793
717
782
756
786
760
758
724
743
740
717
734
726
724
751
727
767
752
781
759
741
735
738
732
730
716
749
741
721
741
755
734
761
696
723
719
698
723
764
727
691
670
671
681
678
693
689
704
688
706
711
692
706
741
727
725
709
720
708
743
748
791
737
734
738
754
775
768
789
796
769
768
766
762
743
756
784
786
783
809
747
773
788
791
788
793
805
786
804
806
796
768
777
796
788
784
807
798
798
795
804
806
793
814
801
762
795
736
750
709
719
705
719
729
710
720
678
672
648
680
656
698
647
641
641
614
627
634
641
667
670
664
652
640
624
626
623
604
621
600
600
597
637
619
653
627
636
623
642
592
613
593
631
602
612
575
574
580
567
582
568
582
584
587
588
606
618
596
607
616
613
646
597
627
627
659
616
656
624
636
599
597
592
578
569
587
586
577
601
591
592
571
585
562
584
581
610
600
620
624
609
602
561
553
563
582
584
591
588
613
605
592
614
601
605
626
612
605
613
607
643
612
646
626
633
605
609
623
584
605
598
595
611
627
611
621
607
626
594
610
585
605
594
573
597
598
598
591
614
561
591
575
607
572
576
578
571
577
575
592
542
546
551
535
513
521
519
515
521
533
527
541
553
550
535
522
529
532
540
575
554
550
561
542
549
530
549
547
540
561
553
572
572
578
567
586
571
599
564
552
548
564
552
574
551
556
561
554
541
550
540
556
554
598
576
596
572
614
586
611
544
565
535
529
523
512
529
522
535
526
509
512
514
515
532
532
513
533
526
518
516
507
525
532
495
478
477
484
490
470
479
484
495
465
493
481
492
485
500
478
490
483
496
472
489
468
479
482
487
506
498
499
486
494
505
504
504
515
484
506
506
497
498
507
489
489
489
504
492
493
501
508
520
498
501
475
466
467
472
446
457
437
448
430
441
446
446
452
462
469
478
473
490
473
484
482
495
477
472
502
496
517
490
503
494
511
494
502
527
527
537
531
554
529
571
553
571
565
609
584
596
606
617
609
622
617
644
612
604
583
589
583
572
569
564
565
548
562
529
510
525
535
523
528
550
540
534
523
517
531
519
498
506
511
490
505
519
498
514
491
484
456
456
466
447
471
453
471
464
461
472
459
474
463
482
466
478
447
453
460
493
461
473
457
463
463
463
472
482
493
521
506
524
506
511
516
534
539
534
551
566
563
541
555
565
557
538
539
541
532
522
526
522
524
514
521
519
525
513
512
518
516
528
536
535
535
543
509
501
508
495
493
485
478
455
437
446
443
459
431
419
411
413
419
432
426
440
436
453
453
461
462
464
493
492
504
483
501
487
516
530
511
513
516
535
510
519
512
521
514
539
528
572
541
576
572
584
589
603
579
590
589
585
586
572
583
591
561
567
552
588
568
586
560
574
555
567
556
574
577
581
573
582
549
573
539
552
522
528
497
492
489
482
502
491
520
506
516
481
476
454
458
457
434
443
427
432
437
446
443
439
442
456
434
441
446
437
430
431
430
419
435
418
444
422
433
436
447
450
482
465
476
470
482
447
444
442
424
431
413
429
454
441
425
409
418
401
412
415
431
436
444
448
444
458
441
458
434
442
456
446
454
447
462
489
496
500
492
517
489
468
480
486
481
496
483
480
488
466
470
471
471
464
456
441
436
428
419
423
413
432
417
426
433
431
438
429
444
420
406
394
