2959
3411
2947
2778
2659
2441
2483
2354
2313
2278
2208
2183
2196
2067
2066
2067
2036
2017
1854
1912
1796
1760
1773
1661
1651
1599
1611
1525
1544
1502
1596
1578
1596
1486
1504
1454
1446
1490
1506
1413
1414
1411
1415
1389
1373
1400
1401
1427
1359
1319
1227
1222
1150
1149
1112
1151
1149
1121
1107
1067
1094
1078
1067
1052
1062
1083
1101
1136
1105
1103
1132
1119
1126
1126
1107
1156
1163
1176
1138
1175
1171
1225
1171
1110
1074
1074
1105
1062
1120
1099
1141
1130
1121
1066
1052
1047
994
1000
968
980
965
985
931
960
929
938
883
871
955
909
928
952
931
921
957
935
958
970
1013
951
1003
937
931
888
849
812
819
777
801
775
795
787
731
722
718
698
727
712
698
736
707
739
741
727
726
751
756
788
792
757
799
825
830
848
899
872
892
935
932
886
934
902
882
856
879
845
848
881
869
872
874
899
846
839
838
780
782
798
803
799
829
798
820
815
814
818
794
794
766
784
757
768
772
735
744
782
751
781
767
791
756
746
749
767
773
751
751
752
719
734
710
673
654
671
673
692
686
692
678
656
679
698
695
709
682
682
642
666
644
650
647
655
654
649
657
651
641
613
596
603
591
604
569
539
536
532
548
545
529
532
531
550
529
561
521
542
507
535
497
502
496
494
502
489
508
525
542
512
530
515
530
524
525
542
554
532
569
510
536
515
543
523
503
506
515
531
520
549
515
571
575
567
581
543
555
538
555
539
578
522
522
523
559
545
555
526
535
529
542
527
520
527
535
551
549
561
575
548
557
545
549
545
568
531
546
557
534
550
547
583
589
577
607
562
566
591
596
589
589
586
587
601
618
588
599
563
570
550
570
553
551
556
565
560
593
580
626
595
611
592
624
581
610
594
563
571
582
568
560
568
557
562
572
573
599
611
571
580
570
582
568
593
554
594
608
598
602
617
602
612
618
613
588
599
576
563
569
563
594
595
620
602
597
624
614
570
583
596
619
622
658
633
641
622
652
625
604
638
639
675
635
694
651
675
663
698
652
643
647
641
656
653
673
664
646
663
624
618
584
599
568
539
512
509
526
524
535
537
529
544
558
559
533
555
538
533
548
544
565
557
584
584
599
622
599
610
614
579
581
580
561
599
601
590
586
557
544
529
535
523
543
533
530
527
523
543
531
529
512
544
531
546
519
532
558
566
552
549
565
571
583
558
554
574
557
568
556
511
518
515
532
515
526
521
512
536
540
557
546
542
548
536
574
533
558
555
547
511
518
539
538
574
537
584
583
617
596
580
602
603
611
634
614
595
577
588
596
569
572
582
572
569
578
578
573
579
570
564
579
577
564
595
590
572
597
595
605
603
598
586
530
534
520
529
524
536
541
549
537
539
517
551
528
558
541
541
542
560
575
605
583
619
617
599
600
575
611
599
579
568
565
586
605
565
588
562
572
576
543
554
522
511
520
488
499
509
505
538
514
537
511
500
503
511
510
512
507
517
507
546
530
545
543
526
516
503
497
508
508
491
500
507
540
520
561
562
571
521
573
534
522
516
518
486
497
505
517
514
495
525
534
500
502
509
524
518
487
502
505
483
477
466
463
457
484
470
503
494
501
479
477
441
447
442
426
463
433
455
433
431
439
433
429
441
440
424
413
428
416
397
422
427
460
453
472
442
433
450
459
424
431
412
405
406
406
412
407
418
415
418
412
399
396
403
414
406
420
416
411
395
415
404
410
421
435
457
437
445
445
450
436
441
430
446
423
423
415
409
421
404
427
409
417
410
411
434
411
427
429
429
430
427
436
412
430
417
403
414
404
420
404
421
409
434
409
397
406
389
393
395
404
397
384
403
399
404
418
378
403
388
414
406
402
387
389
388
380
401
380
394
385
380
389
370
363
345
346
345
341
328
320
326
334
316
332
324
333
346
331
349
340
357
339
368
361
375
335
344
330
325
327
337
329
333
329
333
340
341
338
356
333
344
333
346
341
345
318
324
324
337
339
340
347
357
370
378
366
365
367
377
349
362
363
364
376
368
366
380
370
374
386
376
379
382
364
390
361
376
356
341
335
328
340
331
339
341
350
332
314
324
340
327
336
326
336
327
320
344
321
329
318
328
327
321
324
328
327
319
339
334
321
324
318
327
328
319
331
310
312
316
324
333
332
338
323
341
343
338
353
342
342
349
346
343
344
357
342
324
346
326
337
329
320
328
340
349
344
351
333
346
344
355
343
320
319
332
334
330
337
326
366
325
329
310
316
309
319
322
349
350
352
350
341
353
341
353
357
334
334
332
334
352
345
337
345
338
354
357
371
393
394
385
390
399
393
401
388
388
413
405
