3010
3483
2878
2803
2664
2503
2411
2280
2154
2224
2114
2027
1942
1979
1864
1826
1793
1739
1743
1664
1692
1556
1536
1613
1562
1534
1558
1512
1507
1455
1411
1408
1388
1370
1368
1357
1329
1283
1290
1243
1195
1217
1256
1248
1230
1183
1139
1170
1128
1086
1109
1056
1100
1085
1131
1141
1201
1173
1201
1162
1194
1166
1181
1173
1199
1226
1232
1171
1178
1167
1168
1186
1170
1146
1131
1114
1133
1078
1081
1102
1127
1062
1118
1096
1092
1074
1096
1124
1114
1128
1101
1113
1094
1095
1125
1118
1149
1107
1145
1155
1145
1106
1126
1054
1096
1067
1079
1059
1069
1052
1024
1019
1041
1032
1021
951
961
929
919
943
917
889
899
854
865
863
857
895
894
898
881
913
902
886
889
870
855
859
868
851
839
839
839
802
827
809
820
826
822
854
800
774
799
794
794
776
797
786
796
796
789
817
805
784
736
757
742
792
789
819
828
806
841
874
886
869
881
910
884
878
884
888
912
904
921
884
875
961
863
946
880
928
895
946
906
887
870
868
899
879
879
909
929
887
869
902
897
887
887
847
856
858
854
866
830
862
877
915
883
872
819
834
837
834
821
779
822
840
823
843
803
838
799
785
779
807
829
818
846
757
786
804
810
827
816
840
820
806
832
891
874
849
832
853
825
822
849
809
803
795
810
793
845
740
769
776
737
770
730
731
731
724
713
694
719
689
719
671
707
676
681
718
729
700
699
689
712
680
705
647
633
635
638
639
640
647
642
698
703
709
707
724
734
741
724
701
689
682
689
702
674
711
682
715
691
756
771
754
777
769
769
790
756
773
810
726
763
754
759
772
758
782
741
736
751
798
806
792
764
726
724
664
696
705
744
724
730
737
720
762
726
774
750
793
747
745
679
670
673
665
648
652
644
644
668
658
655
636
638
642
634
626
618
608
611
641
670
695
677
702
698
723
725
683
695
697
736
728
706
742
715
724
751
716
760
722
727
761
801
798
838
805
820
792
758
718
694
690
728
697
764
695
681
683
712
712
737
731
801
750
731
771
712
720
744
756
751
747
754
722
685
676
691
659
642
668
649
650
643
657
684
676
654
656
647
608
604
600
592
636
558
589
530
537
538
574
542
559
533
539
539
530
528
509
510
513
557
516
536
509
493
492
473
448
442
434
430
439
433
451
471
481
465
469
449
465
467
435
448
448
445
435
451
451
449
445
444
471
452
459
458
458
467
478
448
450
454
451
453
430
438
439
453
444
454
462
465
469
502
477
508
501
537
542
547
508
511
514
478
467
470
463
488
465
485
458
444
457
441
434
435
472
456
459
458
452
426
440
444
474
450
477
458
466
451
461
447
450
425
409
410
425
427
408
415
408
423
432
451
438
455
464
455
463
450
450
464
459
461
469
435
416
411
404
419
404
414
420
405
418
422
433
430
433
445
446
439
425
392
379
386
387
387
380
385
371
372
353
366
358
378
357
366
373
403
391
396
389
388
395
403
402
393
399
407
422
408
427
412
417
424
416
417
409
420
434
432
457
469
472
456
445
470
459
475
464
454
445
444
436
437
440
435
435
443
458
446
464
448
426
434
435
455
428
421
452
429
466
441
450
418
441
430
461
422
410
425
413
426
429
427
412
401
416
402
426
408
424
436
416
404
423
430
428
434
433
456
437
441
437
452
437
429
436
427
435
427
422
424
395
391
392
391
391
397
391
399
378
370
372
365
364
368
361
358
361
370
375
382
384
382
396
401
399
400
414
398
411
400
399
407
397
401
390
392
393
374
380
366
375
364
375
353
357
366
354
363
354
348
344
345
354
343
345
346
346
340
340
345
341
349
354
351
361
362
376
363
375
376
369
366
369
364
380
382
381
383
374
363
373
359
349
350
355
342
343
341
354
347
332
327
325
329
331
331
328
323
323
326
325
328
326
323
318
316
316
315
315
316
317
318
321
322
320
332
326
342
335
352
346
354
355
364
334
338
337
331
331
336
331
340
323
321
318
317
317
315
314
312
312
312
312
312
312
312
312
312
312
312
312
312
312
312
312
312
312
312
312
312
312
312
312
312
312
312
312
312
312
312
312
312
312
312
312
312
312
312
312
312
312
312
312
312
312
312
312
312
312
312
312
312
312
312
312
312
312
312
312
312
312
312
312
312
312
312
312
312
312
312
312
312
312
312
312
312
312
312
312
312
312
312
312
312
312
312
312
312
312
312
312
312
312
312
312
312
312
312
312
312
312
312
312
312
312
312
312
312
312
312
312
312
312
312
312
312
312
312
312
312
312
312
312
312
312
312
312
312
312
312
312
312
312
312
312
312
312
312
312
312
312
312
312
312
312
312
312
312
312
312
312
