2955
3288
2788
2750
2479
2506
2410
2232
2118
2026
2037
1956
1950
1863
1842
1769
1752
1756
1653
1665
1648
1712
1626
1536
1511
1480
1490
1470
1461
1457
1434
1386
1396
1333
1393
1366
1344
1372
1387
1380
1318
1282
1250
1253
1198
1225
1288
1276
1273
1252
1263
1316
1272
1302
1177
1162
1145
1104
1073
1048
1058
1026
1006
998
998
1012
1038
1045
986
1044
1031
1024
996
981
1013
1031
999
991
979
986
982
1000
990
1005
1026
1027
1025
998
977
980
948
966
955
926
946
908
919
947
926
954
957
946
957
1000
1016
1014
972
1008
964
969
984
970
974
994
1011
1063
1020
1027
1017
1003
999
993
999
1007
959
1001
1011
984
970
985
928
913
880
847
846
823
853
832
856
860
852
852
831
864
871
842
842
848
871
829
870
840
850
894
883
859
855
841
850
879
843
866
817
826
800
786
787
758
724
760
728
721
704
706
706
718
713
724
710
721
710
683
660
679
686
679
710
672
726
689
693
686
706
726
746
762
725
774
758
745
779
789
744
794
729
718
709
729
710
726
747
755
748
729
719
722
762
729
750
747
756
785
749
781
752
768
774
781
767
762
783
770
750
766
756
764
691
698
688
703
701
719
696
715
712
690
693
686
681
711
676
716
706
714
733
738
772
782
787
751
761
693
745
691
725
713
710
720
725
697
709
724
689
699
710
711
719
688
694
698
711
704
720
708
734
719
756
740
767
760
791
766
792
789
768
818
782
805
816
821
797
798
785
829
822
785
763
744
748
737
763
757
750
718
776
729
739
721
742
692
712
705
748
727
756
780
757
776
775
850
828
826
833
859
880
872
899
871
886
881
893
895
919
932
914
923
906
902
909
971
953
917
949
977
945
962
962
914
904
906
891
856
855
846
851
864
886
832
847
846
840
844
856
832
855
832
866
845
852
831
877
873
886
870
890
871
844
852
846
843
834
835
802
821
848
856
866
861
845
829
791
767
777
761
772
801
818
803
796
790
754
780
777
757
763
700
715
683
674
659
660
624
627
622
622
605
622
611
642
636
658
632
656
658
693
691
672
677
714
720
731
751
760
726
754
753
738
770
736
773
721
755
768
758
762
721
745
728
778
742
754
723
753
750
722
755
750
743
756
701
700
694
667
691
693
692
668
694
695
718
687
696
691
707
696
711
707
730
731
791
740
804
800
831
858
845
827
805
784
798
794
789
795
771
771
751
757
689
715
691
699
680
681
677
642
646
646
641
635
614
626
606
582
578
570
609
615
632
616
670
643
652
676
685
652
674
639
648
624
646
646
632
656
629
647
642
637
628
642
603
589
578
567
553
565
573
565
598
585
622
613
661
649
652
676
669
634
648
653
608
588
606
608
619
589
578
587
570
615
597
637
578
634
547
574
591
596
569
625
586
629
615
654
656
658
630
682
655
671
646
659
675
646
692
645
661
670
661
650
640
651
592
601
602
606
581
606
632
624
649
654
648
654
622
631
620
632
637
641
640
652
604
607
611
585
608
578
627
579
604
577
592
613
602
621
581
577
587
620
613
624
633
609
638
611
631
597
590
596
586
584
577
603
551
523
546
545
538
559
543
564
558
604
561
583
579
578
596
597
597
614
610
632
622
664
660
656
672
639
619
632
606
635
614
651
649
609
631
605
591
593
583
578
582
552
551
564
581
578
568
577
564
590
568
577
561
588
564
588
576
600
619
637
647
652
632
661
610
621
595
629
600
634
616
623
590
609
591
614
604
660
639
686
640
683
642
678
636
666
636
622
615
605
618
645
644
649
647
691
671
713
716
736
744
758
764
742
762
746
730
745
732
730
667
660
686
655
680
637
658
641
680
642
613
613
592
606
613
612
610
610
628
618
638
642
629
641
654
673
648
644
628
631
604
597
612
610
626
620
648
643
615
622
640
650
686
663
658
642
630
599
609
605
610
630
607
621
595
607
600
605
631
624
592
592
589
575
594
608
608
617
617
599
610
610
632
657
637
646
621
627
598
596
602
603
617
600
611
600
604
609
626
617
580
594
582
583
602
594
601
598
604
614
617
598
572
601
575
632
598
627
623
654
616
640
604
638
621
636
615
652
648
650
652
671
653
605
628
610
636
598
591
601
603
587
578
579
597
561
597
568
571
567
555
563
562
584
590
594
600
588
612
611
611
593
619
606
583
539
546
537
507
481
500
484
482
455
482
486
492
505
515
534
545
579
572
583
505
517
495
493
507
495
475
460
474
457
484
470
473
474
470
494
481
478
504
495
520
483
512
485
499
473
490
504
492
441
452
432
442
448
452
466
463
455
461
450
451
444
452
443
438
449
418
412
404
402
414
417
418
