2995
3405
2838
2871
2674
2601
2488
2371
2329
2176
2187
2088
2039
2104
2036
1941
1940
1924
1831
1831
1843
1871
1837
1888
1782
1773
1669
1612
1585
1547
1491
1497
1524
1513
1446
1442
1420
1430
1440
1456
1480
1421
1469
1350
1406
1330
1382
1327
1335
1353
1346
1289
1287
1317
1275
1293
1326
1280
1245
1231
1204
1219
1230
1191
1220
1265
1264
1307
1325
1319
1296
1346
1316
1360
1303
1317
1309
1280
1277
1234
1146
1129
1099
1132
1090
1055
1046
1031
1057
1066
1026
1025
1059
1020
1067
1072
1086
1066
1108
1095
1090
1072
1090
1094
1055
1052
998
977
955
957
976
989
973
970
1011
964
980
960
1019
1005
1022
990
1002
1001
1022
1051
1057
1036
1045
1050
1038
973
1020
1016
1000
986
954
946
961
948
938
967
953
963
1006
996
967
988
936
930
955
932
953
939
911
927
939
905
920
905
923
940
908
913
938
953
974
943
919
909
928
871
915
890
917
888
866
828
837
795
821
779
836
829
833
812
814
840
794
793
797
814
779
778
776
725
744
760
739
717
712
724
733
723
764
772
781
736
741
748
742
767
777
734
767
754
759
699
725
727
730
724
720
734
725
731
669
658
638
642
661
672
672
647
683
656
646
617
623
606
613
610
605
581
608
614
612
616
609
571
614
600
586
617
647
632
677
608
608
617
605
621
634
657
648
666
627
621
624
621
633
633
618
637
630
619
587
584
574
567
598
596
640
650
641
646
676
663
646
690
707
686
716
694
671
692
624
640
623
595
594
598
607
587
605
555
553
548
574
569
594
588
570
561
565
569
548
551
535
545
541
569
575
587
549
540
540
538
544
534
553
548
548
573
563
577
579
578
568
581
564
553
566
539
515
493
497
491
475
479
472
488
469
463
453
455
431
430
404
414
402
403
406
370
385
389
410
393
394
411
392
407
412
437
463
450
465
451
433
425
440
432
440
399
393
399
383
400
384
385
387
380
401
396
398
394
383
385
370
389
388
397
403
412
409
400
403
408
419
419
461
424
411
410
428
450
420
433
426
418
417
402
418
420
426
411
412
416
410
395
423
398
429
421
444
456
467
466
494
480
474
501
473
471
457
433
444
452
458
462
482
449
467
455
467
468
482
458
466
457
452
429
440
446
460
471
486
476
479
447
480
471
496
470
478
463
472
449
423
454
447
489
485
511
504
535
503
475
485
478
496
469
467
472
464
467
487
485
482
463
463
420
444
437
434
451
438
422
419
430
410
440
412
408
392
392
388
373
367
378
375
380
373
366
362
374
373
393
410
383
385
389
393
381
396
402
409
398
415
414
442
387
415
386
404
401
400
432
408
445
438
467
458
455
477
495
485
480
476
516
472
479
464
459
439
446
437
443
422
420
415
439
431
462
456
487
505
480
523
483
468
483
487
520
519
511
514
528
535
536
562
551
550
561
587
576
584
581
613
621
611
642
610
594
519
512
537
519
540
531
542
553
565
554
559
533
546
570
569
578
591
626
574
591
569
568
533
539
517
513
503
531
538
543
559
521
555
533
548
533
556
541
582
560
550
548
551
542
567
556
553
578
547
570
556
573
563
584
601
588
595
578
607
553
572
561
542
558
531
537
543
551
566
592
599
599
565
552
544
575
561
562
576
528
526
514
515
500
499
498
493
489
499
459
489
480
510
495
526
525
507
504
505
515
491
501
485
496
489
502
499
536
520
544
506
523
509
511
516
539
547
556
592
551
553
546
553
556
556
591
546
551
527
532
530
551
529
517
535
537
523
585
580
600
605
599
611
600
636
588
592
557
525
550
554
548
586
542
565
539
548
514
506
518
492
489
501
494
515
514
537
501
556
531
529
509
538
516
526
541
562
535
520
529
527
526
531
489
526
544
557
557
549
532
522
507
476
484
476
474
462
477
491
498
498
480
474
480
493
504
533
458
477
464
471
481
485
471
464
441
434
442
466
463
475
474
486
469
451
441
451
449
453
466
439
461
445
497
458
481
474
458
455
486
484
506
498
505
479
503
518
507
504
495
477
513
505
520
478
461
458
450
471
449
450
455
441
442
439
438
474
451
473
462
474
470
470
469
487
453
475
470
471
503
493
510
519
508
515
509
537
514
530
515
480
480
461
471
462
450
479
470
460
466
463
457
459
477
482
492
503
506
517
498
490
518
497
495
506
479
498
497
537
512
535
513
535
564
548
551
549
544
543
533
534
545
530
525
529
539
542
539
553
512
521
522
529
541
561
565
559
560
574
535
544
499
502
478
472
498
480
464
454
458
453
444
455
458
440
435
434
403
436
413
432
414
452
427
426
430
438
439
464
436
457
442
469
456
469
472
493
503
492
488
491
501
505
490
536
493
