3100
3589
2904
2898
2685
2598
2388
2357
2246
2202
2141
2037
2028
1947
1949
1879
1814
1736
1668
1652
1676
1674
1652
1656
1556
1553
1546
1593
1508
1540
1536
1557
1473
1436
1406
1375
1411
1429
1397
1397
1368
1321
1385
1326
1309
1266
1311
1219
1235
1217
1280
1170
1201
1173
1146
1180
1137
1103
1094
1148
1081
1076
1066
1073
1087
1100
1058
1042
1073
1032
1024
1035
978
904
894
887
871
901
902
878
856
880
854
853
838
868
866
906
884
915
901
891
881
842
847
865
882
899
834
853
841
835
879
835
862
895
912
926
917
914
859
866
883
890
883
862
868
855
848
836
865
838
827
844
857
864
878
889
933
945
947
958
938
910
906
920
890
876
932
870
906
805
822
792
777
789
804
774
743
799
776
789
807
854
823
796
768
755
749
694
710
717
720
712
721
755
721
758
743
780
765
741
743
722
732
758
728
754
745
778
800
840
883
882
876
909
911
899
926
826
858
831
835
807
863
869
888
891
913
915
913
885
851
821
835
808
803
849
761
784
782
789
790
803
804
834
819
819
797
753
775
761
750
790
765
769
710
716
713
692
698
707
696
666
665
685
669
704
674
669
687
676
689
660
696
660
672
704
702
691
721
703
704
715
700
742
711
726
726
705
663
655
636
644
628
617
616
598
621
572
594
568
592
548
532
550
563
567
578
608
567
569
583
576
576
578
592
599
596
591
590
602
600
603
586
602
602
581
559
590
532
552
552
579
563
593
590
566
550
570
570
580
546
526
539
555
553
567
570
555
551
543
558
556
545
522
529
553
545
557
560
533
540
551
527
543
546
540
532
511
532
501
519
492
488
498
493
485
478
488
473
495
495
511
485
521
491
529
516
550
521
550
533
529
483
477
493
494
500
501
496
498
465
479
472
490
492
491
467
477
465
462
477
470
487
510
491
517
488
494
494
486
497
462
475
487
486
479
478
478
467
484
473
495
483
482
481
477
455
452
448
465
460
413
413
422
417
426
426
425
428
417
421
418
435
423
427
433
467
437
483
456
482
462
495
465
458
436
451
456
462
468
442
461
438
451
435
440
430
422
430
434
427
434
433
450
453
444
444
459
448
467
473
461
468
491
466
495
492
468
506
480
481
470
479
453
455
447
455
477
472
476
473
504
483
495
467
476
467
477
471
483
479
481
488
480
507
504
517
516
511
513
522
510
507
535
531
526
519
520
513
531
509
496
530
479
492
498
520
507
508
525
554
475
494
471
483
478
483
476
457
462
475
464
490
459
463
455
453
435
424
426
411
409
410
420
426
415
424
418
422
435
437
441
447
478
458
484
489
513
510
531
517
524
516
504
492
498
483
504
510
506
473
485
477
487
466
474
447
435
440
446
435
433
444
453
453
469
449
454
464
445
469
463
478
484
484
489
515
526
523
517
522
517
537
548
565
563
533
513
534
497
495
487
493
494
487
478
472
481
477
484
498
495
522
500
536
532
530
533
526
529
552
523
531
520
520
510
517
502
507
517
537
551
534
532
526
522
529
526
547
526
516
549
543
565
565
552
569
539
508
516
494
492
463
472
462
465
475
466
481
465
487
437
461
455
480
488
501
492
489
491
494
506
491
520
479
500
493
500
516
529
519
529
550
524
531
516
521
496
496
496
530
516
524
536
544
516
549
502
561
545
543
586
582
609
617
625
608
622
614
610
611
627
646
665
669
672
639
671
608
643
622
615
606
641
608
648
605
630
619
656
617
650
659
682
678
653
669
635
636
639
641
630
624
642
609
591
630
647
655
639
663
637
640
651
675
696
680
663
662
677
683
690
707
714
697
675
667
685
688
672
658
694
705
721
737
739
687
725
672
724
668
693
704
659
658
682
653
649
682
690
710
664
694
695
713
669
673
650
685
611
634
624
581
558
540
539
554
526
543
505
517
523
529
533
523
536
538
547
542
515
511
513
484
505
503
484
497
479
473
457
444
426
428
443
417
430
401
407
375
364
371
366
372
349
361
355
368
354
371
354
355
368
378
378
369
369
385
390
399
409
423
404
402
391
379
401
395
399
415
412
407
409
401
390
389
399
422
409
393
379
384
385
388
392
390
401
383
401
386
402
398
408
404
363
375
367
362
366
367
365
362
372
372
369
377
383
408
379
382
357
358
347
350
358
356
361
364
371
399
394
414
415
430
420
423
443
434
447
446
459
441
433
402
390
387
371
372
388
366
354
356
358
368
360
355
349
355
378
368
379
384
397
390
403
397
413
396
396
386
399
396
428
391
418
381
400
388
392
374
361
369
360
353
354
351
349
336
319
309
302
308
311
318
330
352
332
356
338
