3035
3399
2964
2852
2656
2588
2657
2536
2426
2380
2363
2328
2283
2218
2136
2090
1978
1947
1813
1754
1720
1653
1572
1580
1534
1459
1457
1400
1349
1370
1400
1373
1437
1377
1374
1368
1340
1325
1317
1307
1277
1268
1269
1284
1296
1282
1284
1254
1213
1173
1129
1077
1135
1091
1070
1079
1071
1092
1135
1127
1094
1122
1131
1089
1124
1128
1150
1106
1129
1116
1107
1066
1082
1026
1054
1101
1054
1092
1044
1028
1007
1062
1006
1020
973
986
946
999
945
1028
1001
979
970
949
943
938
973
938
922
906
968
953
961
929
886
886
864
848
862
842
842
811
811
810
778
810
753
787
776
762
758
741
735
733
774
769
804
770
799
819
816
771
766
734
749
717
747
734
782
778
799
769
808
791
809
766
815
818
822
845
810
809
821
821
882
851
843
792
818
851
829
820
805
804
793
789
788
758
770
735
808
759
759
786
792
779
797
766
736
749
742
769
764
793
782
770
762
779
767
783
738
771
754
734
746
717
715
701
664
649
638
660
648
659
693
661
702
701
693
682
642
654
658
662
693
665
703
660
693
670
710
701
741
719
728
700
751
663
696
686
692
716
675
702
670
637
629
646
638
633
619
612
617
600
643
627
655
634
646
672
635
654
629
632
642
642
642
665
631
641
647
666
635
619
591
587
583
571
608
592
603
580
600
578
584
577
605
620
622
619
601
633
615
601
605
629
601
605
601
611
601
605
586
579
566
568
564
549
538
560
551
538
553
542
568
561
573
541
537
516
525
558
544
540
534
523
528
527
546
515
518
524
511
520
509
528
534
548
545
529
510
515
492
504
492
487
490
490
472
481
468
497
483
499
501
494
487
462
460
463
463
476
458
457
488
467
451
442
438
418
428
406
404
402
404
393
383
378
384
385
391
387
394
386
394
405
408
391
390
383
390
390
387
388
369
385
380
394
383
382
372
372
383
382
405
383
387
379
390
377
398
382
403
379
402
391
423
416
429
422
431
432
412
414
392
392
384
378
394
382
380
381
364
360
379
364
360
358
350
347
338
343
332
337
340
350
355
361
378
374
369
373
358
352
359
352
339
339
348
336
330
327
329
324
328
327
334
323
320
322
328
324
327
333
338
349
346
341
359
334
332
345
330
344
330
328
332
336
329
326
323
317
329
314
312
307
306
306
310
308
314
305
316
311
320
316
323
325
329
318
326
316
316
307
301
302
300
304
301
305
306
312
307
308
314
314
320
314
316
321
320
316
324
321
332
324
338
333
330
333
327
329
338
330
338
342
334
330
327
319
317
325
312
314
311
315
307
309
304
308
309
310
310
312
322
317
317
316
315
319
318
320
329
318
319
311
311
311
306
319
309
311
316
309
308
311
306
305
308
311
313
309
310
319
305
305
303
292
291
292
289
290
290
293
299
295
302
291
289
289
289
291
290
293
291
297
294
301
304
316
304
313
311
322
320
328
330
335
341
335
336
323
341
341
346
343
357
359
357
345
360
343
358
339
351
351
345
351
354
344
353
344
364
335
330
327
335
326
346
331
351
347
351
366
351
340
326
318
321
318
316
320
327
339
340
360
334
336
322
320
323
325
324
333
336
329
325
321
322
322
324
323
321
329
323
335
317
323
312
320
306
306
299
295
293
292
293
290
295
292
302
296
296
300
304
303
307
298
296
296
298
294
292
289
287
289
291
290
291
294
293
300
293
293
292
295
298
301
301
305
307
317
307
314
309
319
312
329
326
331
316
316
316
313
325
318
327
319
321
316
321
311
312
315
315
315
314
313
319
313
312
317
308
308
313
331
312
328
311
309
311
313
314
322
320
332
334
311
297
298
301
297
299
299
301
300
302
299
299
302
304
308
308
314
313
320
310
315
308
307
303
297
292
290
290
290
290
290
290
290
290
290
290
290
290
290
290
290
290
290
290
290
290
290
290
290
290
290
290
290
290
290
290
290
290
290
290
290
290
290
290
290
290
290
290
290
290
290
290
290
290
290
290
290
290
290
290
290
290
290
290
290
290
290
290
290
290
290
290
290
290
290
290
290
290
290
290
290
290
290
290
290
290
290
290
290
290
290
290
290
290
290
290
290
290
290
290
290
290
290
290
290
290
290
290
290
290
290
290
290
290
290
290
290
290
290
290
290
290
290
290
290
290
290
290
290
290
290
290
290
290
290
290
290
290
290
290
290
290
290
290
290
290
290
290
290
290
290
290
290
290
290
290
290
290
290
290
290
290
290
290
290
290
290
290
290
290
290
290
290
290
290
290
290
290
290
290
290
290
290
290
290
290
290
290
290
290
290
290
290
290
290
290
290
290
290
290
290
290
290
