3040
3425
2866
2843
2610
2457
2382
2283
2268
2233
2124
2037
1955
1984
1895
1852
1791
1680
1660
1599
1571
1547
1524
1567
1531
1576
1555
1548
1518
1550
1523
1473
1465
1423
1439
1358
1359
1326
1302
1293
1226
1247
1179
1186
1165
1158
1211
1141
1125
1158
1109
1161
1147
1095
1086
1069
1028
1045
1024
993
1018
1014
1018
993
1022
1027
1067
1048
1077
1095
1109
1092
1075
1012
945
963
959
958
1002
974
947
978
948
981
943
934
974
956
970
929
919
938
906
910
907
869
834
856
889
873
871
882
818
886
830
835
824
807
832
815
789
797
798
777
833
814
848
868
778
805
783
766
764
768
779
752
755
739
785
780
760
778
765
830
731
724
720
731
727
716
713
714
734
716
706
682
670
647
638
621
625
629
633
623
634
614
614
613
613
619
605
612
616
620
620
589
614
552
574
537
543
538
519
554
514
541
548
523
534
533
546
511
536
538
540
567
531
572
529
533
539
539
561
538
539
566
517
530
497
480
473
500
498
513
509
475
482
466
453
476
455
445
425
432
443
449
464
456
451
442
455
461
474
471
482
488
498
497
489
482
485
489
503
492
501
500
536
534
566
534
550
552
590
569
610
565
547
556
513
493
477
486
490
472
503
478
483
480
492
501
503
531
514
511
510
521
504
531
503
518
521
526
536
561
578
559
600
553
561
550
585
560
577
531
547
536
546
524
514
498
506
498
505
501
506
499
504
524
501
492
496
504
496
504
516
528
522
517
529
544
564
530
542
529
535
502
525
502
502
472
482
481
501
483
500
469
466
455
482
482
501
507
513
522
536
529
546
533
532
533
533
572
519
532
511
513
500
524
500
510
494
498
495
483
491
506
476
492
476
474
486
493
486
491
485
500
499
506
507
509
531
531
548
513
526
511
526
524
560
533
558
525
514
495
499
494
493
499
487
502
511
518
533
526
520
527
547
536
553
555
577
549
558
562
548
563
557
550
517
556
518
519
528
502
520
513
487
508
507
529
537
528
546
536
555
540
495
498
489
500
500
511
531
499
505
513
527
512
518
502
516
492
492
473
476
468
477
492
473
483
487
485
480
479
501
494
496
494
535
505
503
515
502
493
481
483
490
500
514
500
517
505
478
469
465
471
492
499
511
542
509
511
543
534
544
537
555
546
547
543
554
536
523
517
506
496
519
483
486
479
502
489
497
483
509
520
510
524
535
539
521
490
502
492
502
499
481
481
467
479
479
488
476
461
455
440
458
460
458
468
453
476
474
465
457
462
475
462
469
506
488
496
486
481
471
480
483
482
471
488
463
469
461
457
467
473
476
463
471
433
481
444
489
452
475
442
450
471
472
478
498
495
510
520
489
503
513
515
498
485
466
437
423
417
427
414
418
432
429
436
438
446
452
468
475
469
484
475
475
475
471
492
491
515
514
532
515
526
512
515
502
503
496
509
483
490
480
477
485
462
482
474
483
481
476
475
483
492
504
526
520
544
537
536
550
544
561
555
544
551
551
566
560
552
546
527
529
522
504
509
520
516
518
518
533
527
556
522
527
513
541
511
549
520
558
527
568
543
569
533
549
550
577
530
533
554
524
561
521
545
555
590
580
602
575
556
529
544
579
563
586
571
562
537
564
530
537
518
524
521
506
531
522
537
540
523
507
514
501
516
531
537
529
563
575
578
569
554
571
550
589
532
563
536
553
561
555
576
598
575
599
558
540
534
532
538
534
528
536
534
524
537
510
534
546
538
540
565
538
555
552
581
561
585
554
599
571
581
588
557
565
559
547
531
536
519
532
484
510
470
496
468
484
484
483
474
484
478
511
497
510
495
525
510
536
521
517
511
529
525
508
495
490
480
508
502
494
514
488
506
476
487
484
492
470
498
451
486
437
415
399
394
405
402
388
391
405
396
407
406
401
404
393
416
396
422
416
438
414
436
432
404
409
401
400
402
398
419
415
421
412
405
426
434
434
428
423
390
375
369
376
350
366
361
358
363
375
365
371
380
383
406
389
401
391
377
371
367
352
362
349
361
365
352
338
327
339
350
348
350
336
341
356
371
377
367
337
352
328
342
337
343
337
327
340
340
326
319
320
308
311
315
317
302
302
316
301
313
309
310
301
321
304
297
299
309
304
304
311
310
303
317
314
344
323
349
345
361
363
352
353
351
356
345
339
324
337
338
348
343
361
354
335
326
325
316
318
312
320
327
327
343
349
347
355
344
361
353
354
337
353
353
358
354
357
354
356
348
345
353
339
344
345
354
345
358
355
356
333
346
332
331
342
339
334
339
323
327
313
322
328
337
335
336
321
327
340
329
335
319
