3012
3489
2916
2985
2625
2640
2600
2539
2382
2387
2188
2144
2097
2069
2065
1966
1940
1876
1835
1740
1706
1711
1637
1633
1592
1575
1536
1551
1485
1507
1508
1480
1438
1436
1398
1381
1358
1382
1327
1361
1373
1387
1336
1338
1301
1270
1263
1292
1316
1288
1371
1347
1376
1321
1355
1327
1342
1328
1326
1276
1276
1271
1248
1208
1202
1264
1219
1232
1280
1229
1258
1218
1240
1164
1251
1223
1196
1211
1179
1202
1175
1190
1167
1231
1196
1148
1184
1144
1166
1121
1171
1097
1107
1039
1035
1097
1089
1078
1019
1051
1027
1038
1020
966
965
960
949
922
943
914
925
892
881
852
861
790
777
772
748
781
784
783
817
757
748
737
768
714
777
769
795
768
792
808
789
804
744
763
731
784
736
719
669
684
691
684
706
657
681
622
656
628
659
643
626
610
593
590
624
632
656
655
680
674
656
640
617
673
665
696
675
726
713
729
754
722
721
714
718
724
803
748
779
747
776
786
765
765
772
776
774
764
754
778
747
781
760
757
773
761
755
781
747
743
703
705
672
696
663
670
670
639
634
631
600
630
642
654
703
723
710
732
725
707
669
665
655
658
646
648
640
643
615
613
598
631
590
598
591
586
589
581
587
567
606
568
617
532
543
559
569
576
579
564
564
574
595
571
604
606
587
613
576
607
605
617
592
612
627
632
638
636
592
612
566
592
565
585
587
586
550
544
590
570
583
583
580
580
592
586
615
606
623
585
601
568
597
616
590
595
592
595
584
561
591
557
550
574
567
557
555
516
540
481
514
472
464
478
500
457
466
461
467
450
459
431
425
423
423
423
448
441
437
436
441
449
411
428
406
443
427
428
436
429
438
438
439
415
432
414
425
416
430
451
437
455
459
465
440
457
460
497
433
445
439
437
459
437
417
408
423
420
425
420
409
431
429
421
441
450
456
443
458
449
456
432
450
437
439
440
442
456
450
453
454
443
441
451
445
451
458
466
438
452
448
450
479
478
451
463
460
489
491
528
540
544
522
504
520
508
516
518
546
497
501
500
484
497
495
485
492
473
483
478
472
486
495
517
500
507
483
488
493
497
475
475
474
482
478
481
499
501
517
531
521
540
540
527
535
551
559
546
546
545
566
551
569
548
554
576
535
536
510
499
514
518
528
516
510
520
499
501
522
494
540
509
488
490
503
474
488
470
461
449
451
454
446
446
446
454
428
418
409
400
415
405
421
402
403
414
411
432
447
445
444
453
426
447
447
473
453
492
463
498
492
493
499
532
526
515
531
492
473
508
502
529
469
471
477
483
506
487
502
493
520
536
565
514
534
529
528
484
502
488
480
500
492
504
476
485
485
501
506
503
490
500
526
522
529
534
534
531
544
531
565
538
546
539
553
556
557
550
589
553
562
562
545
555
518
543
528
521
529
513
531
528
510
513
514
525
530
538
547
559
578
576
561
559
594
588
577
561
569
568
591
582
560
593
563
604
540
543
516
494
460
452
452
444
448
430
459
460
450
446
429
451
437
446
453
465
468
498
499
536
527
520
540
520
542
513
543
558
537
512
520
518
519
503
494
496
485
484
491
481
510
519
514
524
508
526
530
541
517
524
514
501
518
500
507
483
484
465
465
468
456
442
460
450
441
452
464
464
472
459
456
443
446
457
464
494
511
523
515
505
505
489
484
494
496
491
507
485
515
514
534
530
519
488
512
513
523
528
490
485
457
477
466
480
477
452
468
446
456
440
439
432
416
428
407
412
408
419
415
396
394
392
386
398
401
403
411
392
410
410
413
427
390
398
392
386
382
396
386
383
362
384
370
365
357
367
349
357
345
351
357
363
370
377
375
389
403
408
403
411
397
423
417
423
422
417
444
417
421
415
393
391
392
398
389
395
390
388
394
392
403
380
369
367
373
362
378
372
345
352
343
350
332
326
330
334
323
314
316
327
348
328
337
334
338
334
339
345
351
349
364
357
377
378
365
368
350
353
354
335
330
335
331
340
335
349
342
363
363
351
360
361
384
381
418
381
387
388
409
395
393
409
382
389
374
359
359
373
352
364
364
365
361
361
361
355
367
353
358
364
373
355
375
351
350
340
347
355
330
344
334
326
330
337
321
330
333
331
338
315
305
303
296
303
300
298
301
299
302
306
294
299
298
314
291
290
287
287
285
283
277
274
277
277
283
274
276
278
280
274
278
276
281
276
282
280
281
278
274
275
274
284
276
279
271
278
276
282
278
282
283
283
280
273
268
278
266
271
263
258
263
263
267
267
275
268
268
270
272
271
268
268
267
269
270
274
275
278
291
273
275
278
274
270
268
264
266
265
267
271
270
282
265
265
259
258
