2989
3513
2868
2889
2625
2605
2407
2508
2271
2220
2217
2099
2096
2029
1966
1984
1990
1962
1928
1892
1869
1812
1811
1730
1719
1672
1644
1569
1542
1620
1530
1516
1460
1557
1460
1515
1446
1473
1412
1415
1376
1368
1358
1354
1381
1370
1307
1344
1343
1375
1301
1349
1369
1337
1298
1356
1320
1289
1283
1295
1271
1207
1186
1149
1175
1169
1142
1140
1188
1210
1178
1171
1167
1124
1141
1141
1083
1081
1079
1109
1113
1094
1072
1120
1082
1131
1103
1081
1050
1008
1014
1018
1060
978
1041
1005
1028
997
1017
1009
998
977
952
984
979
928
968
914
954
898
912
953
934
919
932
872
907
870
888
910
901
929
902
906
927
927
958
959
980
933
990
939
953
919
932
942
927
938
936
909
872
859
850
859
896
874
896
853
883
858
891
896
884
879
858
838
826
820
757
783
724
742
735
777
758
783
787
803
804
826
828
785
793
796
765
793
783
806
839
829
842
801
758
774
746
770
755
772
749
731
716
778
774
778
793
772
810
773
848
832
834
826
811
781
806
776
764
711
761
744
784
774
750
748
758
743
785
741
728
712
712
744
743
707
713
683
721
692
728
766
751
781
773
749
728
719
743
716
724
685
723
697
750
699
729
671
727
718
751
718
753
728
788
762
798
824
838
842
866
859
889
821
821
785
783
797
794
804
761
790
778
810
772
765
771
760
751
709
736
701
763
731
753
745
760
755
747
743
704
693
717
725
683
691
709
678
674
676
655
624
609
605
598
609
610
605
641
609
596
578
589
568
584
546
545
559
579
587
572
564
555
543
564
550
549
560
533
517
542
528
563
562
573
542
540
542
509
538
538
550
515
520
510
552
521
552
523
549
534
564
536
541
539
523
526
546
543
557
551
536
537
518
527
529
541
522
534
518
501
540
525
522
541
545
540
551
577
569
572
559
554
547
572
576
588
536
551
532
527
508
514
524
518
552
536
531
519
516
507
485
496
521
521
509
522
502
523
510
554
529
542
526
517
527
530
534
545
554
591
579
580
600
593
608
627
651
671
682
733
702
714
722
708
704
709
686
700
680
691
668
662
657
670
678
665
666
662
656
636
664
623
621
655
642
649
648
662
623
638
642
707
677
723
705
724
690
704
696
703
721
723
703
699
690
705
724
697
713
672
681
640
697
675
682
683
700
670
680
671
669
651
676
683
715
671
690
684
701
661
674
674
674
622
635
609
625
592
644
613
635
626
598
619
623
611
596
590
568
559
558
564
542
562
547
546
545
564
573
571
555
585
566
601
561
600
552
596
567
582
546
545
525
523
533
528
529
529
531
550
549
550
551
553
560
556
542
563
554
559
541
540
538
544
525
527
544
528
534
536
532
560
568
591
605
610
596
591
584
605
597
599
576
590
589
608
609
596
604
649
641
627
622
604
634
634
618
622
649
650
650
664
645
677
657
692
702
673
701
724
711
706
714
730
724
764
728
768
776
771
799
734
736
719
729
719
707
717
692
722
702
725
688
723
685
659
641
660
669
666
666
600
599
602
594
585
599
596
596
575
603
599
619
595
597
594
593
594
577
550
556
530
531
554
527
574
523
531
505
506
534
532
556
541
552
545
551
521
531
498
503
510
492
491
490
492
496
500
513
520
535
556
561
548
544
549
550
568
543
535
511
526
522
493
495
493
484
493
488
502
493
507
501
501
512
523
525
533
516
496
488
481
482
487
482
490
484
470
463
471
460
478
472
489
475
489
464
455
463
475
484
495
473
491
480
497
486
514
489
504
476
487
470
461
462
469
470
453
445
447
443
452
432
432
430
431
430
433
432
426
442
429
423
446
446
450
459
454
464
464
475
461
464
457
463
446
460
451
473
444
441
446
444
453
447
464
462
455
462
482
482
483
475
487
499
497
518
492
491
466
470
464
461
450
459
463
475
477
472
487
468
476
493
488
507
489
508
517
498
524
515
528
511
533
500
497
502
474
466
497
455
457
457
462
467
462
472
467
483
474
472
449
472
453
450
439
442
444
461
451
461
464
460
450
461
462
479
470
476
464
469
485
468
479
468
501
497
517
502
521
515
510
497
514
510
517
487
500
506
504
498
494
485
501
471
485
459
470
480
489
474
470
465
475
466
441
430
432
420
419
406
401
395
401
413
407
413
417
417
424
421
425
427
439
442
440
450
466
486
480
474
497
512
496
494
497
512
520
521
539
537
556
571
542
570
558
547
553
551
553
545
559
564
571
549
559
540
567
559
550
562
526
530
520
516
499
498
498
495
502
490
467
446
438
449
441
431
430
425
426
435
431
429
451
453
463
448
437
443
424
444
438
455
443
462
451
454
452
449
454
453
