2971
3373
2814
2788
2496
2453
2274
2262
2117
2020
2002
1975
1876
1901
1805
1753
1799
1807
1788
1752
1728
1663
1578
1622
1557
1511
1484
1390
1437
1442
1427
1394
1400
1395
1323
1394
1357
1336
1371
1308
1378
1317
1337
1279
1268
1296
1227
1279
1256
1296
1327
1340
1228
1326
1261
1290
1251
1287
1218
1243
1186
1127
1086
1123
1086
1096
1098
1080
1055
1024
1076
1070
1091
1099
1079
1119
1063
1081
1052
1062
1046
1056
1058
1095
1048
1091
1086
1087
1084
1114
1136
1042
1075
1039
1055
1018
1025
1102
1072
1106
1078
1091
1115
1162
1151
1184
1205
1165
1197
1184
1181
1165
1149
1170
1104
1214
1167
1118
1150
1166
1157
1177
1176
1194
1181
1236
1136
1127
1093
1085
1016
1090
1059
1036
1052
1044
1014
1040
1029
986
1030
996
996
995
1019
1029
1005
977
994
961
966
978
952
1007
982
1007
966
914
921
889
939
921
902
871
906
886
903
898
882
857
888
917
925
925
943
925
977
944
1026
994
967
938
972
900
895
869
849
878
878
827
832
832
884
889
892
917
930
894
914
910
885
819
837
780
840
827
866
816
847
804
871
745
768
735
780
732
718
754
713
772
756
796
761
771
795
793
852
789
877
873
891
856
876
849
871
874
935
887
925
910
928
937
861
911
824
837
829
793
808
808
828
823
879
811
830
782
791
734
768
776
769
746
764
705
737
735
784
757
790
795
809
781
806
784
820
784
837
851
855
840
809
774
781
763
744
731
741
727
719
712
738
730
741
743
748
764
779
772
783
764
808
775
804
810
795
818
800
835
802
814
810
849
826
796
815
804
833
914
909
924
898
924
930
909
894
921
880
926
926
939
931
958
941
980
964
999
943
970
971
922
906
887
884
887
821
819
821
843
850
861
868
888
934
925
988
941
981
887
945
895
931
914
923
927
911
935
888
885
880
896
830
843
851
869
856
852
804
843
839
840
859
830
818
798
830
827
872
823
797
798
756
761
758
773
743
738
717
718
710
726
728
738
718
748
664
689
724
739
756
748
772
753
765
744
742
718
762
726
703
682
708
707
735
740
745
747
738
763
765
779
787
771
823
753
788
755
773
796
818
835
814
800
774
800
794
835
868
865
918
879
881
823
828
812
811
822
829
874
863
892
889
905
902
875
864
862
817
806
780
735
760
737
793
767
819
777
750
743
750
776
802
791
766
764
763
762
780
787
806
765
830
801
832
816
849
785
815
789
851
777
795
814
800
775
800
807
799
837
816
786
742
747
752
736
753
756
781
776
790
811
763
747
744
750
775
738
713
702
700
682
673
670
675
668
693
715
712
703
681
648
662
656
628
627
615
604
590
603
615
623
630
630
638
682
675
672
712
658
689
673
691
697
701
704
722
746
761
742
697
672
661
676
702
687
730
729
729
750
752
709
700
694
667
669
629
625
640
619
632
614
627
637
602
598
575
592
570
604
559
560
572
562
566
589
607
624
603
581
614
610
639
639
640
670
675
690
645
669
651
650
627
624
621
619
595
636
612
611
599
606
605
572
566
562
566
549
590
592
576
584
594
569
618
580
598
574
577
583
576
567
578
570
543
540
559
558
565
538
571
542
577
533
543
571
586
573
609
599
582
559
598
579
600
593
640
612
622
632
648
636
679
672
658
642
651
646
660
644
645
640
606
633
615
641
631
612
635
606
613
608
609
622
605
590
574
586
577
550
568
555
568
578
562
576
577
597
587
607
618
608
606
619
614
623
626
645
621
625
607
592
610
582
570
558
538
562
524
495
487
479
468
481
461
475
480
467
487
494
522
539
490
519
504
466
456
476
451
432
440
414
429
423
423
423
434
435
434
414
414
412
420
400
411
402
426
419
395
412
407
388
394
393
394
383
382
388
393
393
396
392
380
378
370
361
358
356
363
380
381
387
383
390
385
390
406
390
419
396
408
416
414
383
372
369
367
376
377
365
363
363
369
367
388
371
393
382
384
402
421
404
418
416
413
418
415
421
420
407
409
407
403
420
421
447
427
458
452
453
463
466
476
493
512
499
510
498
499
503
519
495
479
488
474
474
464
519
471
484
464
463
440
466
436
432
420
419
418
424
426
411
437
437
452
453
444
441
445
438
459
456
468
475
457
478
455
448
419
426
445
420
434
404
415
416
411
416
395
397
390
407
388
401
406
431
397
397
391
396
391
388
395
400
379
386
390
406
415
415
414
385
381
381
385
395
371
362
366
350
350
363
366
366
363
370
368
370
383
371
378
377
379
390
384
389
384
374
363
366
362
350
355
369
350
347
347
355
362
367
362
375
373
383
369
388
389
383
396
379
365
356
350
344
357
354
348
355
341
346
345
353
355
363
370
362
372
372
381
354
356
354
