3023
3461
2979
2974
2778
2591
2475
2366
2208
2200
2128
2037
2007
1940
1921
1833
1799
1745
1658
1659
1694
1634
1570
1511
1506
1455
1379
1318
1309
1288
1334
1286
1271
1248
1292
1252
1264
1238
1214
1251
1187
1204
1160
1135
1159
1170
1129
1146
1085
1081
1049
1063
1042
1014
1072
1027
1045
1007
1037
1046
1059
1024
1066
1050
1076
1107
1032
1077
1023
1027
1039
1050
1012
1020
1004
998
1002
1009
978
972
1009
953
943
899
918
915
885
946
918
946
912
914
894
946
911
922
923
926
895
914
885
886
856
856
808
807
802
818
795
784
814
793
762
798
740
798
759
779
794
833
815
863
845
838
858
831
849
880
928
854
863
877
865
889
796
781
771
769
773
750
783
798
794
818
813
763
764
779
746
797
788
794
771
801
828
861
826
810
821
755
795
818
811
835
786
840
818
838
857
821
826
832
808
769
761
751
766
748
776
741
739
724
746
716
741
771
755
764
756
693
715
714
733
745
752
743
737
752
743
717
771
782
769
765
734
739
743
712
722
713
726
739
693
695
696
705
669
648
654
647
640
632
642
677
678
686
659
668
673
660
682
642
632
632
653
687
683
679
709
688
710
739
715
732
759
751
748
729
710
706
672
712
673
693
689
697
688
708
679
684
683
699
700
703
719
704
720
685
710
685
706
697
707
687
713
718
728
747
753
793
780
775
785
747
756
797
777
779
790
758
780
788
776
824
813
813
767
762
769
789
744
727
721
719
725
705
691
737
729
720
715
745
719
760
705
737
735
737
755
827
824
811
852
805
826
807
822
825
801
794
787
756
776
768
810
740
765
738
742
704
712
680
681
660
684
715
693
719
749
738
703
699
693
721
687
719
716
725
744
738
736
754
743
740
763
719
730
716
724
704
700
651
665
633
645
660
673
652
670
671
696
681
718
685
697
661
658
637
631
640
623
609
569
582
592
588
579
623
602
599
562
588
568
555
554
566
569
574
571
551
573
581
603
565
607
570
586
572
620
626
654
672
668
681
665
674
651
690
681
704
705
668
690
663
620
636
617
623
605
569
600
552
575
531
563
542
541
540
534
512
537
515
497
520
502
514
515
518
520
543
577
588
608
621
626
630
652
627
651
671
664
662
672
631
634
636
636
655
629
635
658
628
672
655
671
677
696
683
722
721
766
665
693
675
643
644
652
657
613
653
628
597
583
596
597
571
572
591
581
573
579
569
577
561
559
560
569
551
550
514
513
521
529
527
541
518
493
503
482
486
478
464
464
472
477
456
462
450
482
489
504
506
525
502
522
545
526
499
504
492
497
475
459
470
467
473
455
480
460
456
465
444
454
458
462
457
453
456
458
460
462
462
458
453
445
463
452
484
488
488
480
472
471
453
471
447
474
444
445
420
408
410
429
430
435
421
415
421
434
440
464
468
510
490
521
498
541
534
521
534
551
560
555
560
556
572
572
558
600
591
629
583
588
577
595
580
581
595
611
603
600
561
571
562
581
573
586
628
643
641
663
648
667
645
704
661
685
664
698
681
712
776
716
758
725
781
745
775
773
723
703
709
716
766
718
734
687
727
694
739
691
659
617
629
613
631
619
619
622
622
618
610
583
629
548
556
549
544
564
564
549
557
539
545
562
563
582
589
571
550
535
535
554
557
556
556
574
547
552
512
538
541
538
547
536
535
542
539
547
544
557
543
551
551
599
611
594
575
591
596
562
569
545
581
588
612
636
690
689
665
686
676
681
663
699
685
713
691
738
727
732
732
756
735
717
708
717
714
722
725
720
724
691
725
691
721
704
717
696
712
686
685
647
646
649
648
628
636
637
603
568
561
544
560
552
582
567
571
598
595
620
613
647
637
639
663
668
645
674
643
654
618
609
601
618
609
642
678
654
701
677
726
718
713
735
736
736
741
739
718
681
672
651
639
649
666
680
673
662
664
649
664
699
675
695
686
691
689
687
688
675
682
682
713
719
676
688
676
666
671
637
657
622
663
632
615
570
546
557
538
536
517
515
519
512
522
534
558
579
603
555
568
545
558
542
541
547
553
584
566
571
576
581
570
559
570
593
639
632
633
606
611
566
593
577
580
572
549
578
560
567
559
549
553
545
563
570
567
563
546
567
549
569
603
611
656
601
610
586
586
582
566
557
577
575
543
511
501
504
504
524
511
519
488
519
514
532
526
525
532
547
558
558
588
553
560
558
555
549
543
539
554
527
530
547
525
523
522
517
501
526
534
536
561
554
542
545
576
562
584
583
564
599
567
551
544
564
549
527
525
522
508
528
490
534
501
502
484
486
484
508
495
490
513
483
482
491
494
490
499
