3027
3473
2889
2882
2691
2558
2442
2434
2229
2218
2149
2118
1961
1975
1908
1983
1842
1853
1731
1653
1611
1606
1554
1531
1563
1525
1513
1510
1470
1495
1472
1438
1392
1392
1368
1374
1267
1276
1260
1304
1274
1260
1276
1258
1221
1204
1119
1098
1115
1112
1100
1069
1061
1095
1031
1002
969
937
964
939
949
976
994
999
1070
1020
1030
1052
1023
1036
1001
1024
1025
996
1052
1033
1035
1038
1093
1032
1024
1026
1049
1023
1000
990
950
989
993
999
974
922
972
946
954
905
894
874
790
800
770
786
777
796
861
826
860
828
859
848
838
867
871
855
838
851
872
887
814
828
801
805
849
812
812
784
802
795
779
784
745
756
750
732
762
768
779
767
749
778
772
750
782
736
763
749
740
735
741
749
726
736
692
708
708
703
702
700
706
683
688
714
727
735
763
749
759
743
755
741
712
710
700
761
722
730
695
754
718
762
701
728
740
746
724
707
686
669
711
734
732
750
718
706
705
674
725
750
774
763
762
773
775
778
746
763
818
781
784
768
759
741
749
766
762
731
768
730
735
756
707
756
764
760
786
731
760
715
741
725
721
717
683
726
700
743
690
687
664
609
609
581
569
585
586
611
611
588
591
596
580
579
556
580
586
586
613
581
581
565
554
555
567
561
573
588
607
620
616
629
631
641
634
672
659
645
628
602
600
604
614
624
599
664
617
606
617
631
625
615
650
669
681
676
675
660
665
669
684
644
623
593
603
570
572
583
610
588
618
614
591
582
599
585
613
598
563
563
567
560
586
575
566
570
585
580
599
622
619
604
616
589
596
595
609
650
624
634
626
596
592
570
611
623
592
586
601
585
594
569
547
520
521
505
529
487
462
437
432
413
427
416
416
418
418
438
442
450
458
458
487
458
462
489
510
528
507
482
482
506
518
481
520
478
505
473
507
460
482
499
511
500
526
550
547
553
546
525
543
562
542
566
597
599
603
598
601
627
605
631
624
644
642
624
622
665
639
647
633
655
636
642
653
642
626
631
648
639
653
674
631
666
649
677
662
647
622
618
595
599
592
586
601
605
588
624
610
653
639
664
652
652
640
633
585
605
591
615
610
602
591
590
561
577
579
598
625
619
627
611
613
600
582
585
603
607
610
629
623
630
626
600
648
630
650
654
624
642
617
604
588
594
598
579
593
578
591
585
640
613
611
598
594
545
550
561
544
528
541
551
519
531
540
536
528
542
540
542
561
549
515
505
496
504
508
498
536
492
507
507
505
512
544
543
533
563
583
555
535
553
534
523
520
543
543
545
556
568
580
556
557
541
537
519
555
540
572
538
554
550
575
532
520
551
536
559
563
583
578
563
576
590
617
638
646
647
638
612
592
625
629
598
608
609
626
633
655
621
662
640
645
636
667
670
647
628
614
597
569
569
554
552
549
550
554
582
584
585
596
613
617
594
604
584
647
599
628
586
636
588
623
585
599
580
578
578
567
580
590
523
527
529
525
533
559
571
572
582
612
604
635
608
624
617
608
624
584
534
531
521
497
515
485
500
473
503
492
513
486
502
483
473
494
504
495
496
484
496
472
482
497
496
498
482
499
491
517
523
475
495
500
514
526
534
507
531
550
518
530
524
525
500
488
472
484
478
475
488
460
473
451
457
465
473
464
476
472
485
481
482
474
478
475
454
444
467
459
439
440
432
422
429
426
435
439
467
462
465
475
497
480
470
457
446
427
452
438
437
422
435
413
411
410
417
411
414
406
403
410
430
422
442
463
443
462
447
441
456
448
440
463
493
484
506
483
491
500
517
560
549
542
555
583
564
549
548
554
550
579
546
558
586
550
558
554
592
575
595
560
601
586
579
561
562
590
567
594
597
608
594
618
633
623
610
609
622
581
586
588
570
583
573
576
581
607
631
642
614
627
645
649
631
645
633
607
596
601
612
657
607
634
628
622
620
633
625
578
571
536
544
539
563
520
517
514
507
520
457
488
451
470
439
430
440
413
420
426
422
443
401
442
411
459
424
462
453
470
489
495
488
492
487
511
495
461
452
488
465
463
452
462
459
466
471
470
481
444
458
441
452
442
445
458
448
456
448
437
438
431
451
441
424
417
409
429
431
427
443
430
466
461
493
455
473
442
449
448
459
447
442
468
456
456
466
472
478
476
466
483
482
488
484
471
463
502
437
422
421
399
395
393
408
389
374
377
373
374
400
386
394
353
371
366
362
359
344
341
346
316
330
318
324
341
330
330
339
342
344
337
361
352
354
372
363
384
384
359
389
360
352
344
364
368
366
358
370
385
389
390
378
396
402
389
375
376
373
387
387
401
406
