2996
3269
2949
2765
2711
2625
2416
2385
2270
2198
2172
2114
2067
1940
1908
1821
1777
1717
1741
1706
1658
1595
1512
1518
1495
1521
1512
1495
1479
1429
1432
1443
1424
1431
1391
1327
1348
1373
1406
1374
1369
1390
1344
1371
1341
1357
1341
1283
1319
1237
1281
1270
1232
1198
1197
1216
1209
1218
1219
1149
1150
1206
1196
1202
1246
1184
1173
1168
1133
1114
1111
1082
1121
1112
1100
1091
1175
1081
1067
1049
1074
997
1032
975
946
959
890
931
863
838
819
894
856
908
897
912
881
846
884
830
848
859
873
907
861
883
892
925
913
955
927
925
976
920
934
890
897
897
888
861
816
823
811
841
824
837
865
894
885
881
854
896
861
928
871
910
825
870
855
854
818
811
813
812
787
771
790
799
800
802
799
799
800
780
764
769
746
740
732
757
752
732
785
794
850
791
836
749
766
723
761
774
719
734
730
702
688
688
674
670
685
731
710
682
671
646
654
638
641
665
654
678
632
627
627
645
652
664
633
666
646
680
678
707
683
688
674
701
650
654
662
658
649
651
645
661
626
681
637
645
624
624
626
627
602
589
612
613
620
635
653
629
634
644
599
648
627
624
616
640
645
625
608
590
560
525
536
530
520
519
552
554
541
555
552
552
551
549
567
603
605
613
606
614
593
605
583
583
575
604
598
599
615
626
617
626
609
600
592
603
624
596
584
579
574
590
582
608
621
634
637
617
594
606
595
593
612
618
628
633
709
642
673
649
678
695
700
704
724
720
732
748
714
709
711
723
721
746
745
751
768
778
759
742
762
698
709
691
681
675
652
669
663
640
650
636
635
586
606
637
641
658
618
547
559
531
533
531
556
539
558
562
553
561
563
556
564
565
556
568
594
586
601
583
614
623
616
640
616
632
598
604
571
569
544
577
569
591
575
582
597
604
628
615
617
618
607
604
602
593
586
597
614
611
627
657
653
645
652
640
617
593
597
568
527
542
526
558
548
556
551
582
557
542
527
518
536
536
545
540
520
496
469
456
472
462
469
468
454
452
482
464
451
461
454
448
451
434
444
434
445
437
434
427
444
449
421
427
415
411
413
431
420
440
422
423
398
411
399
426
403
410
415
414
417
420
427
445
430
433
442
423
420
416
420
431
430
449
444
456
447
452
458
438
455
436
464
427
432
424
443
447
462
434
425
432
426
431
439
457
453
456
462
445
448
458
452
460
444
457
438
437
434
433
445
432
446
420
420
423
405
413
402
407
409
404
414
421
397
391
407
394
388
383
383
380
379
373
373
364
366
378
383
403
404
437
414
439
425
442
449
464
472
472
467
472
475
467
496
473
506
479
504
500
543
502
517
495
489
490
505
506
501
519
520
549
533
527
522
531
524
520
496
520
500
545
514
530
483
480
490
487
460
446
457
417
411
402
397
377
372
369
374
366
365
362
353
349
344
346
341
347
338
338
351
340
345
344
340
360
340
355
345
354
353
368
367
377
384
385
371
380
364
364
358
358
361
356
361
361
366
368
386
372
377
367
369
376
381
372
378
382
400
375
389
369
370
369
371
363
367
360
358
362
372
366
383
367
358
361
366
364
358
362
362
370
373
376
384
388
400
393
397
405
408
429
394
398
402
408
406
403
400
394
386
384
378
376
364
364
359
358
359
363
368
368
371
370
375
370
381
371
367
363
359
368
363
372
375
359
362
363
376
377
385
393
391
407
402
394
392
389
395
392
389
390
402
392
398
395
397
392
396
389
371
378
385
380
381
395
382
383
395
394
393
388
390
394
398
408
400
396
395
390
394
381
393
383
399
396
387
404
400
413
412
413
408
412
413
435
417
418
430
406
415
405
416
403
412
409
421
429
439
437
423
418
423
419
419
413
426
394
403
403
398
384
370
379
362
365
363
360
359
356
347
349
347
347
335
334
324
322
318
320
317
318
323
321
330
325
333
329
333
335
344
336
342
340
343
341
341
342
348
344
350
351
352
350
348
355
345
344
347
344
344
343
342
335
337
336
341
343
339
349
347
350
355
346
353
344
347
346
337
338
327
321
323
325
331
324
330
332
327
328
320
320
324
320
325
320
325
332
332
336
330
329
325
326
323
328
329
329
335
336
335
331
339
326
312
308
304
300
298
297
295
295
295
295
295
295
295
295
295
295
295
295
295
295
295
295
295
295
295
295
295
295
295
295
295
295
295
295
295
295
295
295
295
295
295
295
295
295
295
295
295
295
295
295
295
295
295
295
295
295
295
295
295
295
295
295
295
295
295
295
295
295
295
295
295
295
295
295
295
295
295
295
295
295
295
295
295
295
295
295
295
295
295
295
295
295
