2942
3281
2906
2736
2673
2606
2530
2320
2284
2189
2207
2199
2132
2112
2052
2049
2015
1925
1899
1856
1750
1750
1707
1747
1627
1641
1631
1621
1602
1554
1584
1545
1547
1430
1471
1438
1433
1448
1453
1488
1479
1410
1388
1405
1384
1468
1412
1413
1442
1331
1399
1335
1360
1312
1316
1279
1293
1295
1286
1239
1284
1249
1253
1247
1269
1275
1305
1307
1326
1311
1269
1289
1301
1275
1286
1283
1277
1244
1247
1192
1155
1155
1142
1154
1151
1122
1117
1123
1126
1090
1110
1064
1111
1143
1168
1092
1099
1100
1084
1092
1129
1163
1109
1157
1129
1146
1141
1159
1164
1172
1126
1110
1084
1120
1113
1139
1138
1149
1159
1125
1106
1072
1045
1030
1007
999
1017
1038
1017
1018
1006
1011
1008
975
989
951
967
952
916
927
958
916
972
956
962
931
934
893
870
867
861
892
943
970
979
940
924
880
871
829
818
839
837
807
795
791
802
825
800
832
812
832
863
823
828
848
866
889
871
914
912
933
941
882
912
924
906
894
847
871
828
830
834
819
851
866
851
885
840
839
831
867
854
922
857
888
843
811
815
823
829
866
810
792
815
797
814
759
734
720
741
757
777
780
756
742
775
772
738
759
747
775
767
798
807
778
800
804
785
810
823
810
785
756
732
729
715
705
661
681
679
680
693
686
726
700
696
712
725
723
741
736
696
686
683
684
694
682
711
719
764
750
748
745
772
763
741
786
807
844
830
832
884
847
839
862
840
832
827
834
817
801
817
802
868
813
860
858
855
900
887
945
882
931
893
917
904
953
942
1000
989
1007
953
929
922
929
898
855
901
844
827
810
820
809
827
853
843
878
884
853
864
823
851
853
874
866
861
838
858
863
828
853
824
806
827
803
798
796
760
790
791
819
824
811
838
799
806
798
831
813
819
802
801
784
789
816
777
759
757
733
720
704
666
626
647
643
650
680
661
641
675
659
656
656
647
637
666
622
641
630
600
595
580
581
604
581
593
573
592
585
593
586
568
592
586
610
608
592
575
585
582
566
565
530
528
539
529
541
529
542
534
534
530
542
529
548
488
489
475
460
462
468
483
474
473
472
483
466
479
475
461
469
462
472
465
474
472
483
467
472
474
486
500
498
495
500
500
527
539
516
533
523
523
525
531
517
523
498
490
496
482
479
483
490
505
484
472
474
459
453
457
439
441
427
439
440
435
425
426
434
423
437
437
462
443
465
460
478
479
479
471
481
480
488
458
481
476
493
481
488
485
502
511
488
511
504
506
517
528
509
516
527
524
541
552
546
539
525
508
508
511
506
486
485
479
487
488
497
522
512
523
505
504
508
511
518
531
523
518
507
523
521
530
522
505
504
497
499
492
524
499
497
501
500
516
506
511
532
523
537
532
534
531
510
521
509
496
508
496
510
503
499
491
497
502
507
488
515
478
495
484
513
502
508
499
516
517
539
524
555
526
540
555
548
554
560
577
589
581
577
587
559
571
573
568
559
560
591
578
572
564
569
559
541
528
524
543
525
503
511
483
479
474
471
475
467
487
476
503
514
512
544
518
539
529
543
550
560
543
521
509
529
531
546
567
554
577
552
548
545
561
561
594
612
619
634
622
639
622
617
598
630
608
612
610
599
588
580
566
586
554
540
556
554
553
543
546
528
522
538
562
545
550
557
580
559
602
576
596
580
588
618
612
623
621
607
606
621
589
621
614
594
603
584
592
583
575
568
561
564
548
555
541
554
536
530
557
546
567
545
560
566
603
611
599
615
611
609
634
615
611
605
640
629
641
638
607
612
607
622
608
623
596
591
582
583
546
565
548
578
586
599
584
596
569
553
571
565
571
568
585
571
570
573
580
580
604
574
578
574
581
617
628
643
625
639
675
701
689
693
699
663
701
674
684
662
660
640
610
652
603
615
645
641
620
643
673
606
620
595
597
596
647
618
642
628
618
653
663
667
676
640
639
650
632
626
631
625
617
631
640
656
651
698
667
669
674
668
668
678
677
678
656
623
651
659
674
678
681
647
698
655
652
648
653
643
605
627
600
625
599
605
603
627
628
599
599
590
590
576
579
552
560
536
548
527
550
522
531
528
547
566
580
582
593
577
562
543
561
561
567
573
550
553
556
560
556
568
543
533
532
536
563
565
576
576
551
542
515
535
497
493
512
530
543
550
553
544
543
559
557
545
533
539
542
546
544
544
543
525
513
512
526
552
541
534
519
544
534
563
545
555
544
552
562
534
512
515
512
519
519
491
482
485
509
504
527
546
542
548
541
535
544
557
538
502
498
488
487
498
487
502
489
473
471
514
483
506
485
512
486
507
488
520
502
495
505
511
527
555
554
548
573
587
559
582
573
595
601
599
