3090
3486
2965
3002
2772
2755
2539
2397
2320
2236
2148
2147
2055
1952
1989
1908
1916
1890
1912
1784
1757
1740
1732
1710
1681
1610
1620
1601
1624
1604
1494
1546
1535
1519
1542
1581
1539
1534
1529
1503
1446
1465
1433
1421
1356
1350
1364
1302
1316
1278
1244
1316
1239
1255
1236
1261
1201
1274
1234
1291
1229
1202
1170
1227
1229
1224
1156
1179
1099
1120
1103
1161
1096
1089
1033
1022
991
985
969
926
966
976
948
947
920
886
893
909
895
905
964
962
979
991
978
968
954
983
998
924
897
863
864
861
866
851
893
859
849
810
815
835
824
814
783
813
728
738
728
743
747
778
766
792
779
778
757
744
735
748
744
743
735
729
705
742
747
764
751
767
750
742
763
751
755
787
747
784
767
770
787
801
786
786
760
784
773
784
776
784
809
752
773
714
731
720
739
752
762
735
733
719
757
745
795
717
759
742
753
758
759
747
769
733
757
763
777
791
814
824
815
845
827
814
839
800
831
824
828
797
807
809
781
809
806
766
775
750
742
731
763
746
748
737
719
717
730
744
735
788
747
769
738
726
744
714
724
702
721
751
760
796
797
836
802
780
757
751
753
763
792
741
727
751
727
719
700
685
678
691
686
640
643
660
658
688
674
704
694
701
693
717
688
673
677
644
606
633
626
640
652
636
631
606
634
609
637
604
642
616
629
636
629
657
652
683
694
713
723
717
693
721
673
682
679
720
748
747
765
784
743
755
744
777
780
781
790
819
802
812
809
834
728
768
715
722
693
675
678
663
668
680
643
695
658
667
657
656
684
675
656
692
689
700
712
712
730
705
741
681
675
654
668
650
630
652
651
661
668
679
704
718
702
739
665
687
636
637
608
587
582
587
604
623
591
602
610
610
618
624
643
647
645
656
656
642
641
673
655
658
671
635
615
597
621
602
610
619
618
622
625
686
639
680
651
686
658
675
656
663
642
619
576
582
590
597
558
573
564
546
550
550
546
572
558
557
552
564
577
581
583
583
544
558
539
562
583
559
566
563
550
563
537
563
531
548
543
573
580
560
550
528
544
531
565
559
557
557
529
537
523
532
533
525
552
536
539
559
558
580
577
606
589
587
578
569
571
572
541
534
530
555
562
573
562
548
538
568
545
545
538
522
527
537
524
507
463
485
446
467
462
445
447
436
446
427
425
438
444
446
455
439
466
453
435
445
467
458
473
475
437
424
423
424
430
447
447
443
431
433
442
424
430
424
424
434
438
462
462
457
457
447
464
445
456
478
490
489
482
495
500
479
499
515
510
525
531
529
568
527
544
532
544
515
487
461
462
500
472
472
477
486
488
494
494
478
482
476
466
483
477
483
501
492
524
487
497
480
458
422
435
430
445
447
441
467
429
436
420
447
435
459
469
483
512
475
472
459
476
471
476
470
526
489
506
493
526
533
524
515
510
500
531
538
555
546
592
548
554
520
532
503
513
518
493
469
476
460
443
459
442
435
432
428
419
439
438
441
458
437
440
422
438
405
418
407
408
414
426
450
417
426
401
422
399
405
372
387
363
382
371
373
386
391
406
416
396
414
415
417
439
448
444
438
453
450
442
444
440
429
426
443
443
479
455
459
475
482
447
441
445
452
453
464
445
442
453
437
462
452
453
444
450
473
483
483
478
476
443
442
443
451
450
434
443
423
449
444
470
474
500
487
480
488
463
483
484
511
516
495
497
482
499
483
538
482
479
482
502
492
505
489
468
494
492
467
473
466
472
466
477
477
485
484
461
490
469
455
459
454
467
491
458
472
451
491
436
463
433
432
437
456
432
432
408
405
411
416
407
422
404
435
415
414
425
426
427
429
439
430
427
434
436
437
437
425
447
401
428
416
449
431
456
452
455
416
420
417
400
386
388
383
374
370
376
384
388
396
397
391
391
402
412
414
417
437
418
410
403
394
393
385
379
366
367
353
353
345
355
352
349
351
354
361
365
375
374
379
385
376
383
385
393
408
395
395
397
421
393
391
383
395
370
368
369
371
382
368
375
386
385
394
406
407
392
399
389
408
411
390
399
396
359
365
375
374
377
376
383
367
340
345
335
348
342
359
351
367
371
398
349
362
353
359
360
365
366
366
368
364
352
356
356
356
356
360
358
354
361
356
359
364
360
358
362
359
374
362
375
355
364
355
352
346
346
349
344
351
353
356
361
364
365
371
373
363
370
380
365
369
372
374
370
370
366
347
349
349
348
355
346
355
352
378
354
362
365
360
361
352
361
351
367
358
385
363
375
373
366
380
365
367
362
366
364
370
374
368
375
375
378
384
378
380
398
398
410
404
403
395
