3023
3436
2907
2878
2685
2628
2506
2485
2315
2282
2203
2189
2043
1943
1876
1819
1784
1728
1739
1756
1695
1695
1625
1619
1591
1540
1604
1531
1546
1463
1470
1458
1420
1432
1415
1388
1389
1309
1368
1324
1372
1327
1327
1308
1315
1356
1317
1326
1305
1357
1230
1324
1288
1316
1275
1285
1318
1314
1297
1250
1300
1261
1215
1219
1232
1218
1165
1179
1175
1109
1101
1101
1118
1064
1120
1128
1137
1154
1194
1137
1180
1109
1137
1079
1066
1033
1018
1009
997
1001
1033
1032
1053
1013
1007
967
974
931
980
924
945
979
954
957
960
944
931
976
949
956
920
970
952
995
1009
1019
980
924
964
933
926
886
906
925
921
915
930
910
898
820
839
842
856
836
895
888
873
879
895
867
893
907
887
865
865
806
861
833
840
838
839
815
810
829
828
809
774
783
804
823
862
819
845
861
823
805
788
755
816
772
740
769
744
780
800
765
796
787
822
773
850
780
832
811
817
784
786
734
735
748
715
731
713
734
727
741
754
753
774
745
759
763
725
733
755
774
759
743
703
708
674
683
665
651
668
683
689
669
661
655
618
656
669
690
698
733
731
742
758
736
725
724
729
682
655
696
705
698
718
723
744
763
781
764
799
784
781
787
792
772
770
756
754
753
758
771
757
744
707
735
712
729
668
659
665
680
700
686
708
717
720
732
752
748
779
783
789
768
767
751
701
709
706
727
734
808
771
764
803
774
774
754
761
741
736
741
737
721
715
723
713
699
697
688
702
710
718
705
705
727
783
768
756
738
735
724
690
721
710
714
728
686
697
696
700
726
715
744
706
709
690
690
669
674
699
675
713
709
647
711
718
732
740
801
824
828
817
817
801
806
784
793
762
783
809
790
764
729
778
726
735
740
720
776
713
710
691
671
679
665
726
717
793
785
850
825
809
866
831
863
854
846
897
908
931
883
899
874
839
817
826
813
774
765
756
772
744
743
710
742
693
672
680
674
669
658
691
674
652
678
703
645
693
706
711
694
716
692
725
733
703
727
677
730
704
723
698
683
628
618
610
660
625
651
649
652
635
648
620
627
640
623
652
625
598
620
634
619
640
614
654
610
625
645
680
692
668
686
675
680
645
705
678
696
730
682
651
687
664
689
685
692
737
694
718
725
746
772
763
735
724
761
721
696
691
720
725
695
693
709
702
707
716
737
739
762
751
748
761
783
704
767
727
759
736
773
720
757
749
746
741
750
731
700
709
683
689
684
699
691
726
715
723
746
707
685
699
733
747
699
749
731
751
702
744
756
770
763
741
784
727
758
730
734
766
740
761
729
701
664
645
675
621
667
645
602
586
591
591
562
569
570
559
569
562
553
557
535
530
558
549
559
514
531
516
558
539
575
580
589
621
588
598
575
578
582
597
592
592
611
634
652
682
675
645
637
653
656
585
604
623
602
632
619
641
604
598
604
582
617
616
609
632
622
624
607
646
642
657
645
679
674
665
701
671
655
671
642
661
644
631
611
630
600
617
609
643
609
590
618
664
637
690
652
679
635
640
628
656
668
649
618
602
626
623
606
603
604
585
562
569
550
540
557
552
547
565
552
535
499
514
469
514
493
540
479
517
495
498
468
466
438
439
427
407
402
395
406
384
414
401
412
409
384
393
371
405
377
409
399
419
373
346
338
361
320
328
341
353
345
337
334
329
351
334
354
362
390
360
366
351
330
335
342
337
353
356
349
342
362
337
333
332
328
342
320
336
323
340
345
355
353
358
364
364
362
347
325
329
355
333
343
337
333
340
358
339
348
351
348
336
345
335
318
343
338
358
344
352
342
335
333
338
336
326
328
324
304
318
313
322
313
306
297
291
279
279
272
272
266
274
261
278
257
277
255
271
267
283
289
292
299
316
279
291
304
302
292
273
274
268
270
277
272
283
286
294
286
287
282
291
287
297
314
303
299
285
288
283
294
271
276
273
276
283
288
273
280
289
288
290
287
278
280
273
277
282
291
290
292
312
292
292
282
285
295
293
286
285
277
289
282
290
281
274
273
279
268
272
276
266
281
293
283
292
291
285
287
281
290
293
266
267
272
281
290
282
274
277
290
274
273
277
278
296
290
295
299
295
307
292
318
287
296
292
296
288
299
301
278
265
271
254
266
257
252
254
254
267
269
268
267
284
270
282
281
318
293
321
289
303
303
306
306
303
293
297
295
288
311
286
290
274
280
280
285
264
271
266
273
255
262
258
267
268
278
266
251
257
248
248
251
242
251
253
264
252
249
238
237
238
236
242
238
246
241
256
247
270
255
267
254
252
251
243
250
242
249
251
250
250
249
252
255
264
273
268
273
291
278
