2951
3418
2868
2823
2588
2523
2404
2337
2243
2323
2261
2174
2143
2031
1999
2030
1929
1887
1883
1803
1820
1776
1728
1717
1644
1682
1611
1638
1560
1562
1635
1622
1534
1455
1447
1402
1365
1402
1331
1390
1308
1307
1283
1275
1259
1193
1200
1226
1230
1203
1212
1204
1182
1182
1212
1265
1218
1231
1214
1203
1181
1168
1200
1140
1144
1122
1134
1179
1160
1157
1162
1144
1176
1116
1087
1072
1113
1080
1013
1024
1090
1098
1134
1150
1055
1094
1053
1067
1066
1125
1097
1109
1054
1125
1112
1141
1074
1117
1093
1118
1120
1124
1128
1122
1100
1106
1062
1094
1056
1049
1081
1068
1055
1040
1049
993
1003
920
906
909
894
891
876
882
870
930
930
933
939
962
938
941
909
901
898
893
882
920
874
923
896
910
903
904
881
898
865
896
849
888
864
871
837
844
870
872
923
943
910
928
917
937
886
872
877
869
848
890
871
855
862
881
837
866
885
892
861
831
867
844
842
866
916
932
969
993
1025
993
893
917
917
910
915
895
844
828
821
850
800
850
824
834
884
834
905
885
949
888
907
950
961
941
861
905
841
861
847
851
810
838
809
845
818
867
777
770
733
757
745
732
725
740
733
769
723
726
714
757
774
765
773
779
797
793
772
765
757
763
775
792
806
806
825
797
823
803
824
790
758
781
710
720
676
690
667
696
624
685
625
658
623
617
618
634
629
611
596
615
578
614
594
579
576
562
561
600
580
615
587
571
561
557
545
575
583
587
590
614
605
625
596
643
593
640
622
618
615
622
600
600
629
593
595
570
565
581
581
622
594
623
574
602
611
587
619
594
619
581
635
579
618
610
623
605
649
639
698
634
676
660
679
661
652
668
703
690
729
687
674
651
661
660
677
659
641
682
673
667
685
685
685
644
629
621
621
618
594
632
600
593
591
584
576
593
603
582
591
581
598
599
569
602
600
600
595
611
601
611
590
592
575
597
584
601
571
540
538
521
508
496
514
484
500
481
487
479
458
457
449
462
479
487
496
518
515
538
550
560
546
542
554
555
531
552
549
528
547
545
603
568
585
573
592
575
579
609
605
651
597
603
581
614
610
618
643
613
648
642
620
613
596
595
565
587
599
591
567
581
552
593
576
599
577
583
575
591
567
595
559
552
552
544
584
566
567
567
522
521
516
484
479
484
481
494
514
497
528
513
533
527
553
560
572
565
561
545
571
583
589
594
617
591
623
585
591
599
590
575
587
585
599
590
637
622
638
607
631
646
635
653
641
681
640
650
617
618
619
636
655
658
640
653
638
653
665
659
661
656
711
681
702
723
706
705
719
694
727
707
702
684
659
678
655
647
692
634
686
643
645
656
657
661
657
673
662
686
679
671
658
668
635
660
622
593
596
593
591
567
566
545
554
544
549
538
538
539
538
523
535
533
514
512
490
498
494
507
490
514
510
500
519
501
520
530
539
545
522
530
510
530
512
507
520
519
531
555
536
540
548
504
538
507
523
492
505
495
489
501
502
502
519
503
514
501
497
479
479
500
471
477
455
455
446
443
462
469
480
476
498
492
484
489
492
477
482
450
443
448
421
447
424
421
413
412
424
415
408
435
417
454
444
454
472
478
459
476
462
440
439
450
432
442
444
453
438
432
426
416
417
416
425
451
438
462
439
454
456
493
482
496
513
496
490
481
481
472
505
489
483
488
491
489
469
470
473
460
466
456
461
470
458
443
463
448
447
440
454
440
459
435
434
410
407
416
420
420
432
422
446
429
427
411
432
426
451
440
452
468
452
445
458
473
478
498
478
484
514
504
500
517
520
532
537
542
547
537
540
512
529
536
553
543
554
532
552
541
544
557
559
560
579
577
581
575
554
576
559
555
568
568
539
585
567
604
573
627
577
618
640
648
650
674
670
672
651
638
647
643
638
614
609
622
658
619
622
646
643
668
643
648
598
625
592
591
611
594
608
615
596
563
521
528
492
527
496
530
517
543
568
570
609
598
590
592
574
605
590
647
619
586
605
595
585
603
621
606
632
650
677
652
635
629
617
618
624
622
661
620
629
594
617
621
622
640
611
625
634
593
615
620
646
614
594
577
557
554
578
565
563
561
545
551
548
581
569
560
585
570
527
532
519
533
529
523
499
516
522
529
561
581
554
569
579
566
573
580
573
579
588
607
589
581
570
563
560
557
574
539
547
547
544
515
547
522
524
537
546
539
553
526
509
520
503
500
501
528
521
496
480
504
512
521
511
556
500
547
516
529
513
547
508
497
514
518
526
520
526
526
491
496
494
475
500
506
532
520
524
534
506
535
553
558
513
514
523
511
512
495
494
510
501
497
504
489
495
493
494
473
500
493
