2982
3407
2958
2838
2659
2605
2487
2375
2320
2242
2205
2186
2079
2099
1975
1958
1842
1896
1814
1843
1849
1745
1688
1637
1624
1526
1518
1508
1537
1568
1522
1575
1532
1466
1414
1402
1361
1342
1255
1273
1241
1201
1184
1149
1148
1117
1116
1036
998
1001
978
972
954
923
898
957
918
928
938
945
960
934
947
937
976
947
937
899
868
912
875
919
883
918
899
957
963
920
890
884
893
881
812
814
813
856
840
859
785
796
799
825
865
830
800
817
758
789
781
779
833
789
834
798
813
824
855
813
870
809
825
794
798
796
806
774
789
813
801
813
835
792
750
745
732
747
763
795
788
799
832
814
839
788
797
840
782
778
782
766
797
767
728
678
691
709
722
733
750
760
767
817
771
811
779
783
786
751
789
804
836
867
821
827
850
802
838
825
900
813
810
780
794
762
775
789
789
774
782
806
828
798
839
888
907
892
881
910
910
905
889
943
929
873
848
832
804
775
759
728
736
737
714
739
734
768
695
718
698
700
687
661
644
650
633
656
637
680
668
694
730
751
728
741
699
715
714
691
751
752
762
742
764
747
725
740
711
764
732
741
736
723
742
686
685
677
719
689
709
687
693
687
675
650
657
681
715
709
698
711
729
755
718
716
703
692
742
696
703
697
711
710
769
736
714
732
728
712
720
743
749
733
790
728
747
772
751
779
783
816
814
829
830
847
829
857
844
861
796
852
766
775
742
764
743
746
785
778
741
728
731
730
646
695
638
690
671
707
684
743
698
694
700
701
711
747
732
745
740
744
769
755
775
787
762
780
767
747
766
739
741
735
701
713
722
714
704
710
748
747
739
690
688
655
654
631
629
654
616
648
626
627
631
640
613
591
617
573
608
587
594
594
568
569
580
585
566
593
589
627
621
626
606
595
633
606
613
613
601
603
565
552
560
572
592
569
575
584
604
616
612
610
622
617
631
618
620
612
631
604
629
623
657
630
628
638
619
600
633
616
635
656
654
659
631
613
608
602
581
553
595
556
579
571
560
576
573
544
549
556
529
521
535
528
540
516
523
542
525
509
517
527
515
534
528
519
535
523
528
540
545
542
552
520
539
524
504
518
510
519
532
532
546
524
558
545
555
534
524
536
519
522
519
506
493
529
484
496
475
477
492
472
483
475
475
495
464
472
471
492
494
487
486
491
496
491
460
455
451
464
466
479
469
461
490
466
461
440
462
465
460
432
444
434
431
427
444
421
421
427
415
403
393
388
383
362
371
370
383
381
395
385
399
390
389
388
397
398
388
382
395
384
384
384
382
383
392
382
376
375
384
384
379
388
382
391
401
410
416
396
402
401
404
394
390
397
383
409
384
399
398
413
410
410
413
432
420
424
421
417
415
432
442
434
428
414
432
433
444
451
441
437
442
444
433
446
447
438
461
438
460
462
450
458
469
478
503
493
493
447
441
417
412
426
420
416
404
396
416
406
432
400
392
385
384
389
405
398
410
407
403
414
408
422
422
402
400
411
412
408
410
399
424
407
420
393
409
394
388
393
391
397
391
397
412
425
414
408
398
408
393
377
367
376
378
389
381
387
386
398
388
363
367
353
370
374
382
392
382
389
389
384
381
381
375
389
365
363
372
375
363
371
351
339
342
332
328
320
325
315
306
315
313
320
315
316
314
327
313
325
322
336
336
341
347
351
357
355
357
357
361
359
351
347
355
361
355
341
353
333
350
329
344
356
355
362
381
371
375
363
381
365
382
368
370
377
381
379
385
374
376
377
369
371
360
352
353
369
358
356
361
361
365
364
373
365
342
341
340
341
343
337
332
349
334
332
331
335
339
350
332
346
335
339
337
347
360
355
387
372
383
371
363
354
365
352
349
352
356
361
346
351
352
352
341
342
341
346
332
344
328
326
320
326
333
327
337
329
338
343
345
343
343
343
350
355
360
370
340
353
327
335
322
315
320
321
326
333
338
328
327
339
341
337
340
352
335
333
337
336
334
341
340
352
345
358
368
368
373
377
377
371
383
387
396
397
389
396
386
396
398
401
412
392
408
394
395
399
389
386
403
382
386
383
400
388
394
380
371
362
352
366
340
338
323
326
317
316
329
331
339
336
347
344
322
351
326
332
334
350
341
337
336
337
332
322
319
318
323
326
319
319
322
321
314
321
313
304
305
307
303
312
306
310
315
320
320
322
324
332
334
338
332
330
342
345
354
355
353
343
330
340
315
315
323
318
314
314
320
323
337
318
323
323
326
313
317
315
319
305
309
307
304
304
317
323
325
344
314
331
319
333
303
299
303
291
291
287
279
291
