2980
3507
2850
2944
2635
2577
2452
2434
2293
2197
2155
2112
2105
2119
2055
1978
1943
1863
1845
1802
1804
1812
1791
1769
1758
1711
1672
1605
1630
1568
1634
1564
1550
1498
1460
1409
1395
1367
1359
1346
1290
1362
1290
1286
1293
1274
1241
1243
1171
1141
1177
1158
1178
1195
1205
1194
1221
1126
1145
1136
1133
1137
1126
1109
1119
1089
1138
1163
1164
1111
1177
1113
1078
1092
1091
1057
1055
1067
1034
1004
1024
1059
1012
946
934
951
1003
952
975
953
937
912
944
907
918
894
814
839
845
895
877
829
840
814
787
787
779
847
817
824
798
804
835
748
778
756
738
706
685
704
663
695
677
679
682
682
716
681
680
661
668
662
695
713
699
712
695
712
742
760
715
744
702
725
693
716
695
736
696
701
701
676
682
723
708
712
701
689
677
736
707
745
682
706
691
708
737
696
747
737
722
727
724
775
732
724
712
737
730
736
727
731
752
700
705
695
663
698
710
718
718
702
688
665
678
690
663
673
628
636
636
621
633
647
649
641
626
635
599
603
586
597
571
595
596
582
611
577
568
559
547
556
574
540
527
512
473
463
468
476
479
469
467
459
480
462
457
473
462
482
472
481
488
487
488
452
446
430
445
423
441
421
430
428
446
441
431
422
423
414
403
417
400
401
388
389
387
400
400
384
395
394
398
399
413
394
397
380
373
385
375
383
386
393
387
387
378
376
384
369
370
361
377
368
373
388
387
391
395
390
393
409
413
426
405
428
406
405
395
383
403
400
418
418
408
405
391
383
383
381
388
382
391
392
399
406
386
376
366
369
382
381
390
391
393
387
390
378
390
383
400
383
402
386
373
374
363
369
359
368
377
390
398
410
399
389
391
411
412
420
429
411
399
396
409
403
409
417
426
437
422
443
430
450
464
460
473
473
452
465
452
472
457
451
439
470
468
481
477
471
477
459
460
492
469
456
442
410
402
407
409
399
414
421
397
409
391
402
395
401
394
397
391
381
403
379
379
405
381
370
367
348
348
351
346
337
348
351
347
353
345
363
346
359
361
364
375
364
369
374
359
352
342
345
337
337
333
354
334
330
330
333
335
349
334
341
331
339
326
340
330
340
321
324
319
314
320
321
331
328
330
326
325
329
334
328
334
325
336
324
335
333
338
349
358
366
357
346
351
358
350
356
357
359
365
366
359
370
366
360
379
353
359
359
368
359
368
353
373
363
358
359
351
338
343
332
345
323
324
319
316
316
319
319
317
337
321
333
325
320
321
320
328
328
333
341
332
337
343
345
349
356
347
352
338
341
342
343
352
340
341
342
345
340
353
347
343
348
334
340
331
333
328
332
329
337
337
341
338
341
336
343
341
346
354
354
347
356
361
357
365
351
359
364
354
356
351
353
341
353
335
339
340
351
351
352
351
346
356
343
337
326
318
317
313
318
318
324
326
326
329
340
331
343
344
355
357
367
383
371
383
380
379
360
389
387
397
382
392
388
374
386
371
361
363
367
364
375
369
363
376
365
372
373
359
354
348
355
337
332
328
319
319
314
316
318
321
319
321
323
334
328
331
332
326
334
334
331
336
347
342
353
331
324
325
341
334
346
344
345
365
352
347
353
347
354
361
367
370
371
362
366
377
353
354
355
358
350
358
352
348
338
344
344
335
338
334
324
320
320
319
318
314
320
310
313
306
306
301
303
301
298
299
298
296
295
293
293
293
293
293
293
293
293
293
293
293
293
293
293
293
293
293
293
293
293
293
293
293
293
293
293
293
293
293
293
293
293
293
293
293
293
293
293
293
293
293
293
293
293
293
293
293
293
293
293
293
293
293
293
293
293
293
293
293
293
293
293
293
293
293
293
293
293
293
293
293
293
293
293
293
293
293
293
293
293
293
293
293
293
293
293
293
293
293
293
293
293
293
293
293
293
293
293
293
293
293
293
293
293
293
293
293
293
293
293
293
293
293
293
293
293
293
293
293
293
293
293
293
293
293
293
293
293
293
293
293
293
293
293
293
293
293
293
293
293
293
293
293
293
293
293
293
293
293
293
293
293
293
293
293
293
293
293
293
293
293
293
293
293
293
293
293
293
293
293
293
293
293
293
293
293
293
293
293
293
293
293
293
293
293
293
293
293
293
293
293
293
293
293
293
293
293
293
293
293
293
293
293
293
293
293
293
293
293
293
293
293
293
293
293
293
293
293
293
293
293
293
293
293
293
293
293
293
293
293
293
293
293
293
293
293
293
293
293
293
293
293
293
293
293
293
293
293
293
293
293
293
293
293
293
293
293
293
293
293
293
293
293
293
293
293
293
293
293
293
293
293
293
293
