3033
3403
2884
2874
2682
2535
2432
2363
2196
2111
2008
1981
1926
1892
1850
1799
1691
1685
1612
1596
1576
1478
1484
1462
1497
1474
1492
1514
1486
1418
1402
1424
1404
1354
1384
1342
1415
1321
1266
1315
1198
1218
1186
1160
1164
1123
1118
1118
1123
1126
1102
1115
1115
1137
1109
1107
1075
1075
1084
1053
1069
1096
1111
1068
1072
1102
1060
1095
1069
1059
977
1031
993
1074
1076
1096
1072
1073
1099
1076
1113
1124
1098
1094
1072
1099
1070
1087
1081
1120
1136
1120
1147
1186
1214
1153
1177
1142
1181
1159
1225
1213
1207
1171
1180
1175
1220
1195
1153
1163
1156
1131
1146
1119
1112
1097
1103
1125
1093
1077
1089
1022
1062
1032
1040
1052
1049
1079
1052
1034
1046
1024
992
1022
1040
986
1048
1035
1069
1047
1067
989
996
1026
1015
971
971
934
960
945
948
949
940
915
933
931
955
919
911
899
881
904
883
890
914
881
870
848
897
891
917
919
927
919
911
905
894
885
885
915
857
883
820
851
882
932
923
928
891
966
957
1004
922
956
983
923
908
950
949
969
946
940
884
867
847
814
802
829
770
797
758
757
742
748
758
730
778
791
814
819
824
820
826
826
807
781
783
754
768
750
744
725
729
732
734
735
749
758
737
774
792
798
760
768
730
745
733
743
783
800
819
784
814
867
884
857
862
822
835
816
802
775
769
779
801
822
771
814
800
836
818
819
812
870
849
861
847
834
839
800
820
842
819
829
813
816
822
827
803
789
805
800
805
780
811
760
727
733
715
694
697
707
726
714
750
719
739
733
725
726
733
719
747
735
732
723
711
724
716
740
706
777
779
783
765
754
750
785
809
778
816
792
779
762
739
733
776
753
733
724
716
731
725
738
735
739
762
818
769
782
737
753
753
731
744
733
735
723
741
733
720
756
719
716
674
670
638
661
607
617
634
650
617
646
645
643
612
593
572
559
565
580
571
567
575
580
616
581
591
605
609
572
596
612
605
605
603
656
626
670
653
691
666
684
694
680
687
717
716
745
730
741
737
715
726
704
694
685
692
664
675
631
610
598
639
634
629
636
616
641
623
625
620
635
608
621
609
613
623
646
652
621
605
604
608
639
626
627
579
550
541
520
506
496
466
455
460
461
459
465
461
474
460
487
472
485
491
498
500
508
497
498
512
510
510
506
518
509
479
492
494
499
516
513
495
505
473
477
497
463
455
443
478
455
447
441
445
453
441
444
429
421
438
445
418
424
428
431
426
435
428
451
421
447
434
444
426
424
434
423
412
421
424
405
428
409
429
430
409
413
423
405
389
378
385
368
371
374
390
381
392
375
401
384
381
391
403
383
395
386
371
359
370
369
388
392
403
370
374
386
372
378
385
377
405
375
388
370
370
378
375
374
346
350
352
362
355
365
357
354
360
360
382
355
368
373
383
375
385
372
357
361
369
373
379
374
370
384
376
374
374
377
366
359
350
359
350
354
348
363
371
376
356
355
360
361
373
361
374
346
349
338
344
344
362
347
353
356
366
345
344
348
347
357
357
373
362
370
374
383
379
378
380
385
394
379
388
373
368
356
380
358
369
354
377
357
364
378
377
372
379
380
382
375
352
359
358
366
367
379
373
372
374
360
356
347
358
358
357
355
363
359
370
354
360
347
355
353
360
372
375
365
361
363
371
373
383
395
382
399
379
377
355
362
352
373
365
353
352
340
346
342
353
347
338
350
338
342
332
338
332
343
357
348
368
362
372
368
385
372
376
396
373
391
397
381
373
381
372
385
382
385
388
393
394
383
386
401
401
388
408
401
373
370
368
375
380
392
386
398
376
399
364
354
364
351
368
352
364
349
360
369
383
379
388
381
384
383
390
372
379
373
385
392
401
394
401
401
419
412
449
423
446
421
432
426
455
443
441
438
436
429
441
427
431
415
419
429
426
422
426
410
409
402
401
415
423
432
414
399
388
384
403
406
428
410
430
430
405
406
409
385
368
365
386
368
373
377
392
382
397
383
364
380
368
375
381
398
391
384
376
379
376
372
381
379
400
405
398
406
406
423
417
428
422
428
437
425
437
432
435
433
440
447
457
454
471
471
500
479
482
485
484
504
480
529
501
534
551
516
517
513
505
519
515
507
499
516
505
491
511
506
517
500
491
471
474
478
480
455
470
436
434
440
462
419
453
430
420
425
431
435
435
425
416
428
425
413
431
437
446
457
458
460
428
460
445
447
464
459
462
463
466
461
473
495
499
498
474
489
485
489
481
478
486
503
470
462
464
465
459
449
463
466
477
489
485
488
460
459
484
477
461
478
485
481
490
481
457
480
467
490
486
484
463
480
448
471
436
449
440
442
449
433
457
444
453
452
468
440
