2986
3331
2877
2832
2681
2611
2371
2316
2170
2204
2087
1963
1885
1856
1825
1863
1805
1745
1691
1704
1682
1672
1609
1570
1521
1500
1553
1555
1527
1511
1567
1460
1458
1393
1341
1356
1337
1314
1336
1323
1282
1279
1261
1179
1212
1187
1137
1171
1153
1148
1141
1161
1106
1105
1087
1150
1108
1047
1041
1004
1034
1018
1041
1041
1038
1029
1037
1049
1045
1017
1080
1063
1091
1061
1085
1071
1113
1074
1061
1088
1080
1103
1109
1104
1104
1082
1032
1063
1043
1055
1013
1017
1046
998
1021
1005
1008
1010
996
980
981
999
1016
1014
1014
995
1019
1031
1031
977
1049
938
1017
904
980
937
953
926
901
970
968
1007
1013
997
1007
973
982
945
967
992
995
999
925
943
974
959
942
939
969
934
958
916
892
882
871
865
893
874
927
887
913
908
920
991
956
984
929
961
955
967
949
944
945
884
940
870
915
892
938
896
934
955
925
903
871
900
940
911
974
927
960
937
934
912
949
942
934
866
880
862
844
851
842
885
794
818
851
833
763
746
734
715
746
715
741
717
692
664
667
668
671
672
663
651
652
647
649
671
639
619
616
634
574
549
547
521
555
527
539
521
513
528
519
515
513
504
518
490
490
498
489
480
460
452
461
434
466
450
477
474
499
505
534
468
484
488
480
487
470
462
425
427
441
439
451
448
458
449
439
446
445
442
442
441
421
434
456
468
481
473
467
488
480
501
483
487
485
490
529
492
540
494
517
515
528
503
481
470
489
484
483
475
494
470
471
470
495
474
509
504
459
468
461
467
479
495
484
506
521
525
505
498
482
462
449
459
458
462
451
447
446
429
457
436
445
440
449
478
464
462
455
454
450
478
463
463
447
442
448
448
438
453
451
458
457
473
470
484
485
478
488
492
498
508
511
514
514
503
525
512
557
537
492
473
453
469
448
465
460
472
458
462
442
448
459
474
495
503
480
512
500
532
507
517
527
521
501
502
519
510
512
510
530
512
513
520
518
503
524
499
513
483
521
471
478
477
482
481
464
487
494
492
511
522
543
524
514
531
541
532
508
545
549
558
558
545
522
529
527
519
498
530
518
513
480
470
464
453
437
443
435
423
436
455
459
468
484
482
493
465
459
471
468
458
459
460
435
424
435
447
455
469
479
493
466
471
465
487
463
476
459
444
459
446
419
432
425
424
444
441
446
455
466
476
496
521
503
536
522
527
510
512
491
482
488
480
447
439
442
429
435
449
458
442
453
439
406
440
406
426
406
406
394
419
382
399
397
394
403
409
408
388
400
400
388
409
419
439
440
461
448
447
460
481
476
474
473
493
499
495
496
495
507
522
476
474
476
484
492
491
506
514
489
500
504
465
480
495
509
521
532
530
532
528
543
527
529
521
515
540
526
510
504
507
523
521
520
489
534
523
545
526
556
583
571
582
571
601
579
583
574
565
566
572
559
563
574
581
601
619
596
607
585
595
583
597
602
605
627
637
652
620
618
632
609
642
601
625
609
582
601
583
625
596
604
618
653
679
667
688
662
676
653
667
651
680
703
717
719
693
707
680
671
674
669
668
680
654
679
660
692
685
683
652
631
664
636
641
610
648
604
628
616
613
611
630
613
603
591
580
570
567
565
542
545
573
566
599
575
585
610
583
610
556
551
556
558
570
554
527
538
538
549
569
569
553
553
551
562
547
592
567
613
641
619
650
636
630
637
637
651
657
651
638
664
652
662
642
658
650
643
648
657
644
615
626
612
607
623
634
624
675
687
652
655
662
639
673
657
638
630
651
661
626
660
638
681
633
654
632
650
651
680
637
673
663
723
683
725
755
789
778
777
739
730
754
781
784
761
752
763
755
747
758
731
720
736
738
726
749
726
800
732
778
667
693
657
687
693
673
687
692
649
669
650
688
670
695
682
694
704
694
681
705
674
664
699
673
702
720
693
703
664
674
677
683
648
639
619
630
620
628
617
631
648
636
645
657
635
656
637
630
605
626
617
649
642
663
667
638
681
666
699
659
640
650
607
592
597
566
572
557
539
566
554
542
539
548
547
559
567
525
560
539
555
552
553
576
577
603
595
577
580
569
575
551
567
573
584
592
598
614
584
588
601
570
633
609
622
612
626
609
610
612
601
613
572
598
572
595
560
595
550
563
565
549
554
567
556
569
581
572
582
598
577
578
600
605
614
621
658
632
621
621
552
568
545
570
555
626
581
582
600
621
631
616
631
635
666
645
656
629
616
614
635
623
667
629
665
632
668
640
691
637
666
619
646
629
642
632
666
638
620
615
619
615
639
641
613
598
589
570
613
584
611
592
612
597
624
628
605
630
643
643
632
645
649
685
678
669
