3063
3506
2834
2914
2744
2662
2576
2463
2373
2353
2336
2231
2238
2110
2067
2079
1989
1951
1870
1853
1775
1718
1755
1682
1728
1696
1587
1619
1574
1562
1558
1503
1521
1453
1461
1395
1397
1312
1385
1350
1304
1286
1266
1309
1270
1270
1270
1270
1257
1196
1180
1247
1260
1306
1227
1263
1197
1212
1205
1170
1153
1153
1179
1204
1198
1188
1160
1150
1148
1178
1220
1205
1153
1207
1200
1253
1265
1215
1191
1158
1165
1125
1178
1139
1145
1109
1065
1083
1105
1118
1124
1118
1137
1151
1122
1168
1181
1133
1131
1125
1148
1105
1137
1177
1084
1143
1122
1094
1058
1028
1024
1042
1051
1088
1050
1022
963
987
972
966
985
980
1021
971
959
985
958
965
1010
983
1017
1003
982
1009
988
992
1000
992
982
940
987
981
997
1076
1029
1049
1028
1040
1084
1067
1064
1131
1132
1120
1142
1050
1113
1083
1075
1076
1048
1057
1070
994
1023
1003
999
1027
1040
974
1005
982
1035
973
1003
988
986
916
877
901
890
926
943
934
957
893
945
898
928
932
994
1024
991
994
1008
1029
1013
979
983
1012
1030
1004
1024
1001
982
958
950
908
900
911
894
913
886
911
844
877
836
844
842
855
843
812
803
819
859
851
867
894
919
893
918
925
895
891
887
849
827
838
841
890
847
896
850
872
831
838
842
844
860
848
814
820
820
855
814
887
839
884
870
882
869
836
846
843
835
882
878
887
869
884
899
878
865
863
856
840
814
760
790
736
791
744
758
690
688
670
671
688
669
653
581
582
611
604
605
592
586
564
559
549
548
561
520
507
489
512
504
480
470
454
453
467
469
481
470
483
468
495
486
486
490
478
501
510
484
503
508
482
471
461
475
459
440
425
430
454
445
490
491
464
455
479
458
453
438
431
409
425
420
412
423
425
429
409
410
427
428
406
429
420
427
443
465
436
450
464
480
464
470
481
478
485
459
460
446
450
438
447
449
429
458
447
467
482
515
488
515
498
512
509
494
472
460
445
459
442
436
459
458
447
442
450
481
482
482
506
494
498
486
484
470
482
451
443
471
437
442
407
431
405
416
419
393
406
429
406
392
401
403
399
410
411
412
405
419
408
417
400
408
400
416
420
404
383
376
353
351
345
347
341
352
349
360
339
363
352
373
379
376
372
369
349
361
348
339
331
331
340
322
315
332
323
313
320
316
326
326
339
328
346
332
342
339
347
363
352
337
352
353
341
345
352
361
364
359
361
363
356
366
365
343
335
351
343
348
344
360
338
331
323
324
322
324
328
323
332
330
343
333
345
345
358
359
358
351
334
345
346
356
337
343
335
351
350
362
370
378
367
375
346
359
352
357
357
371
361
357
353
365
352
342
334
343
345
353
331
323
321
319
322
322
332
328
344
323
327
319
324
320
315
309
307
320
320
326
312
312
322
317
310
300
292
307
302
308
311
313
313
312
327
311
313
320
324
322
323
326
342
336
314
333
319
326
315
321
308
316
316
329
325
339
328
319
310
324
315
317
323
328
342
336
323
327
320
333
341
345
350
352
363
371
381
362
382
383
381
375
368
379
358
354
367
338
352
334
340
350
357
344
341
344
348
353
343
353
371
367
379
369
393
394
380
398
411
378
384
393
404
397
402
392
429
394
385
390
385
373
359
367
360
380
360
390
371
399
393
390
373
377
403
402
400
420
405
422
399
393
400
400
413
408
398
382
384
374
365
384
382
398
407
400
421
414
414
407
426
420
471
447
485
482
480
436
413
417
405
419
408
414
418
420
429
426
415
431
418
414
414
403
400
421
401
416
392
395
387
386
401
402
402
408
403
401
410
410
405
406
413
414
405
415
415
426
429
428
434
424
450
425
433
427
452
441
432
413
413
410
411
416
416
407
393
401
375
376
376
379
363
375
374
383
383
390
382
407
381
384
376
366
345
347
348
354
365
350
336
350
347
361
363
371
363
380
370
387
387
401
407
412
418
399
391
390
372
366
363
370
359
349
352
344
359
357
380
385
376
379
371
377
384
382
371
358
351
352
353
365
370
385
389
408
417
403
408
391
372
371
378
380
366
368
376
386
383
369
372
376
374
373
366
368
382
377
365
378
363
365
352
349
346
363
369
370
361
356
371
372
367
375
372
370
355
370
365
370
372
401
364
374
374
359
372
359
348
347
351
352
362
335
360
339
350
345
360
344
361
341
352
340
338
344
342
341
333
335
341
341
355
360
369
359
352
367
351
376
347
352
362
362
370
363
367
375
367
374
379
417
400
399
399
401
390
372
388
394
391
387
378
393
370
371
383
375
388
386
385
391
371
374
358
355
361
367
373
390
370
376
380
390
393
399
380
394
390
401
390
395
411
405
414
410
382
407
401
415
412
406
395
397
399
