3034
3377
2969
2918
2799
2750
2590
2468
2358
2280
2242
2267
2165
2153
2085
2082
2108
2131
2024
1936
1857
1820
1698
1595
1502
1553
1463
1477
1434
1413
1394
1351
1359
1307
1313
1308
1314
1254
1266
1233
1215
1232
1188
1187
1154
1140
1100
1117
1140
1141
1172
1193
1125
1142
1115
1113
1096
1052
1081
1057
1146
1098
1085
1080
1073
1064
1010
1021
1026
1028
982
987
978
960
962
958
944
932
948
933
902
892
879
853
842
838
886
929
897
927
902
941
934
979
911
960
967
972
958
964
982
992
946
972
970
953
914
897
897
857
848
848
859
819
821
764
781
794
811
796
803
822
798
788
805
780
780
804
771
790
747
755
733
730
739
750
737
726
720
725
732
727
729
729
725
732
749
732
727
721
737
719
702
691
676
653
712
711
703
683
650
661
648
619
611
632
612
628
634
607
602
606
595
577
606
558
600
619
620
633
623
617
617
595
608
623
659
645
659
608
589
591
577
592
545
564
531
582
538
525
560
523
530
519
508
536
525
542
541
536
579
559
550
569
592
593
611
619
613
589
585
593
574
583
594
630
639
661
666
644
648
642
674
656
668
656
683
665
618
669
612
663
629
668
635
668
652
646
641
629
630
644
644
687
653
615
637
622
629
619
656
628
654
642
681
677
681
653
661
687
679
666
662
665
701
648
657
646
637
642
628
638
638
639
661
661
650
619
642
652
657
650
656
646
688
646
658
671
638
615
596
612
614
606
628
641
652
677
659
688
705
704
694
715
703
727
708
718
698
728
695
719
704
741
752
765
822
811
832
816
797
830
812
801
743
724
763
768
718
722
742
710
710
712
709
680
716
645
669
669
669
635
622
612
634
640
638
654
663
655
683
714
712
733
763
761
770
811
746
746
735
723
726
716
692
694
694
721
711
722
681
696
699
726
724
703
659
642
648
600
603
595
588
610
590
640
618
630
638
656
649
653
622
607
621
638
629
622
623
592
577
562
624
586
612
585
570
559
592
568
587
605
654
626
639
636
650
645
649
670
624
648
605
662
594
624
627
640
640
639
645
624
668
616
635
649
648
681
677
640
668
667
685
657
672
642
691
646
699
680
689
663
708
694
732
684
715
753
711
717
719
705
696
716
711
736
745
741
716
675
668
684
685
707
702
727
750
762
765
754
707
718
676
699
710
698
714
715
682
715
634
657
633
689
652
712
659
677
682
657
636
636
661
648
599
600
622
605
613
578
611
592
607
628
646
628
612
621
617
623
599
600
598
591
588
610
606
574
587
552
566
544
581
582
561
547
534
538
514
544
544
546
526
548
530
539
526
558
583
590
553
578
549
536
540
566
519
514
512
510
509
506
527
530
527
545
504
519
510
545
549
581
608
586
589
602
610
590
621
611
607
608
586
596
590
597
606
625
644
638
639
652
654
662
649
671
659
645
646
635
617
626
633
636
622
653
616
658
627
645
667
611
653
650
649
633
614
614
589
607
583
590
568
574
580
565
589
583
573
569
589
581
578
569
601
603
582
597
600
612
589
577
547
552
590
555
569
558
568
553
563
551
555
586
570
592
577
566
570
550
561
601
576
605
596
580
590
593
602
602
556
547
599
574
582
580
567
593
588
558
590
527
568
561
538
553
558
536
556
534
526
521
500
490
500
516
545
552
533
551
530
529
542
526
529
511
534
507
549
523
506
536
496
497
506
461
472
457
448
432
448
446
443
451
468
474
456
504
479
502
510
532
495
513
505
493
494
481
487
498
509
517
495
487
470
504
514
521
549
534
509
517
515
545
499
539
532
543
541
533
509
521
544
571
555
549
511
509
518
509
503
500
525
488
469
471
475
463
460
452
444
460
446
480
460
481
485
489
497
500
481
489
513
494
502
487
503
493
496
489
493
479
509
505
520
545
558
543
490
504
495
507
499
508
521
500
541
543
549
538
545
569
577
582
593
600
569
576
564
572
576
583
559
568
574
571
580
573
573
570
566
550
561
578
534
570
553
561
566
538
535
548
550
556
547
565
577
591
616
598
624
614
584
596
594
590
603
538
557
542
572
557
557
525
518
506
476
483
474
473
482
472
502
497
478
469
459
449
449
432
436
430
451
444
466
446
436
441
447
430
411
422
421
447
431
429
427
406
408
413
377
379
388
386
372
388
351
376
375
390
396
387
369
373
386
393
376
383
375
383
353
346
339
341
352
387
362
363
377
362
344
356
350
354
334
344
342
340
349
358
368
357
357
374
378
382
371
376
367
375
357
360
360
378
382
380
394
379
393
359
365
368
355
356
359
359
356
388
361
385
376
390
374
373
370
369
396
378
382
397
