2982
3384
2872
2891
2672
2623
2446
2397
2344
2283
2151
2185
2072
1970
2014
1938
1974
1892
1954
1885
1867
1820
1836
1742
1687
1651
1569
1582
1541
1498
1529
1487
1449
1442
1458
1468
1480
1399
1405
1380
1358
1327
1351
1342
1338
1250
1249
1218
1238
1190
1194
1128
1119
1109
1104
1130
1130
1128
1161
1112
1150
1094
1084
1081
1055
1036
995
1009
987
965
984
935
936
939
923
926
924
905
848
837
831
826
842
812
866
818
870
852
877
921
920
912
903
963
931
912
926
894
884
904
912
889
884
852
883
804
844
816
813
840
809
807
798
773
794
769
784
738
757
767
778
775
810
774
771
761
767
759
774
775
767
747
749
726
754
716
723
733
698
746
745
731
740
741
734
687
704
715
717
755
774
756
767
758
773
764
782
766
755
760
742
776
736
768
741
751
746
760
765
767
777
752
747
752
790
788
836
781
769
762
776
762
748
750
759
734
766
734
764
738
762
749
745
775
791
797
816
791
797
820
773
794
797
834
810
831
797
800
804
856
813
822
836
832
835
879
858
888
886
836
840
827
793
767
750
746
739
750
732
773
768
764
733
802
777
792
731
730
715
743
704
722
707
723
708
707
706
726
751
718
763
740
733
748
734
707
724
763
736
764
760
760
731
705
732
722
681
665
643
638
630
616
636
609
590
592
614
658
651
694
646
652
637
674
645
656
613
609
612
632
622
604
602
625
587
600
600
591
573
577
589
585
606
632
643
654
633
664
623
670
636
650
605
642
621
624
635
614
605
620
611
610
614
620
631
649
655
643
663
638
617
641
636
633
627
605
612
620
629
645
621
613
597
604
632
624
673
666
647
653
666
659
673
669
658
647
637
595
625
629
615
592
571
556
517
514
509
499
508
500
484
498
497
494
501
505
533
496
493
481
463
471
456
452
457
447
436
442
435
424
429
421
411
404
397
410
416
426
416
427
420
410
411
424
418
428
430
424
441
429
416
438
452
473
467
474
479
494
501
528
509
525
513
533
538
556
556
565
549
548
533
512
489
498
500
486
491
521
513
526
564
569
586
583
589
609
588
631
578
607
570
553
581
615
621
584
597
585
554
566
578
561
580
554
566
536
559
545
563
585
550
567
571
569
578
577
628
616
601
610
597
587
596
578
576
546
573
528
558
547
572
580
549
591
580
582
598
566
603
567
567
562
573
574
607
623
607
635
616
601
585
576
585
586
564
572
563
578
578
564
598
595
609
591
593
597
623
617
638
617
603
611
583
601
575
594
561
596
584
565
578
555
556
572
571
540
545
541
562
519
513
542
555
552
581
571
561
551
551
530
530
524
533
520
518
509
538
530
537
551
561
580
557
565
559
562
560
581
533
552
529
535
527
494
520
510
519
537
505
519
477
512
511
512
517
506
481
466
472
468
491
482
463
447
433
441
438
451
447
448
467
437
427
440
427
438
440
453
441
438
442
447
423
437
427
428
457
462
437
451
455
431
441
440
439
437
439
432
443
431
416
411
388
387
398
391
397
378
394
391
390
399
387
384
397
413
402
393
381
398
376
379
384
381
414
390
419
422
421
420
421
421
429
432
431
454
426
428
432
423
443
448
449
472
470
452
455
461
453
472
473
491
488
510
499
520
507
492
494
514
499
471
490
457
467
435
438
440
436
423
433
440
433
429
423
462
453
454
435
427
426
434
420
423
432
428
437
439
428
442
460
476
452
448
445
460
443
457
486
490
491
467
464
436
468
450
446
456
441
448
442
447
432
413
401
418
419
444
434
471
467
458
456
421
422
409
392
399
399
392
370
367
367
384
376
361
346
337
331
339
336
347
344
343
354
353
357
357
346
340
341
343
340
350
363
354
354
335
342
358
353
343
334
331
329
344
330
343
338
342
353
365
342
349
344
349
340
344
349
367
359
366
360
362
355
364
341
376
369
377
383
387
374
353
357
348
354
352
334
330
337
333
340
347
327
319
312
320
316
325
335
334
331
325
311
309
319
308
316
305
315
317
324
329
312
316
310
322
319
322
324
333
339
328
314
312
324
325
326
325
312
329
325
326
323
325
321
327
312
320
316
314
318
325
331
319
317
307
329
314
334
326
341
338
345
336
327
340
322
329
324
331
307
308
311
329
326
339
349
348
336
336
350
360
339
353
363
320
307
315
314
321
324
341
314
313
308
306
333
322
348
323
318
304
309
307
305
314
307
319
298
308
306
281
283
263
258
252
260
266
269
270
263
258
254
258
256
262
265
265
270
259
269
267
282
277
264
278
274
279
285
293
277
275
266
254
255
248
259
261
265
263
266
271
273
279
287
271
248
250
