3064
3431
2872
2914
2658
2594
2400
2400
2302
2251
2156
2182
2104
2099
1942
1962
1843
1819
1813
1775
1797
1706
1726
1651
1632
1661
1603
1645
1567
1579
1579
1544
1550
1557
1570
1541
1434
1440
1435
1469
1450
1447
1450
1389
1447
1393
1419
1342
1297
1286
1294
1268
1268
1266
1279
1270
1337
1307
1301
1253
1243
1294
1295
1313
1281
1190
1251
1164
1180
1178
1120
1103
1087
1124
1113
1056
1081
1046
1023
998
1005
986
1005
1031
974
981
1001
982
943
927
943
905
937
951
913
930
937
1015
1000
1022
980
1007
979
974
943
932
950
960
961
938
964
966
985
971
1041
1015
987
913
893
908
922
948
885
855
848
837
836
854
854
824
835
835
832
860
839
851
836
840
813
853
810
854
829
820
857
802
852
812
860
828
763
721
726
689
717
659
669
719
662
727
663
695
674
708
675
718
707
722
736
752
768
755
776
714
733
711
719
729
718
717
713
736
735
747
736
731
713
721
716
677
682
683
696
691
705
708
704
706
686
728
718
725
729
728
706
732
693
663
703
677
698
660
701
676
725
676
709
648
655
652
655
632
644
623
652
655
619
658
688
691
684
699
658
677
677
681
710
690
699
688
684
725
715
735
700
689
672
676
688
641
630
612
625
610
635
603
622
582
563
568
558
573
592
591
575
583
561
576
570
599
564
546
527
545
543
551
583
597
579
611
588
583
600
571
573
612
545
607
570
608
598
598
607
641
594
555
553
551
550
568
581
601
589
585
565
574
561
564
513
535
547
564
569
555
561
562
532
531
498
507
505
493
501
492
491
470
478
470
451
444
449
454
436
438
409
441
420
461
429
422
429
449
392
420
392
403
389
389
411
437
417
441
408
398
380
373
378
368
385
369
359
363
364
371
393
400
406
400
404
415
421
412
420
406
399
392
407
399
420
424
417
425
424
434
433
448
457
473
458
459
435
460
436
434
429
425
414
421
410
406
427
414
411
405
408
396
408
392
406
394
396
415
417
415
428
410
414
415
415
430
420
410
408
419
424
382
393
411
426
413
422
430
411
423
408
410
405
400
411
414
411
415
400
402
411
400
395
402
412
411
422
414
420
424
416
425
410
435
413
401
403
397
409
412
387
403
385
395
399
409
403
387
383
395
406
409
404
416
415
414
433
405
411
398
392
378
382
383
376
384
383
392
382
387
364
367
371
378
365
376
356
359
358
362
359
361
361
358
373
363
364
367
350
345
355
348
350
336
328
327
321
325
319
321
326
331
325
321
321
324
321
324
324
324
323
328
322
322
323
324
323
323
325
331
325
329
330
330
333
331
336
333
334
334
336
338
336
338
338
344
345
340
329
333
325
319
319
323
324
333
324
324
323
315
312
311
310
308
308
308
308
308
308
308
308
308
308
308
308
308
308
308
308
308
308
308
308
308
308
308
308
308
308
308
308
308
308
308
308
308
308
308
308
308
308
308
308
308
308
308
308
308
308
308
308
308
308
308
308
308
308
308
308
308
308
308
308
308
308
308
308
308
308
308
308
308
308
308
308
308
308
308
308
308
308
308
308
308
308
308
308
308
308
308
308
308
308
308
308
308
308
308
308
308
308
308
308
308
308
308
308
308
308
308
308
308
308
308
308
308
308
308
308
308
308
308
308
308
308
308
308
308
308
308
308
308
308
308
308
308
308
308
308
308
308
308
308
308
308
308
308
308
308
308
308
308
308
308
308
308
308
308
308
308
308
308
308
308
308
308
308
308
308
308
308
308
308
308
308
308
308
308
308
308
308
308
308
308
308
308
308
308
308
308
308
308
308
308
308
308
308
308
308
308
308
308
308
308
308
308
308
308
308
308
308
308
308
308
308
308
308
308
308
308
308
308
308
308
308
308
308
308
308
308
308
308
308
308
308
308
308
308
308
308
308
308
308
308
308
308
308
308
308
308
308
308
308
308
308
308
308
308
308
308
308
308
308
308
308
308
308
308
308
308
308
308
308
308
308
308
308
308
308
308
308
308
308
308
308
308
308
308
308
308
308
308
308
308
308
308
308
308
308
308
308
308
308
308
308
308
308
308
308
308
308
308
308
308
308
308
308
308
308
308
308
308
308
308
308
308
308
308
308
308
308
308
308
308
308
308
308
308
308
308
308
308
308
308
308
308
308
308
308
308
308
308
308
308
308
308
308
308
308
308
308
308
308
308
308
308
308
308
308
308
308
308
308
308
308
308
308
308
308
308
308
308
308
308
308
308
308
308
308
308
308
308
308
308
308
308
308
308
308
308
308
308
308
308
308
308
308
308
308
308
308
308
308
308
308
308
308
308
308
308
308
308
308
308
308
308
