2972
3233
2926
2917
2639
2654
2470
2462
2388
2347
2251
2271
2150
2151
2023
2024
1899
1986
1879
1939
1758
1752
1666
1698
1632
1645
1559
1542
1559
1585
1522
1496
1536
1534
1538
1485
1480
1467
1400
1486
1483
1488
1502
1428
1454
1438
1451
1428
1435
1435
1473
1462
1475
1390
1462
1349
1335
1274
1253
1227
1186
1162
1235
1184
1239
1215
1211
1143
1173
1185
1158
1106
1119
1058
1037
1034
983
1030
1022
1056
1024
1037
969
951
922
930
952
940
815
817
802
773
806
838
856
857
897
901
903
855
836
810
812
814
850
851
878
847
831
852
809
828
819
883
816
855
816
831
780
837
804
803
796
803
831
830
845
820
817
791
771
791
752
771
752
735
750
715
771
721
738
710
711
714
651
633
623
651
635
652
648
684
650
640
643
644
666
661
662
698
702
730
690
704
710
744
725
714
760
736
711
722
705
691
658
682
664
671
672
680
672
679
661
711
681
676
657
661
627
649
608
641
621
641
639
657
662
686
690
679
632
682
643
687
643
675
677
697
729
706
781
758
747
775
781
774
824
777
792
813
807
797
823
827
848
822
837
829
824
794
834
815
805
847
821
831
774
800
779
836
789
815
823
799
807
776
801
840
821
842
860
848
889
881
857
827
830
843
855
874
830
829
828
818
844
817
816
778
788
784
846
818
811
823
808
805
829
830
822
807
790
772
747
753
751
735
739
689
707
705
744
735
731
698
703
690
708
692
719
710
709
710
764
690
743
677
732
713
758
716
729
691
713
717
747
765
796
762
772
805
787
814
769
773
747
756
741
727
713
686
644
636
661
627
626
634
662
686
655
700
644
695
676
691
653
644
670
687
652
658
644
649
669
680
636
676
655
656
690
705
734
726
735
749
705
758
699
755
671
708
664
670
683
671
661
647
669
624
681
639
642
610
635
608
637
607
610
602
600
625
605
638
607
629
569
607
590
597
598
589
586
569
579
558
591
554
574
541
561
553
571
570
567
553
555
551
548
547
553
523
528
534
520
534
538
530
523
518
512
486
502
524
502
486
513
520
516
536
536
561
559
587
570
561
590
566
563
558
585
602
594
596
624
587
588
584
597
606
609
639
637
648
634
633
629
630
613
607
604
590
593
594
571
583
580
600
596
560
592
579
605
601
617
636
604
624
628
638
667
656
666
666
671
619
629
606
635
647
642
622
632
636
639
569
590
598
626
630
627
622
628
607
583
612
573
614
600
598
600
619
578
598
611
613
613
614
607
597
627
565
610
576
598
580
588
564
605
570
569
562
577
551
550
553
563
561
546
549
532
531
545
537
537
556
552
556
549
558
562
582
575
587
563
582
573
564
548
557
539
543
556
564
580
585
574
613
590
582
546
552
560
573
566
552
540
564
551
555
559
572
527
528
507
545
533
555
533
513
517
522
542
517
541
522
531
520
506
505
517
525
545
537
557
525
550
530
548
553
551
548
549
573
551
570
581
577
540
554
543
533
507
515
494
513
509
526
519
508
510
517
510
518
520
518
530
501
516
509
519
513
508
524
512
526
549
534
574
565
556
565
557
576
581
582
582
593
571
601
609
593
619
596
607
584
579
589
592
593
607
608
598
624
604
596
603
592
568
560
577
576
584
573
598
596
599
596
616
584
592
568
560
578
559
570
581
573
561
561
551
544
538
549
530
523
517
523
518
519
520
532
514
533
494
476
470
471
470
474
495
511
510
504
501
507
484
494
509
497
525
482
508
468
457
458
445
455
449
449
454
463
456
456
453
454
433
439
437
445
441
452
450
465
445
442
446
451
459
484
490
481
487
470
466
474
476
487
460
476
468
481
447
439
425
434
424
430
413
428
411
402
411
419
421
432
449
471
483
507
496
501
497
502
493
481
489
476
491
490
480
480
479
480
470
467
479
490
490
482
462
447
447
451
464
459
469
462
466
488
461
466
454
479
479
469
486
488
507
484
478
480
465
449
452
445
447
441
460
430
439
425
441
447
446
484
491
506
473
495
507
490
492
486
467
513
479
513
488
524
483
497
488
493
491
500
503
519
506
538
483
491
497
494
501
493
519
517
559
553
519
553
565
558
564
561
575
577
581
551
552
537
522
495
514
504
552
550
543
532
535
525
537
540
518
487
495
510
513
534
542
531
562
517
519
490
514
540
532
539
523
520
521
518
510
523
549
539
556
558
556
527
524
499
508
503
489
508
486
497
463
474
469
473
457
468
469
490
495
528
485
496
497
515
493
503
504
502
517
494
516
501
508
509
528
526
523
514
504
511
503
517
527
495
511
507
517
515
504
513
485
497
511
505
530
522
518
546
527
507
523
521
