2963
3344
2854
2793
2632
2500
2384
2427
2281
2363
2229
2182
2159
2195
2083
2021
2007
1928
1893
1864
1787
1700
1668
1620
1562
1544
1467
1459
1507
1482
1476
1394
1412
1389
1417
1402
1350
1358
1302
1299
1277
1305
1272
1266
1231
1203
1166
1257
1204
1141
1201
1168
1186
1198
1144
1150
1112
1067
1069
1073
1053
1065
1024
1017
982
957
1011
983
982
983
982
1001
966
1029
1000
1042
1052
1017
1039
1033
1018
1043
989
1025
974
969
962
923
957
884
906
917
898
880
895
868
848
866
865
880
877
902
854
885
836
876
795
787
779
775
767
768
805
775
803
830
816
819
783
804
795
803
803
852
885
939
918
980
1021
1014
991
965
955
882
885
898
846
886
853
826
832
841
836
846
855
859
853
851
878
850
848
856
805
785
777
772
751
764
715
731
750
742
778
792
801
785
822
817
834
804
805
819
751
781
762
757
778
795
850
824
834
826
812
807
827
848
834
860
871
830
858
804
797
815
818
836
865
801
778
796
792
840
792
804
818
825
797
795
783
736
772
758
784
801
840
804
810
757
798
776
778
745
737
715
721
704
702
681
702
693
694
694
671
686
702
719
737
727
768
729
717
701
653
684
637
619
603
615
623
625
592
600
608
574
567
548
568
559
561
553
565
546
536
528
533
536
546
552
539
531
545
542
544
532
541
529
517
520
507
479
494
443
439
432
452
452
442
448
436
438
432
445
452
452
430
454
438
467
454
462
442
463
463
477
487
480
462
448
451
450
466
471
461
470
465
467
453
485
453
428
435
450
443
449
475
479
497
502
490
498
508
507
523
511
523
524
511
533
518
507
512
524
508
521
515
518
509
536
511
552
513
532
498
528
534
538
544
557
546
557
568
568
601
570
579
571
600
583
548
555
548
537
547
497
496
493
488
494
487
495
500
498
518
516
512
523
547
529
542
528
567
585
581
563
570
580
574
581
573
583
564
555
560
579
555
582
587
595
597
636
639
663
628
637
635
668
663
666
650
639
617
620
643
635
647
651
666
651
654
666
679
696
668
665
661
662
667
677
651
681
637
614
622
600
603
597
606
626
614
624
610
658
647
596
615
590
642
623
661
622
650
632
663
629
678
675
686
678
668
661
673
647
642
630
649
608
614
620
622
612
620
594
571
565
560
572
572
564
550
565
526
578
520
525
553
531
568
534
564
547
566
563
607
556
620
575
576
558
568
560
563
588
584
536
538
517
559
555
550
551
538
549
523
531
534
543
531
537
532
524
528
494
522
487
518
489
505
514
488
516
527
504
534
497
496
495
501
485
497
492
516
506
517
483
488
515
512
535
538
551
581
588
575
571
604
567
559
550
569
544
563
565
577
572
546
547
559
579
572
585
590
577
583
590
581
639
586
617
569
570
572
555
536
550
576
575
603
576
579
570
563
546
551
551
600
556
558
553
552
524
534
509
554
576
569
562
561
572
578
563
570
587
565
550
582
589
600
601
615
595
595
602
601
624
638
652
655
677
678
649
680
630
686
656
647
620
612
629
619
600
613
661
662
705
670
701
675
697
681
687
685
682
709
694
739
722
741
740
730
698
739
724
742
726
691
724
698
696
706
717
714
727
709
712
672
697
697
738
750
784
726
743
705
738
706
714
717
716
713
690
705
693
703
670
649
667
653
680
676
682
685
699
685
691
655
692
657
685
660
658
624
608
585
599
566
549
571
556
567
549
567
570
543
560
558
571
587
590
588
569
578
561
552
546
541
541
547
540
536
520
540
536
546
513
519
509
507
512
500
528
506
525
511
522
541
538
542
526
520
513
532
522
501
482
462
470
480
491
512
508
490
498
510
484
471
493
491
521
518
542
540
563
550
567
536
534
513
503
511
496
493
494
504
470
459
458
442
441
457
455
460
466
490
472
498
464
450
475
438
456
466
480
475
456
447
434
458
455
471
481
494
513
508
538
525
554
550
531
516
517
515
531
546
554
559
558
555
555
544
504
507
502
500
469
479
470
485
470
498
439
454
455
464
460
463
468
478
472
476
462
494
482
479
486
494
498
513
513
492
515
508
529
535
515
548
526
531
510
536
550
553
556
541
506
519
482
490
499
506
512
515
526
514
529
534
523
525
534
547
514
495
491
491
488
479
476
489
516
535
578
579
588
619
599
569
586
594
648
611
600
614
632
632
638
655
640
631
647
641
622
628
627
621
627
628
638
664
650
679
631
615
635
603
623
597
629
644
671
672
696
672
669
641
591
616
588
609
630
655
646
653
673
650
660
657
638
606
607
596
608
604
626
599
611
590
596
578
590
593
558
590
576
551
585
559
574
532
562
550
562
