3027
3506
2942
2849
2773
2701
2593
2416
2314
2192
2222
2251
2166
2125
2099
2024
1988
1909
1910
1701
1690
1609
1621
1615
1545
1620
1581
1569
1519
1526
1497
1488
1478
1445
1402
1370
1358
1304
1347
1353
1340
1297
1292
1270
1242
1207
1218
1180
1167
1156
1156
1154
1083
1072
1079
1051
1029
1088
1039
1076
1046
1092
1105
1089
1109
1100
1127
1144
1121
1070
1042
1021
1024
1060
1026
1033
1024
973
1006
962
952
930
945
925
947
988
968
964
953
947
918
945
922
921
914
931
908
882
931
917
967
976
982
998
999
1022
993
962
963
893
867
869
850
863
811
820
781
783
817
784
786
812
834
811
805
792
827
824
838
820
838
821
825
799
800
791
784
785
782
765
799
771
789
796
801
772
817
794
786
843
804
813
787
778
808
775
773
815
771
783
763
727
741
728
739
746
741
769
746
772
736
761
752
804
767
830
807
799
804
791
801
763
785
753
735
744
767
756
819
793
815
812
821
811
791
803
745
771
754
734
699
700
715
766
765
778
762
760
733
725
765
776
748
748
764
743
754
766
753
781
739
773
728
782
735
751
770
742
760
745
767
772
768
839
823
811
813
784
816
810
805
794
783
762
780
771
780
769
775
752
767
721
754
710
734
716
712
748
798
722
697
730
716
744
687
694
713
727
675
687
684
669
664
641
658
638
633
612
627
648
612
629
636
669
673
683
689
662
666
635
654
661
656
634
625
590
590
609
613
631
614
601
607
592
600
612
614
595
604
587
601
589
632
645
655
656
604
652
638
645
645
654
660
652
645
641
649
652
642
642
654
611
627
620
602
600
585
568
535
527
505
470
476
480
477
466
481
477
478
469
474
471
463
437
435
431
441
403
409
382
385
373
383
378
382
403
396
415
396
409
418
427
437
434
441
445
445
449
463
449
468
466
457
440
456
448
466
457
445
454
447
467
445
440
446
460
463
471
483
510
502
498
495
511
508
525
517
477
473
481
472
501
483
492
481
480
492
481
510
542
550
559
557
547
543
553
529
542
514
505
474
513
495
497
495
492
515
538
575
542
551
593
582
546
558
584
565
547
537
553
555
571
561
538
517
504
513
505
536
541
560
555
566
549
529
565
526
553
516
531
524
531
537
568
560
568
575
592
595
608
562
582
566
536
555
559
553
570
596
568
574
592
548
569
562
566
570
538
511
532
544
535
544
553
535
533
536
530
525
541
543
553
552
561
580
549
567
530
560
545
563
526
567
533
552
532
558
598
611
591
599
580
586
576
573
601
594
586
586
609
604
609
625
632
633
670
679
688
637
633
616
604
637
633
637
640
633
632
642
631
662
638
625
634
617
622
614
613
624
606
601
573
564
546
550
527
549
574
547
561
584
590
610
604
632
640
645
645
662
678
671
665
662
639
621
651
610
617
634
619
641
643
673
690
675
708
709
742
746
774
721
705
696
690
694
697
706
718
704
720
676
672
688
708
673
686
661
688
667
670
681
661
651
654
651
662
657
705
654
685
664
703
733
724
778
751
757
720
745
733
735
702
718
687
695
713
688
655
660
661
696
677
663
642
645
656
659
677
673
693
711
725
723
682
700
678
686
703
699
677
697
669
686
694
719
700
701
739
720
794
762
790
791
812
821
833
834
830
896
888
864
887
845
852
841
834
854
866
881
873
836
819
840
869
825
843
809
846
836
844
819
801
796
781
776
825
792
783
764
770
778
796
820
818
828
819
831
814
843
823
822
835
803
751
772
760
768
753
729
782
748
778
751
782
808
821
862
815
884
858
879
885
835
898
853
865
831
841
813
860
835
815
787
791
800
810
803
803
829
808
801
802
856
825
869
827
842
854
898
915
936
946
965
966
926
942
925
944
949
935
921
946
963
986
988
1018
1006
945
968
996
1019
923
877
826
854
797
786
836
813
784
782
751
746
745
757
762
765
790
776
740
786
717
733
718
700
725
740
711
726
697
735
692
701
677
702
692
733
730
740
741
755
734
815
784
763
768
760
791
801
766
806
751
743
758
807
791
830
823
850
802
855
802
848
791
824
817
771
780
774
778
766
773
783
768
795
792
783
768
789
775
796
784
772
771
751
753
781
777
791
778
780
758
795
802
764
781
775
772
809
798
825
773
805
799
807
801
833
785
798
826
823
813
816
780
777
782
782
780
756
760
762
756
750
699
670
678
694
657
660
677
683
680
676
655
646
635
665
651
633
662
648
666
615
638
624
594
604
634
618
639
627
639
664
613
654
665
631
650
634
653
628
614
628
615
608
579
605
612
612
630
659
647
656
684
731
741
758
775
767
728
749
737
770
755
800
764
789
776
752
762
