2962
3368
2711
2703
2540
2438
2413
2300
2318
2157
2195
2118
2124
2032
2035
1964
1927
1830
1814
1816
1762
1768
1729
1692
1668
1583
1619
1564
1581
1527
1597
1500
1547
1497
1490
1453
1455
1414
1405
1388
1383
1409
1373
1410
1369
1434
1343
1391
1375
1361
1342
1301
1356
1283
1293
1315
1365
1264
1251
1259
1210
1202
1162
1134
1117
1138
1167
1171
1185
1203
1182
1145
1162
1118
1116
1086
1086
1129
1098
1132
1074
1101
1097
1147
1081
1098
1074
1069
1099
1065
1079
1149
1112
1135
1032
1043
962
978
983
964
944
954
982
982
1003
969
1010
999
982
970
978
922
911
932
913
907
926
900
877
863
878
868
828
831
829
857
836
841
824
800
763
765
763
756
769
786
769
783
778
772
796
809
784
785
797
775
775
747
736
731
781
734
795
760
780
796
828
777
784
765
780
749
793
755
782
728
798
726
774
726
759
743
775
719
736
729
777
770
771
783
800
764
738
761
760
749
722
716
747
670
707
702
718
704
709
703
699
733
734
719
728
715
698
714
687
689
682
692
681
659
656
635
641
631
644
670
640
616
625
591
588
589
577
577
577
604
618
620
614
600
600
632
597
600
610
590
624
602
637
615
612
591
562
574
546
546
568
553
556
552
529
555
530
549
544
529
546
535
557
579
574
601
587
608
549
583
542
552
559
567
529
531
512
521
510
526
525
548
552
548
548
560
542
533
531
523
486
492
496
511
530
498
549
507
535
525
526
532
531
515
495
480
510
503
516
471
477
466
478
491
506
521
512
491
516
474
484
483
493
484
490
448
436
434
426
459
454
458
456
443
462
469
453
467
455
489
491
518
491
480
472
460
486
490
483
480
494
483
475
470
464
480
492
477
484
453
454
458
449
426
429
411
424
420
385
381
387
399
382
380
378
365
365
363
357
346
343
349
343
321
320
314
324
312
315
314
322
329
332
332
338
331
333
331
333
333
332
347
333
350
343
359
340
356
348
346
341
328
342
335
317
328
318
310
313
321
321
319
331
336
340
324
324
327
317
333
324
324
308
313
307
310
297
302
293
291
292
294
291
295
293
288
296
293
298
300
302
299
305
309
310
301
307
309
312
310
306
318
310
303
304
305
301
302
299
314
294
304
296
304
291
285
284
282
280
282
286
286
289
297
289
293
288
307
296
313
305
305
298
308
315
311
310
308
322
319
319
325
331
337
337
338
357
341
352
343
329
325
342
329
344
330
342
350
348
370
357
382
372
392
389
412
384
392
384
403
372
382
387
381
383
361
366
369
367
375
379
379
373
378
383
386
393
420
410
397
409
409
408
368
364
355
352
361
365
356
366
353
355
349
357
356
365
371
378
367
380
380
392
392
384
387
376
388
382
381
381
404
390
389
411
386
400
401
405
400
415
407
404
411
401
400
382
403
397
407
412
417
415
426
425
418
416
395
399
386
393
404
400
379
385
386
394
396
382
386
372
364
359
364
366
377
383
393
388
391
378
384
386
372
386
383
372
371
370
376
367
360
354
359
366
374
372
379
365
380
367
379
368
363
370
368
372
380
386
386
392
398
397
378
389
376
372
375
388
370
375
357
354
354
362
351
367
360
363
360
349
359
353
369
356
362
367
341
337
341
331
333
340
349
349
363
361
357
360
370
368
371
381
370
392
364
380
361
368
366
380
377
400
380
392
386
386
389
405
375
402
373
376
386
391
418
414
404
405
417
413
408
424
425
434
438
433
457
448
469
474
480
481
492
462
475
489
484
506
513
527
532
541
510
516
476
476
483
460
470
455
479
470
459
464
451
479
456
461
437
460
443
476
448
425
453
444
415
419
432
426
430
428
423
413
419
408
385
380
365
360
339
347
335
345
326
318
329
316
303
299
301
309
312
314
306
315
319
339
335
363
349
361
346
345
353
355
349
348
347
335
334
334
317
319
315
322
328
328
344
330
339
326
330
328
337
327
324
320
324
318
333
323
320
313
312
312
314
312
319
315
305
307
314
312
322
312
316
323
319
324
329
325
334
330
337
321
329
326
328
324
319
327
324
324
327
325
328
331
336
340
339
347
347
338
338
336
341
340
338
323
320
314
322
307
327
309
304
301
294
305
298
302
299
315
309
326
319
340
334
350
332
347
327
346
334
341
337
337
325
315
314
309
312
306
308
307
300
312
302
307
307
306
306
312
305
304
315
310
309
318
321
337
318
336
326
348
332
341
344
349
349
356
357
362
355
364
364
369
339
337
326
329
339
343
348
361
352
367
364
394
395
378
384
387
352
343
345
346
341
346
352
345
340
340
335
332
334
344
351
353
355
371
371
378
390
390
381
390
394
381
373
372
381
