2959
3404
2894
2914
2724
2616
2373
2377
2339
2321
2277
2219
2249
2109
2084
2040
2043
1939
1927
1914
1884
1804
1798
1658
1637
1693
1670
1717
1650
1599
1531
1487
1462
1477
1461
1432
1411
1427
1381
1405
1405
1417
1353
1341
1345
1332
1341
1287
1275
1272
1221
1215
1181
1228
1210
1226
1202
1179
1165
1189
1174
1208
1224
1250
1208
1215
1281
1179
1244
1253
1221
1201
1159
1149
1103
1102
1084
1057
1087
1080
1089
1116
1098
1097
1080
1086
1090
1106
1180
1148
1196
1132
1065
1012
1013
1044
1009
1016
965
972
979
1000
978
974
872
893
869
882
870
856
881
817
821
856
828
811
827
776
796
811
819
795
766
772
783
773
766
811
800
811
839
794
823
729
734
745
687
721
729
740
720
757
746
743
742
690
702
693
710
712
742
730
720
712
713
723
684
672
715
710
663
669
650
711
660
708
690
719
723
730
719
766
743
795
771
752
742
731
752
734
761
747
753
776
771
752
709
703
711
705
721
732
723
730
736
756
785
774
799
787
790
785
784
744
787
740
729
747
702
733
696
726
713
735
753
767
758
767
776
823
819
814
792
787
788
770
778
774
756
779
758
743
718
727
740
721
717
769
759
785
735
781
751
754
741
800
759
755
729
733
731
744
727
711
760
758
762
752
768
750
688
716
713
714
675
660
691
664
651
684
687
718
718
739
729
704
714
662
701
713
682
678
698
676
668
690
676
719
685
700
672
676
694
679
690
655
705
645
641
634
659
665
647
683
685
688
708
672
653
662
657
643
626
626
590
605
569
576
583
589
588
594
586
584
584
631
614
626
632
618
626
633
669
631
627
631
638
649
625
630
623
610
608
593
631
614
614
604
620
633
651
644
634
659
656
646
617
637
613
591
573
548
589
561
565
542
516
517
483
461
465
484
473
490
471
475
482
487
506
494
495
450
477
436
444
437
455
474
465
470
459
471
476
457
462
464
449
442
444
453
448
453
455
461
478
470
468
459
495
471
464
458
474
461
457
459
483
476
493
501
508
497
507
490
480
475
461
452
463
464
488
474
500
490
510
518
503
487
514
508
494
505
503
521
525
492
503
495
510
510
527
505
519
544
551
564
566
569
582
589
580
548
590
545
564
546
575
542
531
525
527
539
526
534
534
522
534
523
524
527
542
519
512
511
520
522
520
521
509
519
508
497
501
508
536
530
550
528
546
537
546
546
524
512
514
510
507
513
514
496
507
509
482
508
477
511
522
536
533
525
517
538
550
584
566
567
582
558
568
566
595
607
617
647
626
601
579
592
572
546
545
536
545
590
565
571
583
569
577
564
583
561
583
552
565
587
577
559
577
549
564
562
547
562
550
566
543
546
564
556
546
557
575
592
573
588
590
602
623
653
658
645
662
708
699
684
694
661
638
654
678
672
677
652
655
651
645
630
629
613
617
655
655
682
657
652
661
661
645
670
665
647
666
588
615
628
647
620
616
588
608
627
609
625
582
599
600
637
610
662
649
690
659
710
690
733
683
659
656
658
670
660
636
612
596
608
566
580
573
564
574
583
557
588
594
536
598
514
524
521
525
539
540
527
522
516
507
520
507
512
519
508
514
552
518
546
487
525
498
527
481
496
506
518
524
535
548
541
533
536
538
536
533
548
514
534
534
553
559
574
592
581
604
587
597
610
608
616
640
639
651
654
664
675
676
697
669
664
675
672
679
720
703
708
708
710
688
686
653
670
648
653
643
632
643
652
695
705
696
699
676
630
653
662
663
670
685
674
647
662
698
653
664
645
637
633
625
625
595
589
615
601
610
596
587
598
587
609
581
606
609
641
656
641
679
668
654
645
637
591
609
570
569
505
557
521
528
543
530
520
500
519
496
498
510
514
529
542
532
532
529
528
540
508
544
522
507
525
508
535
501
539
521
500
516
514
551
537
578
549
558
566
573
582
574
583
563
603
571
561
557
545
597
570
578
580
552
575
554
583
527
542
562
585
594
552
576
584
585
597
578
587
585
615
634
659
674
706
678
705
695
695
721
722
682
689
692
674
677
665
648
626
638
594
567
578
574
601
594
605
613
631
666
667
636
642
637
644
660
641
633
633
628
647
643
644
675
631
633
588
640
617
621
637
618
666
638
651
629
651
625
619
669
683
671
689
694
678
632
629
598
583
561
567
573
552
578
539
540
551
538
542
554
536
545
557
573
593
581
603
565
547
541
585
546
551
561
518
541
512
518
515
518
498
513
509
557
499
523
529
561
569
517
529
491
477
485
516
498
490
484
463
510
490
466
499
504
529
511
533
499
540
485
496
508
489
498
496
499
496
478
482
484
483
474
475
476
466
480
460
