3034
3488
2956
2827
2649
2532
2477
2338
2268
2312
2289
2217
2190
2132
2070
1957
1974
1925
1841
1750
1741
1648
1663
1655
1619
1619
1543
1550
1526
1531
1498
1478
1478
1443
1422
1361
1317
1313
1239
1278
1253
1301
1343
1317
1275
1296
1266
1230
1232
1184
1184
1199
1210
1223
1175
1212
1162
1119
1060
1075
1026
1103
1086
1125
1096
1199
1125
1209
1135
1167
1151
1188
1213
1238
1234
1201
1174
1201
1247
1209
1243
1236
1208
1217
1201
1211
1191
1245
1261
1262
1249
1268
1204
1252
1243
1237
1267
1262
1257
1244
1264
1247
1271
1197
1213
1194
1133
1113
1048
1024
956
1008
947
990
973
1006
950
1000
951
972
929
926
936
945
912
922
946
938
948
950
917
897
938
885
882
909
872
849
872
853
824
848
844
844
817
831
813
792
814
835
797
780
798
829
834
817
858
849
845
858
865
848
839
882
861
860
860
798
840
807
845
849
838
811
835
807
825
810
811
847
848
855
833
865
829
849
790
804
801
757
727
705
717
707
733
707
706
719
744
746
748
726
720
754
770
796
765
790
728
754
689
709
706
727
691
735
726
708
710
742
704
759
719
711
752
692
730
741
737
728
733
732
688
692
694
736
699
717
710
737
772
762
765
766
771
773
775
774
725
725
733
735
753
751
748
764
772
791
829
831
820
841
846
855
875
865
876
864
844
839
823
837
829
842
863
894
878
910
899
911
852
884
879
877
862
873
925
838
958
872
918
890
888
857
904
832
818
800
796
797
836
852
795
773
725
727
737
720
774
750
770
757
742
759
738
771
729
696
700
675
670
678
711
712
704
706
711
720
702
683
721
686
691
696
663
664
682
642
648
652
672
650
654
667
667
666
628
656
609
624
642
627
629
628
639
681
665
649
642
646
668
664
676
672
685
696
679
715
695
696
691
690
713
718
733
740
739
773
794
813
782
801
777
773
776
761
700
740
725
727
677
698
651
676
681
656
693
654
661
638
640
651
640
676
652
639
636
662
653
674
697
743
733
783
751
808
767
785
790
808
823
786
807
774
747
785
731
743
778
749
751
713
708
717
708
691
709
677
699
713
703
682
657
668
709
729
727
781
790
763
753
717
698
702
690
699
718
736
726
725
745
732
732
735
686
706
669
693
655
632
640
633
653
655
702
685
706
666
702
665
700
678
701
713
756
763
786
770
737
726
692
696
671
725
691
664
667
697
727
727
709
762
762
780
769
777
718
763
815
802
786
797
795
778
772
761
768
726
727
750
727
760
745
773
771
797
770
799
793
801
816
842
857
777
804
747
786
748
749
750
734
728
668
668
657
713
645
652
636
632
676
677
709
691
719
722
697
689
737
749
727
721
713
721
679
699
661
667
684
654
643
655
646
662
674
618
618
609
599
609
609
612
587
591
598
613
596
609
592
588
577
575
597
567
578
559
585
558
575
570
575
591
563
612
606
644
656
667
645
645
658
626
656
647
626
603
593
571
575
581
578
606
594
587
601
602
589
597
593
604
577
574
531
548
559
576
595
562
588
573
588
583
593
583
585
585
592
586
569
563
569
553
557
562
550
550
562
564
586
579
607
615
603
601
581
566
569
574
574
600
608
622
625
630
628
614
605
603
611
625
596
614
634
642
654
624
662
668
674
695
676
675
688
681
696
703
689
702
694
668
693
646
744
690
729
707
766
744
814
750
768
797
800
754
801
767
795
766
758
726
739
720
738
750
712
724
729
718
698
701
694
699
726
749
715
719
722
710
714
711
720
705
704
698
669
660
693
651
691
676
704
692
670
674
676
649
659
641
663
638
694
667
676
634
675
670
688
672
699
671
667
662
676
642
628
635
638
668
679
682
658
653
636
608
607
604
602
612
618
618
604
614
605
608
609
599
615
600
597
609
590
605
612
547
567
549
529
525
550
539
539
532
508
502
505
512
500
498
504
508
495
466
471
463
468
463
465
465
478
460
465
458
450
457
462
464
478
483
479
477
477
504
482
522
498
513
499
527
526
531
564
519
547
526
531
546
554
561
552
571
575
562
587
565
560
569
554
572
538
558
549
589
575
600
604
605
594
614
600
638
601
608
593
553
551
537
548
551
575
536
541
563
552
539
550
543
562
583
578
543
551
545
548
525
540
522
533
494
504
487
513
514
528
522
522
544
536
548
543
576
551
559
513
537
517
519
512
529
532
526
554
549
571
575
546
572
556
557
559
573
569
562
552
538
571
565
614
610
633
602
650
632
647
630
646
607
614
613
607
621
616
596
593
581
570
578
580
586
601
593
595
578
597
568
577
583
592
586
573
569
563
572
561
566
575
591
573
563
575
552
556
510
514
504
520
528
537
549
582
562
