3082
3522
2962
2883
2724
2592
2456
2535
2319
2365
2289
2340
2152
2241
2170
2119
2040
2017
2055
2010
1949
1886
1975
1921
1846
1800
1772
1825
1784
1740
1718
1737
1698
1684
1653
1644
1626
1581
1535
1545
1501
1510
1525
1464
1501
1467
1502
1441
1457
1439
1420
1406
1415
1399
1433
1364
1356
1349
1273
1293
1272
1320
1263
1239
1214
1212
1284
1203
1205
1192
1274
1284
1271
1280
1197
1282
1179
1156
1147
1105
1106
1117
1110
1114
1107
1121
1149
1082
1104
1087
1117
1083
1047
998
997
1030
1006
1027
958
946
915
950
938
894
863
872
870
866
884
839
886
872
890
862
877
873
849
844
810
820
778
775
805
782
785
782
724
734
729
702
694
683
678
661
687
691
700
695
700
691
689
731
686
720
710
704
673
680
688
726
695
718
726
675
705
666
672
653
672
633
650
595
635
620
677
634
656
625
616
644
627
645
643
636
632
649
666
690
710
694
692
737
691
704
698
703
697
726
754
746
754
748
769
748
756
726
750
737
756
726
736
775
765
787
789
771
792
820
811
775
765
742
759
728
763
695
719
739
744
743
781
757
764
740
742
766
747
775
799
765
799
795
827
800
806
767
760
751
763
709
678
662
657
645
654
670
666
643
640
638
651
676
687
657
684
692
745
747
804
787
826
851
933
911
884
874
906
895
919
877
913
876
885
817
866
829
863
856
828
827
838
854
845
846
815
788
786
759
776
802
745
759
747
783
773
767
766
777
752
794
738
776
755
796
731
756
746
733
746
753
760
743
745
768
742
756
734
755
778
851
865
857
841
844
819
785
795
767
746
753
712
735
729
700
677
708
678
695
661
692
659
663
646
670
624
665
618
654
661
686
680
688
672
713
697
735
769
709
702
698
708
710
691
718
685
707
709
707
676
646
683
668
681
694
715
695
721
740
713
731
776
760
741
716
722
705
702
712
725
697
685
687
637
641
621
609
608
645
634
650
629
681
622
662
651
647
673
678
663
640
666
662
668
645
630
664
632
677
649
666
691
723
716
767
761
782
772
783
778
767
797
794
771
794
805
812
815
773
773
805
797
796
787
811
770
817
785
783
790
801
788
772
768
755
772
750
767
772
808
812
796
769
784
788
734
684
674
604
597
584
591
595
614
616
599
638
602
653
598
631
626
649
661
649
645
634
622
615
613
613
608
580
575
570
569
597
584
603
581
577
580
541
540
534
518
535
528
549
524
532
540
570
538
546
547
537
550
544
537
550
543
539
536
531
499
501
513
502
489
536
516
510
521
520
522
540
511
536
532
547
565
562
580
581
612
590
604
588
588
594
565
584
582
580
562
520
534
517
516
521
532
539
536
562
554
551
550
542
537
545
507
534
531
571
541
564
547
566
570
578
573
567
581
587
569
596
570
564
562
541
548
560
561
572
577
584
574
577
606
596
605
633
613
592
603
612
651
685
680
698
708
718
691
690
700
697
717
734
743
722
741
772
770
770
756
771
770
761
788
744
754
757
765
736
731
726
690
682
652
668
649
642
657
631
606
595
623
621
628
637
643
652
631
619
633
642
659
645
638
656
623
633
637
642
659
615
612
630
631
602
633
631
628
607
606
604
611
604
620
606
578
607
572
552
550
546
555
549
509
528
518
519
524
501
497
486
488
499
505
498
508
484
488
480
492
464
461
429
445
435
439
436
423
452
443
476
450
481
459
476
478
505
435
442
413
408
415
415
420
417
418
427
421
426
431
438
436
441
447
455
446
419
414
416
397
385
412
382
396
380
376
379
368
364
365
372
357
367
365
370
356
362
358
359
346
355
351
351
356
357
368
361
375
367
383
375
387
376
378
371
374
365
377
361
368
370
377
383
383
397
389
397
416
425
417
422
426
430
417
416
430
444
423
440
432
449
456
457
452
434
450
441
463
455
466
464
487
486
497
511
507
512
499
491
488
508
505
498
504
502
525
497
529
493
503
500
506
495
470
469
461
462
468
465
492
488
474
470
475
461
470
470
455
482
467
474
467
478
461
440
437
434
445
433
429
433
442
437
451
434
432
443
423
428
426
448
421
441
406
396
378
365
369
368
372
371
382
379
387
375
389
381
392
385
397
390
389
389
408
390
398
393
389
375
374
375
368
374
383
374
395
382
388
391
389
367
364
359
361
362
360
351
365
359
369
371
376
378
367
367
369
365
354
361
364
379
368
380
350
357
336
336
334
335
329
337
333
345
336
339
349
346
361
345
342
342
333
327
327
328
326
315
315
314
317
323
324
333
328
336
337
328
334
333
335
342
336
336
336
336
336
340
342
341
345
346
346
350
348
350
351
344
346
352
346
345
348
345
339
338
