3120
3523
2981
2876
2695
2593
2520
2449
2464
2330
2305
2155
2174
2090
2014
1947
1936
1835
1770
1780
1682
1696
1692
1694
1619
1659
1622
1607
1554
1630
1574
1541
1489
1511
1471
1515
1451
1386
1390
1334
1318
1335
1271
1308
1241
1274
1191
1203
1139
1139
1109
1100
1045
1092
1049
1060
1092
1085
1081
1061
1047
1071
1112
1051
1062
1034
1029
1037
1051
1040
1051
1053
1070
1049
1120
1049
1091
1054
1097
1055
1090
1019
1001
993
1020
1013
1056
1066
1006
1030
1044
1083
1083
1068
1046
1014
1037
969
925
966
924
960
909
938
888
902
867
868
903
869
844
823
805
844
805
856
817
872
842
844
842
862
874
889
890
867
847
854
814
862
815
812
789
824
759
796
739
743
714
737
708
713
685
724
704
731
698
700
691
698
683
687
679
735
737
768
717
756
774
775
787
785
794
822
818
817
838
828
842
794
807
782
800
814
788
802
766
741
744
761
759
741
771
728
740
738
755
764
711
718
738
746
768
734
749
762
746
756
764
789
796
818
821
870
852
813
835
821
830
834
844
844
861
851
845
817
821
796
739
704
661
666
665
672
661
739
660
725
704
711
687
689
671
657
665
661
683
660
680
679
681
671
684
673
666
657
682
679
699
721
724
743
766
732
779
784
787
749
770
714
749
727
713
732
694
716
715
736
702
713
700
669
697
694
736
688
706
697
703
702
703
714
700
681
652
647
719
696
742
714
738
701
731
734
751
745
737
713
735
747
740
718
725
703
703
664
660
638
663
651
691
647
683
637
630
629
663
648
670
659
651
648
650
678
677
697
687
730
692
685
687
677
696
689
674
705
695
703
708
736
715
725
711
700
702
711
702
710
715
743
770
736
768
724
737
745
764
741
745
744
762
740
728
719
742
746
764
745
790
756
801
746
777
770
740
766
735
727
754
749
769
759
712
709
719
720
727
711
680
700
691
684
707
665
660
672
680
691
691
703
704
684
729
741
761
747
770
722
763
716
682
675
648
652
661
672
660
679
641
678
623
652
673
711
683
701
672
680
695
687
691
694
710
744
713
675
675
630
648
604
624
595
627
606
603
603
643
650
662
681
698
679
688
710
646
678
636
658
652
620
622
620
624
637
662
636
689
625
643
640
647
632
628
617
605
598
605
603
627
614
658
674
672
660
671
650
667
655
657
671
665
644
673
630
633
628
631
635
648
644
640
625
618
607
623
656
606
606
614
615
607
631
592
585
588
606
616
605
622
629
602
608
581
575
597
601
594
588
568
583
591
587
616
600
596
598
603
604
554
561
544
537
532
541
531
526
523
543
532
553
551
582
560
559
558
549
530
524
497
498
500
486
482
468
459
448
465
447
436
417
424
401
389
364
359
359
364
371
380
382
386
397
370
390
377
392
393
415
370
374
377
384
384
394
393
394
396
391
391
398
404
395
397
406
402
398
405
401
390
398
404
396
399
401
404
407
394
400
396
395
397
403
412
398
410
386
385
393
386
404
400
395
398
409
408
402
419
418
400
409
422
408
406
399
394
409
388
399
393
390
390
401
390
399
394
400
388
394
400
398
381
374
381
382
392
374
377
377
379
369
374
371
368
366
363
358
361
360
364
371
372
388
369
372
381
379
384
370
381
376
368
373
370
378
366
370
371
365
373
381
378
385
386
397
389
399
389
408
402
408
402
413
408
446
408
408
404
397
394
402
398
414
402
408
405
405
399
408
403
421
413
411
419
417
445
420
421
424
426
429
420
421
418
409
407
405
398
403
405
392
399
393
409
399
416
393
396
410
397
396
390
400
393
397
396
394
401
411
427
400
402
404
403
380
377
372
376
392
381
382
380
387
383
386
392
386
380
380
385
379
384
391
391
375
384
363
380
364
363
360
355
360
358
356
357
368
359
366
366
375
371
385
376
394
378
388
381
393
389
397
371
378
366
375
357
368
370
383
396
380
389
386
377
390
395
410
412
384
385
374
386
386
408
391
385
386
387
380
385
389
379
398
382
372
363
353
361
372
369
365
366
377
361
347
352
344
354
352
358
358
368
369
372
373
387
383
387
362
362
356
356
344
362
351
353
340
343
337
342
343
338
340
337
340
346
342
325
335
327
345
326
332
331
330
338
332
327
328
330
330
332
324
332
337
336
326
332
327
330
329
326
318
327
324
319
320
323
318
321
320
324
328
325
317
308
312
309
309
309
306
310
307
314
315
320
323
318
322
311
306
305
299
294
295
294
294
301
289
285
283
283
283
283
283
283
283
283
283
283
283
283
283
283
283
283
283
283
283
283
283
283
283
283
283
283
283
283
283
283
283
283
283
283
283
283
283
283
283
283
283
