1 3 1997 0 
2 5 1995 0 
3 6 1994 0 
4 9 1991 0 
5 12 1986 2 
6 20 1976 4 
7 22 1973 5 
8 23 1971 6 
9 22 1969 9 
10 20 1969 11 
11 21 1966 13 
12 28 1958 14 
13 32 1952 16 
14 32 1949 19 
15 44 1935 21 
16 58 1919 23 
17 65 1901 34 
18 69 1887 44 
19 75 1872 53 
20 79 1858 63 
21 80 1846 74 
22 81 1834 85 
23 87 1816 97 
24 94 1796 110 
25 100 1782 118 
26 103 1766 131 
27 121 1739 140 
28 132 1715 153 
29 139 1693 168 
30 157 1664 179 
31 174 1628 198 
32 187 1595 218 
33 204 1558 238 
34 204 1530 266 
35 214 1504 282 
36 215 1481 304 
37 219 1447 334 
38 223 1421 356 
39 242 1385 373 
40 257 1339 404 
41 242 1320 438 
42 241 1292 467 
43 237 1273 490 
44 240 1254 506 
45 257 1217 526 
46 264 1185 551 
47 260 1165 575 
48 255 1141 604 
49 269 1107 624 
50 281 1064 655 
51 303 1019 678 
52 301 985 714 
53 295 943 762 
54 313 894 793 
55 335 829 836 
56 363 759 878 
57 389 693 918 
58 404 632 964 
59 419 576 1005 
60 410 535 1055 
61 393 494 1113 
62 397 459 1144 
63 402 418 1180 
64 399 379 1222 
65 393 347 1260 
66 389 311 1300 
67 388 271 1341 
68 402 221 1377 
69 398 171 1431 
70 374 147 1479 
71 357 122 1521 
72 337 108 1555 
73 311 88 1601 
74 293 69 1638 
75 268 57 1675 
76 263 38 1699 
77 250 27 1723 
78 224 27 1749 
79 207 26 1767 
80 186 23 1791 
81 170 21 1809 
82 159 20 1821 
83 138 19 1843 
84 122 19 1859 
85 109 19 1872 
86 103 16 1881 
87 98 15 1887 
88 91 15 1894 
89 81 15 1904 
90 73 15 1912 
91 64 15 1921 
92 55 15 1930 
93 53 15 1932 
94 51 14 1935 
95 48 14 1938 
96 45 14 1941 
97 41 14 1945 
98 36 14 1950 
99 33 13 1954 
100 29 13 1958 
101 23 13 1964 
102 23 13 1964 
103 22 13 1965 
104 21 13 1966 
105 20 13 1967 
106 17 13 1970 
107 16 13 1971 
108 15 13 1972 
109 12 13 1975 
110 11 13 1976 
111 10 13 1977 
112 9 13 1978 
113 8 13 1979 
114 6 13 1981 
115 6 13 1981 
116 6 13 1981 
117 4 13 1983 
118 4 13 1983 
119 4 13 1983 
120 3 13 1984 
121 3 13 1984 
122 2 13 1985 
123 2 13 1985 
124 2 13 1985 
125 2 13 1985 
126 2 13 1985 
127 1 13 1986 
128 1 13 1986 
129 1 13 1986 
130 1 13 1986 
131 1 13 1986 
132 1 13 1986 
133 1 13 1986 
134 1 13 1986 
135 1 13 1986 
136 1 13 1986 
137 0 13 1987 
138 0 13 1987 
139 0 13 1987 
140 0 13 1987 
141 0 13 1987 
142 0 13 1987 
143 0 13 1987 
144 0 13 1987 
145 0 13 1987 
146 0 13 1987 
147 0 13 1987 
148 0 13 1987 
149 0 13 1987 
150 0 13 1987 
151 0 13 1987 
152 0 13 1987 
153 0 13 1987 
154 0 13 1987 
155 0 13 1987 
156 0 13 1987 
157 0 13 1987 
158 0 13 1987 
159 0 13 1987 
160 0 13 1987 
161 0 13 1987 
162 0 13 1987 
163 0 13 1987 
164 0 13 1987 
165 0 13 1987 
166 0 13 1987 
167 0 13 1987 
168 0 13 1987 
169 0 13 1987 
170 0 13 1987 
171 0 13 1987 
172 0 13 1987 
173 0 13 1987 
174 0 13 1987 
175 0 13 1987 
176 0 13 1987 
177 0 13 1987 
178 0 13 1987 
179 0 13 1987 
180 0 13 1987 
181 0 13 1987 
182 0 13 1987 
183 0 13 1987 
184 0 13 1987 
185 0 13 1987 
186 0 13 1987 
187 0 13 1987 
188 0 13 1987 
