1 2 1998 0 
2 4 1996 0 
3 10 1990 0 
4 13 1986 1 
5 14 1984 2 
6 16 1981 3 
7 24 1970 6 
8 32 1959 9 
9 35 1954 11 
10 35 1949 16 
11 36 1945 19 
12 36 1942 22 
13 39 1938 23 
14 37 1935 28 
15 38 1931 31 
16 41 1927 32 
17 46 1919 35 
18 46 1917 37 
19 50 1913 37 
20 55 1906 39 
21 63 1897 40 
22 58 1896 46 
23 63 1887 50 
24 72 1876 52 
25 76 1866 58 
26 85 1850 65 
27 87 1843 70 
28 86 1834 80 
29 92 1824 84 
30 92 1816 92 
31 101 1805 94 
32 109 1792 99 
33 127 1771 102 
34 137 1750 113 
35 141 1735 124 
36 155 1710 135 
37 170 1686 144 
38 180 1666 154 
39 185 1651 164 
40 196 1631 173 
41 196 1617 187 
42 207 1595 198 
43 220 1573 207 
44 228 1555 217 
45 235 1537 228 
46 241 1518 241 
47 245 1501 254 
48 252 1482 266 
49 263 1462 275 
50 266 1445 289 
51 272 1427 301 
52 268 1417 315 
53 270 1405 325 
54 282 1380 338 
55 276 1366 358 
56 279 1347 374 
57 288 1323 389 
58 289 1301 410 
59 297 1282 421 
60 302 1262 436 
61 302 1239 459 
62 313 1214 473 
63 318 1191 491 
64 330 1159 511 
65 344 1126 530 
66 359 1092 549 
67 359 1066 575 
68 357 1041 602 
69 367 1014 619 
70 360 1000 640 
71 364 980 656 
72 381 941 678 
73 382 916 702 
74 398 884 718 
75 403 855 742 
76 408 829 763 
77 420 795 785 
78 430 768 802 
79 443 733 824 
80 450 706 844 
81 458 679 863 
82 468 650 882 
83 470 620 910 
84 472 599 929 
85 480 568 952 
86 491 530 979 
87 495 505 1000 
88 493 474 1033 
89 500 449 1051 
90 502 429 1069 
91 489 406 1105 
92 483 382 1135 
93 488 357 1155 
94 483 323 1194 
95 478 301 1221 
96 479 273 1248 
97 476 252 1272 
98 475 225 1300 
99 480 197 1323 
100 467 180 1353 
101 464 157 1379 
102 461 143 1396 
103 456 119 1425 
104 458 106 1436 
105 451 87 1462 
106 443 75 1482 
107 434 63 1503 
108 413 55 1532 
109 403 45 1552 
110 390 37 1573 
111 376 34 1590 
112 367 24 1609 
113 355 20 1625 
114 346 14 1640 
115 333 11 1656 
116 320 10 1670 
117 306 8 1686 
118 294 6 1700 
119 278 6 1716 
120 263 6 1731 
121 247 6 1747 
122 236 6 1758 
123 226 6 1768 
124 214 6 1780 
125 208 6 1786 
126 197 6 1797 
127 178 6 1816 
128 176 6 1818 
129 166 6 1828 
130 162 6 1832 
131 156 5 1839 
132 143 5 1852 
133 142 5 1853 
134 138 5 1857 
135 131 4 1865 
136 128 4 1868 
137 124 4 1872 
138 115 4 1881 
139 109 4 1887 
140 100 4 1896 
141 91 3 1906 
142 88 3 1909 
143 84 3 1913 
144 81 3 1916 
145 74 3 1923 
146 71 3 1926 
147 68 3 1929 
148 68 3 1929 
149 65 3 1932 
150 60 3 1937 
151 57 3 1940 
152 54 3 1943 
153 52 3 1945 
154 51 3 1946 
155 50 3 1947 
156 48 3 1949 
157 46 3 1951 
158 41 3 1956 
159 37 3 1960 
160 35 3 1962 
161 34 3 1963 
162 33 3 1964 
163 32 3 1965 
164 29 3 1968 
165 28 3 1969 
166 24 3 1973 
167 23 3 1974 
168 23 3 1974 
169 21 3 1976 
170 21 3 1976 
171 21 3 1976 
172 20 3 1977 
173 19 3 1978 
174 19 3 1978 
175 16 3 1981 
176 16 3 1981 
177 14 3 1983 
178 13 3 1984 
179 13 3 1984 
180 12 3 1985 
181 12 3 1985 
182 11 3 1986 
183 10 3 1987 
184 10 3 1987 
185 11 2 1987 
186 11 2 1987 
187 11 2 1987 
188 10 2 1988 
189 10 2 1988 
190 10 2 1988 
191 10 2 1988 
192 10 2 1988 
193 9 2 1989 
194 9 2 1989 
195 9 2 1989 
196 9 2 1989 
197 9 2 1989 
198 7 2 1991 
199 7 2 1991 
200 7 2 1991 
201 7 2 1991 
202 7 2 1991 
203 7 2 1991 
204 7 2 1991 
205 7 2 1991 
206 7 2 1991 
207 7 2 1991 
208 7 2 1991 
209 5 2 1993 
210 5 2 1993 
211 5 2 1993 
212 5 2 1993 
213 5 2 1993 
214 5 2 1993 
215 5 2 1993 
216 5 2 1993 
217 5 2 1993 
218 5 2 1993 
219 5 2 1993 
220 4 2 1994 
221 3 2 1995 
222 3 2 1995 
223 3 2 1995 
224 3 2 1995 
225 3 2 1995 
226 3 2 1995 
227 2 2 1996 
228 2 2 1996 
229 2 2 1996 
230 2 2 1996 
231 2 2 1996 
232 2 2 1996 
233 2 2 1996 
234 2 2 1996 
235 2 2 1996 
236 1 2 1997 
237 1 2 1997 
238 1 2 1997 
239 1 2 1997 
240 1 2 1997 
241 1 2 1997 
242 1 2 1997 
243 1 2 1997 
244 1 2 1997 
245 1 2 1997 
246 1 2 1997 
247 1 2 1997 
248 1 2 1997 
249 1 2 1997 
250 1 2 1997 
251 1 2 1997 
252 1 2 1997 
253 1 2 1997 
254 1 2 1997 
255 1 2 1997 
256 1 2 1997 
257 1 2 1997 
258 1 2 1997 
259 0 2 1998 
260 0 2 1998 
261 0 2 1998 
262 0 2 1998 
263 0 2 1998 
264 0 2 1998 
265 0 2 1998 
266 0 2 1998 
267 0 2 1998 
268 0 2 1998 
269 0 2 1998 
270 0 2 1998 
271 0 2 1998 
272 0 2 1998 
273 0 2 1998 
274 0 2 1998 
275 0 2 1998 
276 0 2 1998 
277 0 2 1998 
278 0 2 1998 
279 0 2 1998 
280 0 2 1998 
281 0 2 1998 
282 0 2 1998 
283 0 2 1998 
284 0 2 1998 
285 0 2 1998 
286 0 2 1998 
287 0 2 1998 
288 0 2 1998 
289 0 2 1998 
290 0 2 1998 
291 0 2 1998 
292 0 2 1998 
293 0 2 1998 
294 0 2 1998 
295 0 2 1998 
296 0 2 1998 
297 0 2 1998 
298 0 2 1998 
299 0 2 1998 
300 0 2 1998 
301 0 2 1998 
302 0 2 1998 
303 0 2 1998 
304 0 2 1998 
305 0 2 1998 
306 0 2 1998 
307 0 2 1998 
308 0 2 1998 
309 0 2 1998 
310 0 2 1998 
311 0 2 1998 
312 0 2 1998 
313 0 2 1998 
314 0 2 1998 
315 0 2 1998 
316 0 2 1998 
317 0 2 1998 
318 0 2 1998 
319 0 2 1998 
320 0 2 1998 
321 0 2 1998 
322 0 2 1998 
323 0 2 1998 
324 0 2 1998 
325 0 2 1998 
