1 1 1999 0 
2 1 1999 0 
3 2 1998 0 
4 2 1998 0 
5 2 1998 0 
6 2 1998 0 
7 2 1998 0 
8 2 1998 0 
9 2 1998 0 
10 3 1997 0 
11 3 1996 1 
12 4 1995 1 
13 6 1993 1 
14 6 1993 1 
15 6 1993 1 
16 7 1992 1 
17 10 1989 1 
18 11 1988 1 
19 11 1988 1 
20 12 1987 1 
21 13 1986 1 
22 14 1985 1 
23 16 1983 1 
24 18 1981 1 
25 20 1979 1 
26 27 1972 1 
27 28 1971 1 
28 31 1968 1 
29 34 1965 1 
30 36 1962 2 
31 37 1959 4 
32 40 1954 6 
33 43 1951 6 
34 48 1945 7 
35 49 1943 8 
36 51 1941 8 
37 56 1936 8 
38 57 1935 8 
39 64 1928 8 
40 73 1919 8 
41 79 1913 8 
42 84 1907 9 
43 90 1901 9 
44 93 1896 11 
45 108 1881 11 
46 116 1872 12 
47 124 1862 14 
48 130 1854 16 
49 136 1846 18 
50 135 1844 21 
51 139 1839 22 
52 140 1836 24 
53 145 1831 24 
54 148 1825 27 
55 156 1816 28 
56 164 1808 28 
57 172 1799 29 
58 176 1795 29 
59 178 1791 31 
60 186 1781 33 
61 193 1772 35 
62 195 1766 39 
63 201 1758 41 
64 207 1751 42 
65 205 1748 47 
66 214 1738 48 
67 221 1729 50 
68 223 1721 56 
69 233 1709 58 
70 242 1699 59 
71 252 1686 62 
72 259 1673 68 
73 262 1665 73 
74 269 1658 73 
75 272 1650 78 
76 271 1646 83 
77 274 1640 86 
78 278 1633 89 
79 290 1620 90 
80 295 1614 91 
81 300 1606 94 
82 309 1595 96 
83 312 1586 102 
84 315 1579 106 
85 327 1565 108 
86 336 1555 109 
87 347 1540 113 
88 352 1529 119 
89 358 1520 122 
90 368 1507 125 
91 379 1494 127 
92 388 1478 134 
93 393 1467 140 
94 403 1453 144 
95 414 1440 146 
96 423 1425 152 
97 434 1411 155 
98 439 1399 162 
99 450 1382 168 
100 453 1371 176 
101 461 1361 178 
102 469 1350 181 
103 479 1333 188 
104 490 1315 195 
105 506 1295 199 
106 517 1278 205 
107 525 1263 212 
108 539 1244 217 
109 548 1229 223 
110 569 1206 225 
111 581 1190 229 
112 591 1175 234 
113 600 1156 244 
114 607 1139 254 
115 612 1123 265 
116 621 1106 273 
117 627 1094 279 
118 639 1071 290 
119 643 1054 303 
120 652 1033 315 
121 653 1022 325 
122 655 1011 334 
123 662 998 340 
124 671 983 346 
125 672 975 353 
126 678 965 357 
127 687 949 364 
128 697 933 370 
129 707 919 374 
130 713 901 386 
131 720 888 392 
132 731 871 398 
133 742 853 405 
134 752 837 411 
135 760 824 416 
136 763 812 425 
137 763 801 436 
138 772 787 441 
139 777 774 449 
140 775 764 461 
141 780 750 470 
142 789 738 473 
143 790 730 480 
144 796 719 485 
145 797 707 496 
146 802 697 501 
147 797 693 510 
148 799 684 517 
149 792 681 527 
150 794 675 531 
151 802 662 536 
152 804 650 546 
153 801 642 557 
154 805 631 564 
155 806 621 573 
156 803 610 587 
157 802 601 597 
158 802 593 605 
159 802 580 618 
160 801 572 627 
161 805 561 634 
162 804 556 640 
163 801 548 651 
164 803 539 658 
165 793 537 670 
166 792 530 678 
167 787 526 687 
168 787 518 695 
169 787 509 704 
170 783 503 714 
171 773 498 729 
172 774 490 736 
173 775 480 745 
174 773 475 752 
175 772 467 761 
176 770 459 771 
177 776 448 776 
178 770 442 788 
179 779 430 791 
180 778 426 796 
181 780 419 801 
182 787 406 807 
183 785 399 816 
184 784 390 826 
185 787 381 832 
186 787 370 843 
187 786 362 852 
188 789 351 860 
189 789 342 869 
190 787 334 879 
191 793 323 884 
192 789 316 895 
193 789 307 904 
194 793 297 910 
195 792 288 920 
196 795 281 924 
197 798 272 930 
198 801 262 937 
199 808 248 944 
200 809 242 949 
201 803 232 965 
202 801 227 972 
203 802 220 978 
204 800 215 985 
205 795 214 991 
206 794 206 1000 
207 799 199 1002 
208 794 196 1010 
209 795 190 1015 
210 796 184 1020 
211 802 171 1027 
212 799 164 1037 
213 795 159 1046 
214 794 154 1052 
215 798 145 1057 
216 798 138 1064 
217 791 132 1077 
218 792 125 1083 
219 784 123 1093 
220 784 114 1102 
221 777 107 1116 
222 777 102 1121 
223 777 98 1125 
224 770 90 1140 
225 767 85 1148 
226 764 81 1155 
227 765 75 1160 
228 762 71 1167 
229 760 68 1172 
230 758 66 1176 
231 749 64 1187 
232 746 61 1193 
233 740 58 1202 
234 734 57 1209 
235 729 54 1217 
236 727 48 1225 
237 721 45 1234 
238 715 45 1240 
239 707 42 1251 
240 703 40 1257 
241 694 39 1267 
242 685 38 1277 
243 678 37 1285 
244 673 35 1292 
245 666 31 1303 
246 660 31 1309 
247 658 27 1315 
248 645 26 1329 
249 645 24 1331 
250 641 22 1337 
251 629 21 1350 
252 621 21 1358 
253 616 20 1364 
254 612 19 1369 
255 607 19 1374 
256 600 18 1382 
257 591 17 1392 
258 588 17 1395 
259 582 16 1402 
260 578 14 1408 
261 574 13 1413 
262 571 12 1417 
263 561 12 1427 
264 558 11 1431 
265 556 10 1434 
266 552 9 1439 
267 552 7 1441 
268 546 7 1447 
269 541 6 1453 
270 539 6 1455 
271 533 4 1463 
272 529 4 1467 
273 523 4 1473 
274 513 4 1483 
275 509 3 1488 
276 502 3 1495 
277 497 3 1500 
278 493 3 1504 
279 489 3 1508 
280 485 3 1512 
281 480 3 1517 
282 478 3 1519 
283 473 3 1524 
284 469 3 1528 
285 464 3 1533 
286 459 3 1538 
287 453 3 1544 
288 449 3 1548 
289 444 3 1553 
290 440 2 1558 
291 436 2 1562 
292 430 2 1568 
293 428 2 1570 
294 422 2 1576 
295 420 2 1578 
296 414 2 1584 
297 410 2 1588 
298 407 2 1591 
299 402 2 1596 
300 400 2 1598 
301 399 2 1599 
302 396 2 1602 
303 395 1 1604 
304 390 1 1609 
305 386 1 1613 
306 382 1 1617 
307 378 1 1621 
308 374 1 1625 
309 370 1 1629 
310 365 1 1634 
311 361 1 1638 
312 356 1 1643 
313 354 1 1645 
314 351 1 1648 
315 348 1 1651 
316 344 1 1655 
317 341 1 1658 
318 337 1 1662 
319 334 1 1665 
320 331 1 1668 
321 328 1 1671 
322 326 1 1673 
323 324 1 1675 
324 318 1 1681 
325 314 1 1685 
326 309 1 1690 
327 305 0 1695 
328 303 0 1697 
329 300 0 1700 
330 295 0 1705 
331 292 0 1708 
332 289 0 1711 
333 287 0 1713 
334 285 0 1715 
335 281 0 1719 
336 278 0 1722 
337 277 0 1723 
338 276 0 1724 
339 271 0 1729 
340 268 0 1732 
341 264 0 1736 
342 261 0 1739 
343 261 0 1739 
344 260 0 1740 
345 251 0 1749 
346 247 0 1753 
347 246 0 1754 
348 242 0 1758 
349 239 0 1761 
350 236 0 1764 
351 233 0 1767 
352 232 0 1768 
353 230 0 1770 
354 230 0 1770 
355 228 0 1772 
356 227 0 1773 
357 224 0 1776 
358 219 0 1781 
359 218 0 1782 
360 217 0 1783 
361 217 0 1783 
362 213 0 1787 
363 212 0 1788 
364 208 0 1792 
365 206 0 1794 
366 203 0 1797 
367 199 0 1801 
368 198 0 1802 
369 197 0 1803 
370 194 0 1806 
371 190 0 1810 
372 187 0 1813 
373 182 0 1818 
374 182 0 1818 
375 181 0 1819 
376 177 0 1823 
377 175 0 1825 
378 175 0 1825 
379 173 0 1827 
380 170 0 1830 
381 170 0 1830 
382 168 0 1832 
383 166 0 1834 
384 164 0 1836 
385 161 0 1839 
386 159 0 1841 
387 159 0 1841 
388 158 0 1842 
389 155 0 1845 
390 154 0 1846 
391 154 0 1846 
392 151 0 1849 
393 150 0 1850 
394 150 0 1850 
395 148 0 1852 
396 146 0 1854 
397 144 0 1856 
398 143 0 1857 
399 143 0 1857 
400 140 0 1860 
401 139 0 1861 
402 136 0 1864 
403 133 0 1867 
404 131 0 1869 
405 131 0 1869 
406 129 0 1871 
407 128 0 1872 
408 128 0 1872 
409 126 0 1874 
410 124 0 1876 
411 121 0 1879 
412 121 0 1879 
413 121 0 1879 
414 120 0 1880 
415 120 0 1880 
416 118 0 1882 
417 118 0 1882 
418 118 0 1882 
419 117 0 1883 
420 116 0 1884 
421 116 0 1884 
422 116 0 1884 
423 116 0 1884 
424 114 0 1886 
425 113 0 1887 
426 111 0 1889 
427 110 0 1890 
428 107 0 1893 
429 107 0 1893 
430 106 0 1894 
431 105 0 1895 
432 104 0 1896 
433 103 0 1897 
434 102 0 1898 
435 101 0 1899 
436 99 0 1901 
437 98 0 1902 
438 98 0 1902 
439 96 0 1904 
440 94 0 1906 
441 91 0 1909 
442 91 0 1909 
443 88 0 1912 
444 86 0 1914 
445 85 0 1915 
446 85 0 1915 
447 85 0 1915 
448 84 0 1916 
449 82 0 1918 
450 81 0 1919 
451 79 0 1921 
452 78 0 1922 
453 78 0 1922 
454 76 0 1924 
455 75 0 1925 
456 74 0 1926 
457 72 0 1928 
458 72 0 1928 
459 70 0 1930 
460 67 0 1933 
461 67 0 1933 
462 67 0 1933 
463 64 0 1936 
464 64 0 1936 
465 63 0 1937 
466 61 0 1939 
467 61 0 1939 
468 61 0 1939 
469 61 0 1939 
470 61 0 1939 
471 59 0 1941 
472 58 0 1942 
473 58 0 1942 
474 57 0 1943 
475 57 0 1943 
476 57 0 1943 
477 57 0 1943 
478 57 0 1943 
479 57 0 1943 
480 57 0 1943 
481 57 0 1943 
482 57 0 1943 
483 57 0 1943 
484 56 0 1944 
485 55 0 1945 
486 53 0 1947 
487 53 0 1947 
488 53 0 1947 
489 53 0 1947 
490 52 0 1948 
491 52 0 1948 
492 52 0 1948 
493 52 0 1948 
494 52 0 1948 
495 52 0 1948 
496 51 0 1949 
497 51 0 1949 
498 50 0 1950 
499 50 0 1950 
500 49 0 1951 
501 48 0 1952 
502 48 0 1952 
503 48 0 1952 
504 48 0 1952 
505 48 0 1952 
506 48 0 1952 
507 47 0 1953 
508 47 0 1953 
509 47 0 1953 
510 46 0 1954 
511 44 0 1956 
512 44 0 1956 
513 44 0 1956 
514 44 0 1956 
515 44 0 1956 
516 44 0 1956 
517 44 0 1956 
518 44 0 1956 
519 44 0 1956 
520 44 0 1956 
521 43 0 1957 
522 42 0 1958 
523 41 0 1959 
524 39 0 1961 
525 38 0 1962 
526 38 0 1962 
527 38 0 1962 
528 38 0 1962 
529 38 0 1962 
530 38 0 1962 
531 38 0 1962 
532 38 0 1962 
533 38 0 1962 
534 37 0 1963 
535 37 0 1963 
536 37 0 1963 
537 37 0 1963 
538 36 0 1964 
539 35 0 1965 
540 35 0 1965 
541 35 0 1965 
542 35 0 1965 
543 34 0 1966 
544 33 0 1967 
545 32 0 1968 
546 32 0 1968 
547 32 0 1968 
548 32 0 1968 
549 32 0 1968 
550 32 0 1968 
551 32 0 1968 
552 32 0 1968 
553 32 0 1968 
554 32 0 1968 
555 32 0 1968 
556 32 0 1968 
557 31 0 1969 
558 30 0 1970 
559 30 0 1970 
560 30 0 1970 
561 30 0 1970 
562 30 0 1970 
563 29 0 1971 
564 28 0 1972 
565 28 0 1972 
566 28 0 1972 
567 28 0 1972 
568 28 0 1972 
569 28 0 1972 
570 28 0 1972 
571 28 0 1972 
572 28 0 1972 
573 27 0 1973 
574 27 0 1973 
575 27 0 1973 
576 27 0 1973 
577 26 0 1974 
578 25 0 1975 
579 25 0 1975 
580 25 0 1975 
581 25 0 1975 
582 25 0 1975 
583 25 0 1975 
584 24 0 1976 
585 24 0 1976 
586 23 0 1977 
587 23 0 1977 
588 23 0 1977 
589 23 0 1977 
590 23 0 1977 
591 22 0 1978 
592 22 0 1978 
593 22 0 1978 
594 22 0 1978 
595 22 0 1978 
596 22 0 1978 
597 22 0 1978 
598 22 0 1978 
599 22 0 1978 
600 22 0 1978 
601 22 0 1978 
602 21 0 1979 
603 20 0 1980 
604 20 0 1980 
605 20 0 1980 
606 20 0 1980 
607 20 0 1980 
608 20 0 1980 
609 20 0 1980 
610 20 0 1980 
611 20 0 1980 
612 20 0 1980 
613 19 0 1981 
614 19 0 1981 
615 19 0 1981 
616 19 0 1981 
617 19 0 1981 
618 19 0 1981 
619 18 0 1982 
620 18 0 1982 
621 18 0 1982 
622 18 0 1982 
623 18 0 1982 
624 18 0 1982 
625 18 0 1982 
626 17 0 1983 
627 17 0 1983 
628 17 0 1983 
629 17 0 1983 
630 17 0 1983 
631 17 0 1983 
632 17 0 1983 
633 17 0 1983 
634 17 0 1983 
635 17 0 1983 
636 17 0 1983 
637 16 0 1984 
638 15 0 1985 
639 15 0 1985 
640 15 0 1985 
641 15 0 1985 
642 15 0 1985 
643 15 0 1985 
644 15 0 1985 
645 15 0 1985 
646 15 0 1985 
647 15 0 1985 
648 13 0 1987 
649 13 0 1987 
650 13 0 1987 
651 13 0 1987 
652 13 0 1987 
653 11 0 1989 
654 11 0 1989 
655 11 0 1989 
656 11 0 1989 
657 11 0 1989 
658 11 0 1989 
659 11 0 1989 
660 11 0 1989 
661 11 0 1989 
662 9 0 1991 
663 9 0 1991 
664 9 0 1991 
665 9 0 1991 
666 9 0 1991 
667 9 0 1991 
668 9 0 1991 
669 8 0 1992 
670 8 0 1992 
671 8 0 1992 
672 8 0 1992 
673 8 0 1992 
674 8 0 1992 
675 8 0 1992 
676 8 0 1992 
677 8 0 1992 
678 8 0 1992 
679 8 0 1992 
680 7 0 1993 
681 7 0 1993 
682 7 0 1993 
683 6 0 1994 
684 6 0 1994 
685 6 0 1994 
686 6 0 1994 
687 6 0 1994 
688 6 0 1994 
689 6 0 1994 
690 6 0 1994 
691 6 0 1994 
692 6 0 1994 
693 6 0 1994 
694 6 0 1994 
695 6 0 1994 
696 6 0 1994 
697 6 0 1994 
698 6 0 1994 
699 6 0 1994 
700 6 0 1994 
701 6 0 1994 
702 6 0 1994 
703 6 0 1994 
704 6 0 1994 
705 6 0 1994 
706 6 0 1994 
707 6 0 1994 
708 6 0 1994 
709 6 0 1994 
710 5 0 1995 
711 4 0 1996 
712 4 0 1996 
713 4 0 1996 
714 4 0 1996 
715 4 0 1996 
716 4 0 1996 
717 4 0 1996 
718 4 0 1996 
719 4 0 1996 
720 4 0 1996 
721 4 0 1996 
722 4 0 1996 
723 4 0 1996 
724 4 0 1996 
725 4 0 1996 
726 4 0 1996 
727 4 0 1996 
728 4 0 1996 
729 4 0 1996 
730 4 0 1996 
731 4 0 1996 
732 4 0 1996 
733 4 0 1996 
734 4 0 1996 
735 4 0 1996 
736 4 0 1996 
737 4 0 1996 
738 4 0 1996 
739 4 0 1996 
740 4 0 1996 
741 4 0 1996 
742 4 0 1996 
743 4 0 1996 
744 4 0 1996 
745 4 0 1996 
746 4 0 1996 
747 4 0 1996 
748 4 0 1996 
749 4 0 1996 
750 4 0 1996 
751 4 0 1996 
752 4 0 1996 
753 4 0 1996 
754 4 0 1996 
755 4 0 1996 
756 4 0 1996 
757 4 0 1996 
758 4 0 1996 
759 4 0 1996 
760 4 0 1996 
761 4 0 1996 
762 4 0 1996 
763 4 0 1996 
764 4 0 1996 
765 4 0 1996 
766 4 0 1996 
767 4 0 1996 
768 4 0 1996 
769 4 0 1996 
770 4 0 1996 
771 4 0 1996 
772 4 0 1996 
773 4 0 1996 
774 4 0 1996 
775 4 0 1996 
776 4 0 1996 
777 4 0 1996 
778 4 0 1996 
779 4 0 1996 
780 4 0 1996 
781 4 0 1996 
782 4 0 1996 
783 4 0 1996 
784 4 0 1996 
785 4 0 1996 
786 4 0 1996 
787 4 0 1996 
788 4 0 1996 
789 4 0 1996 
790 4 0 1996 
791 4 0 1996 
792 4 0 1996 
793 4 0 1996 
794 4 0 1996 
795 4 0 1996 
796 4 0 1996 
797 4 0 1996 
798 4 0 1996 
799 4 0 1996 
800 4 0 1996 
801 4 0 1996 
802 4 0 1996 
803 4 0 1996 
804 4 0 1996 
805 4 0 1996 
806 4 0 1996 
807 4 0 1996 
808 4 0 1996 
809 4 0 1996 
810 4 0 1996 
811 4 0 1996 
812 4 0 1996 
813 4 0 1996 
814 4 0 1996 
815 4 0 1996 
816 4 0 1996 
817 4 0 1996 
818 4 0 1996 
819 4 0 1996 
820 3 0 1997 
821 3 0 1997 
822 3 0 1997 
823 3 0 1997 
824 3 0 1997 
825 3 0 1997 
826 3 0 1997 
827 3 0 1997 
828 3 0 1997 
829 3 0 1997 
830 3 0 1997 
831 3 0 1997 
832 3 0 1997 
833 3 0 1997 
834 3 0 1997 
835 3 0 1997 
836 3 0 1997 
837 3 0 1997 
838 3 0 1997 
839 3 0 1997 
840 3 0 1997 
841 3 0 1997 
842 3 0 1997 
843 3 0 1997 
844 3 0 1997 
845 3 0 1997 
846 3 0 1997 
847 3 0 1997 
848 3 0 1997 
849 3 0 1997 
850 3 0 1997 
851 3 0 1997 
852 3 0 1997 
853 3 0 1997 
854 3 0 1997 
855 3 0 1997 
856 3 0 1997 
857 3 0 1997 
858 3 0 1997 
859 2 0 1998 
860 2 0 1998 
861 2 0 1998 
862 2 0 1998 
863 2 0 1998 
864 2 0 1998 
865 2 0 1998 
866 2 0 1998 
867 2 0 1998 
868 2 0 1998 
869 2 0 1998 
870 2 0 1998 
871 2 0 1998 
872 2 0 1998 
873 2 0 1998 
874 2 0 1998 
875 2 0 1998 
876 2 0 1998 
877 2 0 1998 
878 2 0 1998 
879 2 0 1998 
880 2 0 1998 
881 2 0 1998 
882 2 0 1998 
883 2 0 1998 
884 2 0 1998 
885 2 0 1998 
886 2 0 1998 
887 2 0 1998 
888 2 0 1998 
889 2 0 1998 
890 2 0 1998 
891 2 0 1998 
892 2 0 1998 
893 2 0 1998 
894 2 0 1998 
895 2 0 1998 
896 2 0 1998 
897 2 0 1998 
898 2 0 1998 
899 2 0 1998 
900 2 0 1998 
901 2 0 1998 
902 2 0 1998 
903 2 0 1998 
904 2 0 1998 
905 2 0 1998 
906 2 0 1998 
907 2 0 1998 
908 2 0 1998 
909 2 0 1998 
910 2 0 1998 
911 2 0 1998 
912 2 0 1998 
913 2 0 1998 
914 2 0 1998 
915 2 0 1998 
916 2 0 1998 
917 2 0 1998 
918 2 0 1998 
919 2 0 1998 
920 2 0 1998 
921 2 0 1998 
922 2 0 1998 
923 2 0 1998 
924 2 0 1998 
925 2 0 1998 
926 2 0 1998 
927 2 0 1998 
928 2 0 1998 
929 2 0 1998 
930 2 0 1998 
931 2 0 1998 
932 2 0 1998 
933 2 0 1998 
934 2 0 1998 
935 2 0 1998 
936 2 0 1998 
937 2 0 1998 
938 2 0 1998 
939 2 0 1998 
940 2 0 1998 
941 2 0 1998 
942 2 0 1998 
943 2 0 1998 
944 2 0 1998 
945 2 0 1998 
946 2 0 1998 
947 2 0 1998 
948 2 0 1998 
949 2 0 1998 
950 2 0 1998 
951 2 0 1998 
952 2 0 1998 
953 2 0 1998 
954 2 0 1998 
955 2 0 1998 
956 2 0 1998 
957 2 0 1998 
958 2 0 1998 
959 2 0 1998 
960 2 0 1998 
961 2 0 1998 
962 2 0 1998 
963 2 0 1998 
964 2 0 1998 
965 2 0 1998 
966 2 0 1998 
967 2 0 1998 
968 2 0 1998 
969 2 0 1998 
970 2 0 1998 
971 2 0 1998 
972 2 0 1998 
973 2 0 1998 
974 2 0 1998 
975 2 0 1998 
976 2 0 1998 
977 2 0 1998 
978 2 0 1998 
979 2 0 1998 
980 2 0 1998 
981 2 0 1998 
982 2 0 1998 
983 2 0 1998 
984 2 0 1998 
985 2 0 1998 
986 2 0 1998 
987 2 0 1998 
988 2 0 1998 
989 2 0 1998 
990 2 0 1998 
991 2 0 1998 
992 2 0 1998 
993 2 0 1998 
994 2 0 1998 
995 2 0 1998 
996 2 0 1998 
997 2 0 1998 
998 2 0 1998 
999 2 0 1998 
1000 2 0 1998 
1001 1 0 1999 
1002 1 0 1999 
1003 1 0 1999 
1004 1 0 1999 
1005 1 0 1999 
1006 1 0 1999 
1007 1 0 1999 
1008 1 0 1999 
1009 1 0 1999 
1010 1 0 1999 
1011 0 0 2000 
1012 0 0 2000 
1013 0 0 2000 
1014 0 0 2000 
1015 0 0 2000 
1016 0 0 2000 
1017 0 0 2000 
1018 0 0 2000 
1019 0 0 2000 
1020 0 0 2000 
1021 0 0 2000 
1022 0 0 2000 
1023 0 0 2000 
1024 0 0 2000 
1025 0 0 2000 
1026 0 0 2000 
1027 0 0 2000 
1028 0 0 2000 
1029 0 0 2000 
1030 0 0 2000 
