1 1 1999 0 
2 2 1998 0 
3 4 1996 0 
4 9 1991 0 
5 12 1987 1 
6 15 1984 1 
7 16 1983 1 
8 22 1977 1 
9 27 1972 1 
10 34 1965 1 
11 40 1959 1 
12 50 1949 1 
13 53 1946 1 
14 60 1939 1 
15 68 1930 2 
16 72 1926 2 
17 78 1920 2 
18 81 1916 3 
19 89 1907 4 
20 99 1897 4 
21 118 1876 6 
22 126 1866 8 
23 141 1848 11 
24 153 1835 12 
25 161 1825 14 
26 172 1812 16 
27 175 1808 17 
28 179 1800 21 
29 181 1795 24 
30 185 1790 25 
31 197 1773 30 
32 215 1753 32 
33 229 1735 36 
34 241 1720 39 
35 256 1704 40 
36 268 1688 44 
37 289 1665 46 
38 310 1644 46 
39 331 1622 47 
40 346 1602 52 
41 356 1588 56 
42 365 1569 66 
43 384 1549 67 
44 395 1532 73 
45 413 1512 75 
46 432 1487 81 
47 451 1464 85 
48 480 1430 90 
49 513 1392 95 
50 543 1356 101 
51 573 1321 106 
52 600 1288 112 
53 621 1263 116 
54 646 1234 120 
55 679 1192 129 
56 707 1159 134 
57 735 1127 138 
58 760 1094 146 
59 789 1059 152 
60 806 1034 160 
61 825 1005 170 
62 839 981 180 
63 874 942 184 
64 888 921 191 
65 915 886 199 
66 955 837 208 
67 975 806 219 
68 995 776 229 
69 1021 740 239 
70 1049 697 254 
71 1076 664 260 
72 1096 632 272 
73 1121 592 287 
74 1154 551 295 
75 1183 514 303 
76 1217 474 309 
77 1250 433 317 
78 1280 394 326 
79 1297 360 343 
80 1321 323 356 
81 1327 300 373 
82 1321 289 390 
83 1332 263 405 
84 1333 242 425 
85 1339 217 444 
86 1350 193 457 
87 1362 170 468 
88 1376 144 480 
89 1379 129 492 
90 1383 116 501 
91 1370 104 526 
92 1369 92 539 
93 1359 83 558 
94 1360 70 570 
95 1352 64 584 
96 1347 58 595 
97 1348 50 602 
98 1344 42 614 
99 1327 39 634 
100 1320 31 649 
101 1312 27 661 
102 1297 25 678 
103 1289 22 689 
104 1273 22 705 
105 1262 20 718 
106 1251 19 730 
107 1240 18 742 
108 1228 16 756 
109 1221 15 764 
110 1206 13 781 
111 1194 13 793 
112 1184 12 804 
113 1178 12 810 
114 1166 11 823 
115 1150 11 839 
116 1131 11 858 
117 1124 11 865 
118 1117 10 873 
119 1108 8 884 
120 1095 8 897 
121 1078 6 916 
122 1069 6 925 
123 1060 6 934 
124 1049 5 946 
125 1036 4 960 
126 1031 4 965 
127 1022 4 974 
128 1010 4 986 
129 999 2 999 
130 990 1 1009 
131 976 1 1023 
132 970 1 1029 
133 959 1 1040 
134 951 1 1048 
135 942 0 1058 
136 937 0 1063 
137 925 0 1075 
138 921 0 1079 
139 912 0 1088 
140 908 0 1092 
141 900 0 1100 
142 890 0 1110 
143 883 0 1117 
144 868 0 1132 
145 863 0 1137 
146 854 0 1146 
147 845 0 1155 
148 837 0 1163 
149 828 0 1172 
150 820 0 1180 
151 807 0 1193 
152 796 0 1204 
153 785 0 1215 
154 778 0 1222 
155 770 0 1230 
156 764 0 1236 
157 755 0 1245 
158 748 0 1252 
159 744 0 1256 
160 736 0 1264 
161 722 0 1278 
162 711 0 1289 
163 705 0 1295 
164 700 0 1300 
165 691 0 1309 
166 686 0 1314 
167 676 0 1324 
168 673 0 1327 
169 664 0 1336 
170 658 0 1342 
171 649 0 1351 
172 640 0 1360 
173 632 0 1368 
174 628 0 1372 
175 620 0 1380 
176 615 0 1385 
177 611 0 1389 
178 608 0 1392 
179 601 0 1399 
180 597 0 1403 
181 590 0 1410 
182 582 0 1418 
183 578 0 1422 
184 570 0 1430 
185 567 0 1433 
186 560 0 1440 
187 560 0 1440 
188 556 0 1444 
189 552 0 1448 
190 546 0 1454 
191 544 0 1456 
192 537 0 1463 
193 532 0 1468 
194 526 0 1474 
195 517 0 1483 
196 510 0 1490 
197 497 0 1503 
198 493 0 1507 
199 490 0 1510 
200 484 0 1516 
201 477 0 1523 
202 470 0 1530 
203 465 0 1535 
204 460 0 1540 
205 455 0 1545 
206 449 0 1551 
207 442 0 1558 
208 436 0 1564 
209 433 0 1567 
210 425 0 1575 
211 421 0 1579 
212 419 0 1581 
213 414 0 1586 
214 409 0 1591 
215 406 0 1594 
216 400 0 1600 
217 394 0 1606 
218 391 0 1609 
219 387 0 1613 
220 385 0 1615 
221 379 0 1621 
222 375 0 1625 
223 373 0 1627 
224 372 0 1628 
225 371 0 1629 
226 369 0 1631 
227 364 0 1636 
228 362 0 1638 
229 361 0 1639 
230 358 0 1642 
231 354 0 1646 
232 353 0 1647 
233 348 0 1652 
234 345 0 1655 
235 338 0 1662 
236 332 0 1668 
237 327 0 1673 
238 323 0 1677 
239 320 0 1680 
240 315 0 1685 
241 314 0 1686 
242 311 0 1689 
243 307 0 1693 
244 304 0 1696 
245 304 0 1696 
246 299 0 1701 
247 294 0 1706 
248 292 0 1708 
249 291 0 1709 
250 290 0 1710 
251 288 0 1712 
252 285 0 1715 
253 282 0 1718 
254 282 0 1718 
255 282 0 1718 
256 279 0 1721 
257 277 0 1723 
258 274 0 1726 
259 273 0 1727 
260 268 0 1732 
261 266 0 1734 
262 264 0 1736 
263 261 0 1739 
264 258 0 1742 
265 254 0 1746 
266 248 0 1752 
267 246 0 1754 
268 241 0 1759 
269 238 0 1762 
270 235 0 1765 
271 232 0 1768 
272 227 0 1773 
273 226 0 1774 
274 224 0 1776 
275 222 0 1778 
276 221 0 1779 
277 217 0 1783 
278 215 0 1785 
279 213 0 1787 
280 210 0 1790 
281 206 0 1794 
282 205 0 1795 
283 200 0 1800 
284 199 0 1801 
285 192 0 1808 
286 191 0 1809 
287 191 0 1809 
288 189 0 1811 
289 187 0 1813 
290 186 0 1814 
291 183 0 1817 
292 180 0 1820 
293 175 0 1825 
294 174 0 1826 
295 174 0 1826 
296 170 0 1830 
297 168 0 1832 
298 165 0 1835 
299 163 0 1837 
300 159 0 1841 
301 158 0 1842 
302 157 0 1843 
303 156 0 1844 
304 151 0 1849 
305 149 0 1851 
306 148 0 1852 
307 148 0 1852 
308 148 0 1852 
309 146 0 1854 
310 144 0 1856 
311 140 0 1860 
312 139 0 1861 
313 138 0 1862 
314 136 0 1864 
315 135 0 1865 
316 134 0 1866 
317 133 0 1867 
318 132 0 1868 
319 131 0 1869 
320 131 0 1869 
321 127 0 1873 
322 123 0 1877 
323 122 0 1878 
324 120 0 1880 
325 119 0 1881 
326 118 0 1882 
327 118 0 1882 
328 116 0 1884 
329 116 0 1884 
330 116 0 1884 
331 115 0 1885 
332 114 0 1886 
333 113 0 1887 
334 112 0 1888 
335 112 0 1888 
336 111 0 1889 
337 111 0 1889 
338 111 0 1889 
339 108 0 1892 
340 108 0 1892 
341 107 0 1893 
342 107 0 1893 
343 106 0 1894 
344 105 0 1895 
345 105 0 1895 
346 105 0 1895 
347 104 0 1896 
348 104 0 1896 
349 102 0 1898 
350 101 0 1899 
351 100 0 1900 
352 99 0 1901 
353 99 0 1901 
354 96 0 1904 
355 95 0 1905 
356 93 0 1907 
357 93 0 1907 
358 91 0 1909 
359 90 0 1910 
360 89 0 1911 
361 88 0 1912 
362 88 0 1912 
363 86 0 1914 
364 84 0 1916 
365 83 0 1917 
366 82 0 1918 
367 82 0 1918 
368 81 0 1919 
369 81 0 1919 
370 80 0 1920 
371 78 0 1922 
372 78 0 1922 
373 78 0 1922 
374 78 0 1922 
375 78 0 1922 
376 77 0 1923 
377 75 0 1925 
378 75 0 1925 
379 74 0 1926 
380 71 0 1929 
381 70 0 1930 
382 70 0 1930 
383 69 0 1931 
384 67 0 1933 
385 66 0 1934 
386 66 0 1934 
387 66 0 1934 
388 66 0 1934 
389 65 0 1935 
390 65 0 1935 
391 65 0 1935 
392 64 0 1936 
393 61 0 1939 
394 61 0 1939 
395 61 0 1939 
396 60 0 1940 
397 58 0 1942 
398 58 0 1942 
399 57 0 1943 
400 56 0 1944 
401 55 0 1945 
402 55 0 1945 
403 55 0 1945 
404 55 0 1945 
405 55 0 1945 
406 55 0 1945 
407 55 0 1945 
408 55 0 1945 
409 54 0 1946 
410 54 0 1946 
411 54 0 1946 
412 52 0 1948 
413 52 0 1948 
414 50 0 1950 
415 50 0 1950 
416 50 0 1950 
417 50 0 1950 
418 50 0 1950 
419 49 0 1951 
420 49 0 1951 
421 49 0 1951 
422 49 0 1951 
423 49 0 1951 
424 49 0 1951 
425 46 0 1954 
426 44 0 1956 
427 43 0 1957 
428 42 0 1958 
429 42 0 1958 
430 42 0 1958 
431 42 0 1958 
432 42 0 1958 
433 41 0 1959 
434 41 0 1959 
435 41 0 1959 
436 41 0 1959 
437 41 0 1959 
438 40 0 1960 
439 40 0 1960 
440 40 0 1960 
441 40 0 1960 
442 40 0 1960 
443 40 0 1960 
444 39 0 1961 
445 38 0 1962 
446 38 0 1962 
447 36 0 1964 
448 35 0 1965 
449 35 0 1965 
450 35 0 1965 
451 35 0 1965 
452 34 0 1966 
453 33 0 1967 
454 32 0 1968 
455 30 0 1970 
456 29 0 1971 
457 28 0 1972 
458 28 0 1972 
459 28 0 1972 
460 28 0 1972 
461 28 0 1972 
462 27 0 1973 
463 27 0 1973 
464 27 0 1973 
465 27 0 1973 
466 25 0 1975 
467 25 0 1975 
468 25 0 1975 
469 25 0 1975 
470 25 0 1975 
471 25 0 1975 
472 24 0 1976 
473 24 0 1976 
474 24 0 1976 
475 23 0 1977 
476 22 0 1978 
477 22 0 1978 
478 21 0 1979 
479 21 0 1979 
480 21 0 1979 
481 21 0 1979 
482 21 0 1979 
483 21 0 1979 
484 21 0 1979 
485 20 0 1980 
486 20 0 1980 
487 19 0 1981 
488 19 0 1981 
489 19 0 1981 
490 18 0 1982 
491 18 0 1982 
492 17 0 1983 
493 17 0 1983 
494 16 0 1984 
495 14 0 1986 
496 14 0 1986 
497 14 0 1986 
498 14 0 1986 
499 14 0 1986 
500 14 0 1986 
501 14 0 1986 
502 14 0 1986 
503 14 0 1986 
504 14 0 1986 
505 14 0 1986 
506 13 0 1987 
507 13 0 1987 
508 13 0 1987 
509 13 0 1987 
510 13 0 1987 
511 13 0 1987 
512 13 0 1987 
513 13 0 1987 
514 13 0 1987 
515 13 0 1987 
516 13 0 1987 
517 13 0 1987 
518 13 0 1987 
519 13 0 1987 
520 13 0 1987 
521 13 0 1987 
522 13 0 1987 
523 13 0 1987 
524 13 0 1987 
525 13 0 1987 
526 13 0 1987 
527 13 0 1987 
528 13 0 1987 
529 13 0 1987 
530 13 0 1987 
531 13 0 1987 
532 13 0 1987 
533 13 0 1987 
534 13 0 1987 
535 13 0 1987 
536 13 0 1987 
537 13 0 1987 
538 13 0 1987 
539 13 0 1987 
540 13 0 1987 
541 12 0 1988 
542 12 0 1988 
543 12 0 1988 
544 12 0 1988 
545 12 0 1988 
546 12 0 1988 
547 12 0 1988 
548 12 0 1988 
549 12 0 1988 
550 12 0 1988 
551 12 0 1988 
552 12 0 1988 
553 12 0 1988 
554 11 0 1989 
555 11 0 1989 
556 11 0 1989 
557 11 0 1989 
558 11 0 1989 
559 11 0 1989 
560 11 0 1989 
561 11 0 1989 
562 10 0 1990 
563 10 0 1990 
564 10 0 1990 
565 10 0 1990 
566 10 0 1990 
567 10 0 1990 
568 10 0 1990 
569 10 0 1990 
570 10 0 1990 
571 10 0 1990 
572 9 0 1991 
573 9 0 1991 
574 9 0 1991 
575 9 0 1991 
576 9 0 1991 
577 9 0 1991 
578 9 0 1991 
579 9 0 1991 
580 9 0 1991 
581 9 0 1991 
582 9 0 1991 
583 9 0 1991 
584 9 0 1991 
585 9 0 1991 
586 9 0 1991 
587 8 0 1992 
588 8 0 1992 
589 8 0 1992 
590 8 0 1992 
591 8 0 1992 
592 8 0 1992 
593 8 0 1992 
594 8 0 1992 
595 8 0 1992 
596 8 0 1992 
597 8 0 1992 
598 8 0 1992 
599 8 0 1992 
600 7 0 1993 
601 7 0 1993 
602 7 0 1993 
603 7 0 1993 
604 7 0 1993 
605 7 0 1993 
606 7 0 1993 
607 7 0 1993 
608 7 0 1993 
609 7 0 1993 
610 7 0 1993 
611 7 0 1993 
612 7 0 1993 
613 7 0 1993 
614 7 0 1993 
615 7 0 1993 
616 7 0 1993 
617 7 0 1993 
618 7 0 1993 
619 7 0 1993 
620 7 0 1993 
621 7 0 1993 
622 7 0 1993 
623 7 0 1993 
624 7 0 1993 
625 7 0 1993 
626 7 0 1993 
627 7 0 1993 
628 7 0 1993 
629 7 0 1993 
630 6 0 1994 
631 6 0 1994 
632 5 0 1995 
633 5 0 1995 
634 5 0 1995 
635 5 0 1995 
636 5 0 1995 
637 5 0 1995 
638 5 0 1995 
639 4 0 1996 
640 4 0 1996 
641 4 0 1996 
642 4 0 1996 
643 3 0 1997 
644 3 0 1997 
645 3 0 1997 
646 3 0 1997 
647 3 0 1997 
648 3 0 1997 
649 3 0 1997 
650 3 0 1997 
651 3 0 1997 
652 3 0 1997 
653 3 0 1997 
654 3 0 1997 
655 3 0 1997 
656 3 0 1997 
657 3 0 1997 
658 3 0 1997 
659 3 0 1997 
660 3 0 1997 
661 3 0 1997 
662 3 0 1997 
663 3 0 1997 
664 3 0 1997 
665 3 0 1997 
666 2 0 1998 
667 2 0 1998 
668 2 0 1998 
669 2 0 1998 
670 2 0 1998 
671 2 0 1998 
672 2 0 1998 
673 2 0 1998 
674 2 0 1998 
675 2 0 1998 
676 1 0 1999 
677 1 0 1999 
678 1 0 1999 
679 1 0 1999 
680 1 0 1999 
681 1 0 1999 
682 1 0 1999 
683 1 0 1999 
684 1 0 1999 
685 1 0 1999 
686 1 0 1999 
687 1 0 1999 
688 1 0 1999 
689 1 0 1999 
690 1 0 1999 
691 1 0 1999 
692 1 0 1999 
693 1 0 1999 
694 1 0 1999 
695 1 0 1999 
696 1 0 1999 
697 1 0 1999 
698 1 0 1999 
699 1 0 1999 
700 1 0 1999 
701 1 0 1999 
702 1 0 1999 
703 1 0 1999 
704 1 0 1999 
705 0 0 2000 
706 0 0 2000 
707 0 0 2000 
708 0 0 2000 
709 0 0 2000 
710 0 0 2000 
711 0 0 2000 
712 0 0 2000 
713 0 0 2000 
714 0 0 2000 
715 0 0 2000 
716 0 0 2000 
717 0 0 2000 
718 0 0 2000 
719 0 0 2000 
720 0 0 2000 
721 0 0 2000 
722 0 0 2000 
723 0 0 2000 
724 0 0 2000 
725 0 0 2000 
726 0 0 2000 
727 0 0 2000 
