1 1 1999 0 
2 2 1998 0 
3 2 1998 0 
4 2 1998 0 
5 5 1995 0 
6 5 1995 0 
7 5 1995 0 
8 10 1990 0 
9 12 1988 0 
10 14 1986 0 
11 17 1983 0 
12 15 1983 2 
13 16 1982 2 
14 19 1979 2 
15 19 1979 2 
16 20 1978 2 
17 23 1975 2 
18 24 1973 3 
19 30 1966 4 
20 34 1961 5 
21 37 1958 5 
22 41 1953 6 
23 47 1945 8 
24 48 1944 8 
25 53 1939 8 
26 54 1937 9 
27 54 1936 10 
28 58 1931 11 
29 60 1928 12 
30 66 1921 13 
31 71 1913 16 
32 80 1902 18 
33 84 1894 22 
34 91 1885 24 
35 99 1874 27 
36 103 1868 29 
37 106 1863 31 
38 108 1858 34 
39 116 1847 37 
40 125 1837 38 
41 131 1829 40 
42 134 1822 44 
43 139 1812 49 
44 147 1802 51 
45 153 1795 52 
46 160 1786 54 
47 166 1777 57 
48 167 1772 61 
49 175 1758 67 
50 177 1751 72 
51 185 1738 77 
52 189 1731 80 
53 194 1723 83 
54 198 1711 91 
55 206 1698 96 
56 213 1687 100 
57 217 1679 104 
58 225 1666 109 
59 231 1658 111 
60 240 1645 115 
61 250 1631 119 
62 253 1624 123 
63 261 1612 127 
64 264 1602 134 
65 271 1587 142 
66 283 1570 147 
67 299 1552 149 
68 312 1533 155 
69 319 1519 162 
70 324 1509 167 
71 328 1501 171 
72 340 1485 175 
73 344 1474 182 
74 356 1456 188 
75 358 1447 195 
76 364 1435 201 
77 374 1420 206 
78 379 1406 215 
79 386 1393 221 
80 390 1382 228 
81 401 1366 233 
82 408 1355 237 
83 411 1342 247 
84 417 1323 260 
85 420 1308 272 
86 433 1289 278 
87 435 1272 293 
88 443 1253 304 
89 452 1237 311 
90 456 1222 322 
91 457 1210 333 
92 461 1202 337 
93 466 1183 351 
94 471 1164 365 
95 473 1152 375 
96 487 1131 382 
97 497 1116 387 
98 502 1099 399 
99 500 1086 414 
100 502 1072 426 
101 505 1059 436 
102 505 1045 450 
103 509 1032 459 
104 507 1022 471 
105 515 1005 480 
106 519 993 488 
107 527 977 496 
108 539 958 503 
109 547 939 514 
110 558 921 521 
111 565 904 531 
112 584 878 538 
113 596 858 546 
114 603 838 559 
115 606 824 570 
116 609 810 581 
117 618 785 597 
118 623 763 614 
119 626 747 627 
120 630 727 643 
121 640 701 659 
122 655 677 668 
123 664 653 683 
124 677 627 696 
125 688 604 708 
126 692 583 725 
127 695 567 738 
128 700 542 758 
129 706 521 773 
130 707 506 787 
131 712 485 803 
132 721 461 818 
133 724 439 837 
134 738 414 848 
135 740 400 860 
136 752 372 876 
137 759 348 893 
138 765 329 906 
139 770 305 925 
140 768 289 943 
141 764 274 962 
142 756 258 986 
143 765 236 999 
144 769 212 1019 
145 775 193 1032 
146 775 173 1052 
147 775 157 1068 
148 779 140 1081 
149 778 129 1093 
150 774 114 1112 
151 771 100 1129 
152 753 94 1153 
153 752 81 1167 
154 742 74 1184 
155 727 69 1204 
156 721 62 1217 
157 704 57 1239 
158 696 49 1255 
159 691 41 1268 
160 683 36 1281 
161 670 32 1298 
162 662 29 1309 
163 652 27 1321 
164 639 27 1334 
165 633 25 1342 
166 622 24 1354 
167 615 23 1362 
168 607 21 1372 
169 595 21 1384 
170 588 20 1392 
171 575 19 1406 
172 562 17 1421 
173 554 16 1430 
174 545 15 1440 
175 526 15 1459 
176 518 15 1467 
177 507 13 1480 
178 500 13 1487 
179 495 13 1492 
180 490 12 1498 
181 481 9 1510 
182 472 9 1519 
183 464 9 1527 
184 456 9 1535 
185 447 9 1544 
186 434 9 1557 
187 426 8 1566 
188 420 8 1572 
189 416 8 1576 
190 409 7 1584 
191 401 7 1592 
192 391 7 1602 
193 383 7 1610 
194 376 7 1617 
195 366 7 1627 
196 363 7 1630 
197 359 7 1634 
198 356 7 1637 
199 351 6 1643 
200 345 6 1649 
201 336 6 1658 
202 332 6 1662 
203 329 6 1665 
204 324 6 1670 
205 321 6 1673 
206 314 6 1680 
207 304 6 1690 
208 297 6 1697 
209 293 6 1701 
210 282 5 1713 
211 280 5 1715 
212 274 5 1721 
213 271 5 1724 
214 262 5 1733 
215 255 5 1740 
216 251 5 1744 
217 248 5 1747 
218 246 4 1750 
219 241 4 1755 
220 241 3 1756 
221 239 3 1758 
222 237 3 1760 
223 230 3 1767 
224 226 3 1771 
225 223 3 1774 
226 220 3 1777 
227 217 3 1780 
228 214 3 1783 
229 212 3 1785 
230 206 3 1791 
231 198 3 1799 
232 195 3 1802 
233 192 3 1805 
234 188 3 1809 
235 184 3 1813 
236 183 3 1814 
237 176 3 1821 
238 172 3 1825 
239 167 3 1830 
240 163 3 1834 
241 158 3 1839 
242 153 3 1844 
243 150 3 1847 
244 144 3 1853 
245 143 3 1854 
246 138 3 1859 
247 136 3 1861 
248 132 2 1866 
249 132 2 1866 
250 126 2 1872 
251 125 2 1873 
252 123 2 1875 
253 120 2 1878 
254 119 2 1879 
255 118 2 1880 
256 115 2 1883 
257 115 2 1883 
258 111 2 1887 
259 110 2 1888 
260 108 2 1890 
261 106 2 1892 
262 103 2 1895 
263 101 2 1897 
264 99 2 1899 
265 98 2 1900 
266 98 2 1900 
267 96 2 1902 
268 93 2 1905 
269 90 2 1908 
270 88 2 1910 
271 86 2 1912 
272 83 2 1915 
273 80 2 1918 
274 79 2 1919 
275 79 2 1919 
276 76 2 1922 
277 74 2 1924 
278 72 2 1926 
279 70 2 1928 
280 67 2 1931 
281 65 2 1933 
282 64 2 1934 
283 61 2 1937 
284 57 2 1941 
285 55 2 1943 
286 55 2 1943 
287 55 2 1943 
288 55 2 1943 
289 55 2 1943 
290 54 2 1944 
291 53 2 1945 
292 52 2 1946 
293 51 2 1947 
294 49 2 1949 
295 47 2 1951 
296 47 2 1951 
297 46 2 1952 
298 45 2 1953 
299 41 2 1957 
300 41 2 1957 
301 41 2 1957 
302 41 2 1957 
303 39 2 1959 
304 38 2 1960 
305 37 2 1961 
306 35 2 1963 
307 34 2 1964 
308 34 2 1964 
309 34 2 1964 
310 33 2 1965 
311 31 2 1967 
312 31 2 1967 
313 29 2 1969 
314 29 2 1969 
315 29 2 1969 
316 29 2 1969 
317 28 2 1970 
318 28 2 1970 
319 28 2 1970 
320 26 2 1972 
321 25 2 1973 
322 24 2 1974 
323 24 2 1974 
324 24 2 1974 
325 24 2 1974 
326 24 2 1974 
327 24 2 1974 
328 24 2 1974 
329 24 2 1974 
330 24 2 1974 
331 24 2 1974 
332 23 2 1975 
333 22 2 1976 
334 22 2 1976 
335 21 2 1977 
336 21 2 1977 
337 21 2 1977 
338 21 2 1977 
339 21 2 1977 
340 20 2 1978 
341 20 2 1978 
342 20 2 1978 
343 19 2 1979 
344 18 2 1980 
345 18 2 1980 
346 18 2 1980 
347 18 2 1980 
348 18 2 1980 
349 18 2 1980 
350 18 2 1980 
351 18 2 1980 
352 18 2 1980 
353 17 2 1981 
354 17 2 1981 
355 16 2 1982 
356 16 2 1982 
357 16 2 1982 
358 16 2 1982 
359 16 2 1982 
360 16 2 1982 
361 15 2 1983 
362 15 2 1983 
363 13 2 1985 
364 13 2 1985 
365 12 2 1986 
366 10 2 1988 
367 10 2 1988 
368 10 2 1988 
369 10 2 1988 
370 10 2 1988 
371 10 2 1988 
372 10 2 1988 
373 9 2 1989 
374 9 2 1989 
375 9 2 1989 
376 9 2 1989 
377 9 2 1989 
378 9 2 1989 
379 8 2 1990 
380 8 2 1990 
381 8 2 1990 
382 8 2 1990 
383 8 2 1990 
384 8 2 1990 
385 8 2 1990 
386 8 2 1990 
387 8 2 1990 
388 8 2 1990 
389 7 2 1991 
390 6 2 1992 
391 6 2 1992 
392 6 2 1992 
393 5 2 1993 
394 5 2 1993 
395 5 2 1993 
396 5 2 1993 
397 5 2 1993 
398 5 2 1993 
399 5 2 1993 
400 5 2 1993 
401 5 2 1993 
402 5 2 1993 
403 5 2 1993 
404 5 2 1993 
405 5 2 1993 
406 5 2 1993 
407 5 2 1993 
408 5 2 1993 
409 5 2 1993 
410 4 2 1994 
411 4 2 1994 
412 4 2 1994 
413 4 2 1994 
414 4 2 1994 
415 4 2 1994 
416 4 2 1994 
417 4 2 1994 
418 4 2 1994 
419 4 2 1994 
420 4 2 1994 
421 4 2 1994 
422 4 2 1994 
423 4 2 1994 
424 4 2 1994 
425 4 2 1994 
426 4 2 1994 
427 4 2 1994 
428 4 2 1994 
429 4 2 1994 
430 4 2 1994 
431 4 2 1994 
432 4 2 1994 
433 4 2 1994 
434 4 2 1994 
435 4 2 1994 
436 4 2 1994 
437 4 2 1994 
438 4 2 1994 
439 4 2 1994 
440 4 2 1994 
441 4 2 1994 
442 4 2 1994 
443 4 2 1994 
444 4 2 1994 
445 4 2 1994 
446 4 2 1994 
447 4 2 1994 
448 4 2 1994 
449 4 2 1994 
450 3 2 1995 
451 3 2 1995 
452 3 2 1995 
453 3 2 1995 
454 3 2 1995 
455 3 2 1995 
456 3 2 1995 
457 3 2 1995 
458 3 2 1995 
459 3 2 1995 
460 3 2 1995 
461 3 2 1995 
462 3 2 1995 
463 3 2 1995 
464 3 2 1995 
465 3 2 1995 
466 3 2 1995 
467 3 2 1995 
468 2 2 1996 
469 2 2 1996 
470 2 2 1996 
471 2 2 1996 
472 2 2 1996 
473 2 2 1996 
474 2 2 1996 
475 2 2 1996 
476 2 2 1996 
477 1 2 1997 
478 1 2 1997 
479 1 2 1997 
480 1 2 1997 
481 1 2 1997 
482 1 2 1997 
483 1 2 1997 
484 1 2 1997 
485 1 2 1997 
486 1 2 1997 
487 1 2 1997 
488 1 2 1997 
489 1 2 1997 
490 1 2 1997 
491 1 2 1997 
492 1 2 1997 
493 1 2 1997 
494 1 2 1997 
495 1 2 1997 
496 1 2 1997 
497 1 2 1997 
498 1 2 1997 
499 1 2 1997 
500 1 2 1997 
501 1 2 1997 
502 1 2 1997 
503 1 2 1997 
504 1 2 1997 
505 1 2 1997 
506 1 2 1997 
507 1 2 1997 
508 1 2 1997 
509 1 2 1997 
510 1 2 1997 
511 1 2 1997 
512 1 2 1997 
513 1 2 1997 
514 1 2 1997 
515 1 2 1997 
516 1 2 1997 
517 1 2 1997 
518 1 2 1997 
519 1 2 1997 
520 0 2 1998 
521 0 2 1998 
522 0 2 1998 
523 0 2 1998 
524 0 2 1998 
525 0 2 1998 
526 0 2 1998 
527 0 2 1998 
528 0 2 1998 
529 0 2 1998 
530 0 2 1998 
531 0 2 1998 
532 0 2 1998 
533 0 2 1998 
534 0 2 1998 
535 0 2 1998 
536 0 2 1998 
537 0 2 1998 
538 0 2 1998 
539 0 2 1998 
540 0 2 1998 
541 0 2 1998 
542 0 2 1998 
543 0 2 1998 
544 0 2 1998 
545 0 2 1998 
546 0 2 1998 
547 0 2 1998 
548 0 2 1998 
549 0 2 1998 
550 0 2 1998 
551 0 2 1998 
552 0 2 1998 
553 0 2 1998 
554 0 2 1998 
555 0 2 1998 
