788.291 0.495786
789.283 1.98538
791.271 4.4755
794.264 7.97719
798.273 12.5056
803.314 18.0795
809.405 24.7209
816.567 32.4548
824.822 41.3082
834.194 51.3106
844.706 62.493
856.385 74.8887
869.256 88.5332
883.348 103.465
898.694 119.727
915.33 137.369
933.301 156.446
952.662 177.028
973.483 199.196
995.849 223.051
1019.87 248.716
1045.67 276.337
1073.4 306.09
1103.24 338.17
1135.37 372.793
1169.97 410.181
1207.2 450.541
1247.16 494.047
1289.88 540.816
1335.32 590.884
1383.27 644.18
1433.44 700.5
1485.36 759.436
1538.4 820.212
1591.63 881.198
1643.68 938.523
1692.23 982.25
1733.17 990.325
1760.17 949.307
1768.87 910.708
1763.12 896.114
1748.72 887.161
1728.99 876.1
1705.65 861.492
1679.76 843.6
1652.12 823.151
1623.39 801.048
1594.2 778.272
1565.13 755.809
1536.66 734.557
1509.16 715.23
1482.9 698.27
1458.06 683.775
1434.69 671.381
1412.76 659.971
1392.13 646.876
1372.52 626.549
1353.34 592.61
1333.7 551.688
1312.9 519.857
1291.23 497.094
1269.45 478.183
1248.21 460.862
1227.95 444.582
1208.99 429.353
1191.55 415.334
1175.8 402.707
1161.89 391.642
1149.93 382.289
1140.03 374.777
1132.29 369.21
1126.81 365.665
1123.66 364.179
1122.91 364.734
1124.59 367.239
1128.7 371.509
1135.16 377.267
1143.78 384.204
1154.28 392.117
1166.24 401.115
1179.25 411.717
1192.95 424.649
1207.19 440.414
1222.08 459.019
1237.85 480.111
1254.86 503.306
1273.41 528.394
1293.77 555.347
1316.1 584.214
1340.49 614.963
1366.95 647.206
1395.32 679.494
1425.2 707.144
1455.61 715.513
1484.22 670.242
1506.52 576.496
1519.27 529.923
1525.14 519.932
1527.35 519.612
1527.5 521.253
1526.29 522.852
1523.99 523.747
1520.58 523.556
1515.87 521.892
1509.55 518.298
1501.24 512.267
1490.53 503.318
1477.08 491.108
1460.72 475.547
1441.49 456.878
1419.74 435.666
1396.07 412.719
1371.23 388.959
1346.1 365.291
1321.48 342.495
1298.06 321.163
1276.33 301.673
1256.55 284.2
1238.82 268.755
1223.04 255.238
1209.03 243.492
1196.58 233.343
1185.49 224.631
1175.61 217.224
1166.88 211.032
1159.3 206.01
1152.91 202.16
1147.8 199.531
1144.1 198.205
1141.91 198.289
1141.38 199.907
1142.61 203.188
1145.73 208.256
1150.87 215.227
1158.16 224.181
1167.71 235.124
1179.68 247.876
1194.17 261.833
1211.29 275.501
1230.97 286.234
1252.81 292.511
1275.88 298.884
1299.17 311.279
1322.2 329.489
1344.97 351.101
1367.57 374.508
1390.04 398.864
1412.3 423.663
1434.22 448.516
1455.58 473.057
1476.11 496.918
1495.51 519.737
1513.53 541.206
1529.94 561.125
1544.65 579.47
1557.74 596.448
1569.44 612.518
1580.18 628.377
1590.47 644.898
1600.87 663.01
1611.85 683.552
1623.77 707.1
1636.77 733.818
1650.78 763.289
1665.39 794.123
1679.77 822.659
1692.25 838.876
1699.66 818.161
1696.8 742.15
1679.95 675.158
1652.96 640.857
1621.25 615.3
1587.72 590.263
1553.8 564.426
1520.22 537.937
1487.43 511.163
1455.68 484.435
1425.13 458.015
1395.86 432.104
1367.94 406.861
1341.37 382.416
1316.18 358.883
1292.38 336.372
1269.99 314.993
1249.06 294.861
1229.64 276.103
1211.84 258.848
1195.73 243.228
1181.42 229.368
1169.02 217.377
1158.6 207.336
1150.21 199.291
1143.89 193.243
1139.6 189.142
1137.26 186.88
1136.73 186.303
1137.83 187.221
1140.32 189.436
1143.92 192.777
1148.39 197.13
1153.54 202.451
1159.23 208.754
1165.48 216.089
1172.37 224.524
1180.07 234.143
1188.82 245.051
1198.83 257.378
1210.32 271.273
1223.49 286.894
1238.51 304.395
1255.49 323.914
1274.56 345.556
1295.76 369.362
1319.13 395.238
1344.64 422.772
1372.15 450.751
1401.3 475.854
1431.29 489.905
1460.34 480.561
1485.64 456.126
1505.24 446.538
1520.07 451.455
1531.77 461.527
1541.4 472.711
1549.46 483.614
1556.14 493.672
1561.45 502.557
1565.3 510.006
1567.54 515.803
1568.09 519.811
1566.89 522.025
1564.06 522.619
1559.83 521.966
1554.62 520.625
1548.95 519.291
1543.38 518.72
1538.48 519.649
1534.71 522.707
1532.41 528.338
1531.8 536.752
1532.96 547.91
1535.88 561.522
1540.42 576.971
1546.28 592.981
1552.91 606.541
1559.32 609.907
1563.56 586.153
1562.47 526.553
1553.42 473.322
1537.87 443.899
1519.01 423.564
1498.88 405.587
1478.62 388.379
1458.89 371.77
1440.11 355.93
1422.56 341.091
1406.48 327.48
1392.07 315.309
1379.49 304.776
1368.93 296.078
1360.57 289.414
1354.61 284.995
1351.28 283.051
1350.83 283.841
1353.5 287.651
1359.52 294.796
1369.1 305.592
1382.29 320.297
1399.07 339.03
1419.27 361.709
1442.61 388.063
1468.75 417.708
1497.35 450.231
1528.05 485.241
1560.5 522.371
1594.34 561.233
1629.12 601.303
1664.29 641.671
1698.99 680.406
1731.85 712.722
1760.42 725.458
1780.11 685.499
1783.75 570.91
1768.55 479.853
1742.85 436.083
1713.61 406.099
1683.69 379.605
1654.3 354.509
1626.02 330.522
1599.19 307.738
1574.02 286.31
1550.65 266.373
1529.2 248.033
1509.73 231.363
1492.3 216.412
1476.93 203.197
1463.59 191.71
1452.22 181.901
1442.72 173.677
1434.91 166.893
1428.58 161.353
1423.46 156.816
1419.28 153.014
1415.72 149.668
1412.51 146.513
1409.37 143.314
1406.11 139.882
1402.54 136.084
1398.57 131.849
1394.17 127.17
1389.34 122.096
1384.17 116.733
1378.78 111.231
1373.35 105.778
1368.07 100.589
1363.18 95.8972
1358.9 91.9447
1355.48 88.9734
1353.16 87.2186
1352.15 86.9023
1352.68 88.2278
1354.91 91.376
1359.01 96.5023
1365.1 103.734
1373.27 113.169
1383.58 124.873
1396.06 138.884
1410.71 155.207
1427.51 173.821
1446.41 194.682
1467.37 217.729
1490.3 242.887
1515.12 270.065
1541.69 299.154
1569.87 330.004
1599.45 362.392
1630.15 395.938
1661.57 429.923
1693.03 462.836
1723.47 491.193
1750.99 506.517
1772.18 491.078
1781.98 434.619
1777.35 378.293
1762.12 343.84
1741.59 318.3
1718.73 294.982
1695 272.207
1671.17 249.723
1647.68 227.623
1624.8 206.057
1602.7 185.167
1581.51 165.065
1561.29 145.846
1542.12 127.584
1524.03 110.34
1507.07 94.1705
1491.27 79.1244
1476.67 65.2507
1463.3 52.5974
1451.21 41.2125
1440.43 31.1434
1431.01 22.4363
1422.98 15.1351
1416.39 9.28037
1411.27 4.90802
1407.64 2.04886
1405.55 0.727752
1405 0.96334
1406.02 2.76789
1408.61 6.14732
1412.77 11.1015
1418.5 17.6244
1425.79 25.7051
1434.61 35.3278
1444.96 46.4729
1456.81 59.1177
1470.11 73.2367
1484.85 88.8025
1500.97 105.785
1518.44 124.151
1537.2 143.863
1557.2 164.876
1578.36 187.131
1600.6 210.55
1623.8 235.019
1647.79 260.365
1672.37 286.309
1697.2 312.373
1721.82 337.682
1745.47 360.518
1766.94 377.307
1784.24 380.809
1794.3 360.724
1793.77 319.658
1782.4 281.192
1764.01 252.344
1742.34 227.903
1719.52 205.088
1696.68 183.187
1674.41 162.161
1653.1 142.137
1632.96 123.26
1614.15 105.655
1596.77 89.4261
1580.91 74.6509
1566.61 61.3887
1553.9 49.6817
1542.81 39.5582
1533.35 31.0337
1525.52 24.1132
1519.32 18.7912
1514.72 15.0536
1511.72 12.8775
1510.26 12.2327
1510.33 13.0823
1511.87 15.3836
1514.84 19.09
1519.19 24.1517
1524.86 30.5178
1531.8 38.1371
1539.95 46.96
1549.27 56.939
1559.69 68.0293
1571.17 80.1878
1583.66 93.3725
1597.11 107.54
1611.47 122.64
1626.66 138.611
1642.61 155.372
1659.22 172.805
1676.33 190.733
1693.75 208.877
1711.18 226.78
1728.17 243.652
1744.07 258.072
1757.86 267.45
1768 267.49
1772.44 253.809
1769.4 229.056
1759.14 203.541
1744.06 181.684
1726.71 162.302
1708.7 144.301
1690.97 127.373
1674.04 111.545
1658.22 96.9297
1643.73 83.6413
1630.69 71.7751
1619.17 61.402
1609.24 52.5711
1600.92 45.3128
1594.23 39.6412
1589.16 35.5565
1585.71 33.0462
1583.85 32.0869
1583.53 32.6447
1584.73 34.6772
1587.38 38.1338
1591.42 42.9575
1596.79 49.0859
1603.42 56.4526
1611.23 64.9879
1620.14 74.6196
1630.08 85.2724
1640.95 96.8663
1652.68 109.313
1665.14 122.51
1678.24 136.332
1691.83 150.613
1705.71 165.119
1719.66 179.504
1733.31 193.225
1746.17 205.394
1757.54 214.532
1766.37 218.285
1771.27 213.703
1770.75 199.645
1764.12 179.971
1752.32 159.983
1737.32 141.345
1720.88 123.814
1704.15 107.189
1687.85 91.5097
1672.41 76.9132
1658.12 63.5439
1645.14 51.5262
1633.62 40.9584
1623.63 31.915
1615.23 24.4503
1608.46 18.6017
1603.34 14.3926
1599.89 11.8343
1598.11 10.9276
1597.99 11.6637
1599.5 14.0253
1602.63 17.9865
1607.35 23.5131
1613.59 30.5631
1621.33 39.0853
1630.48 49.0193
1640.98 60.2935
1652.74 72.8229
1665.66 86.5041
1679.61 101.208
1694.44 116.769
1709.95 132.961
1725.9 149.464
1741.94 165.801
1757.61 181.226
1772.25 194.538
1784.91 203.856
1794.31 206.658
1798.96 201.072
1797.73 188.503
1790.76 173.023
1779.46 157.142
1765.54 141.329
1750.3 125.629
1734.66 110.19
1719.18 95.2275
1704.25 80.9587
1690.14 67.5727
1677.05 55.2276
1665.11 44.0527
1654.45 34.154
1645.14 25.6177
1637.26 18.5141
1630.85 12.8995
1625.98 8.81853
1622.66 6.305
1620.93 5.38267
1620.79 6.06569
1622.25 8.35854
1625.31 12.2557
1629.95 17.7405
1636.15 24.7837
1643.86 33.3405
1653.02 43.3459
1663.55 54.7076
1675.34 67.2935
1688.23 80.9117
1702.01 95.2761
1716.37 109.948
1730.9 124.239
1744.98 137.075
1757.76 146.884
1768.12 151.855
1774.86 151.063
1777.19 145.71
1775.22 138.068
1769.87 129.485
1762.29 120.393
1753.4 110.995
1743.87 101.498
1734.18 92.1125
1724.64 83.0317
1715.5 74.4202
1706.93 66.4167
1699.06 59.138
1692 52.6842
1685.84 47.1424
1680.66 42.59
1676.52 39.0958
1673.49 36.722
1671.6 35.523
1670.92 35.5461
1671.47 36.8295
1673.28 39.401
1676.36 43.276
1680.71 48.4542
1686.32 54.9152
1693.14 62.6129
1701.11 71.4651
1710.12 81.3381
1720.01 92.0209
1730.57 103.181
1741.44 114.293
1752.16 124.525
1762.04 132.615
1770.15 136.92
1775.38 136.073
1776.8 130.308
1774.15 121.561
1768.06 111.597
1759.6 101.154
1749.75 90.5052
1739.26 79.8614
1728.64 69.4311
1718.25 59.4044
1708.34 49.9398
1699.07 41.1637
1690.56 33.1744
1682.9 26.0475
1676.16 19.8411
1670.38 14.5998
1665.59 10.358
1661.84 7.14252
1659.12 4.97476
1657.47 3.87172
1656.9 3.84718
1657.41 4.91205
1659.01 7.07448
1661.71 10.3395
1665.51 14.7083
1670.4 20.1767
1676.36 26.7337
1683.38 34.3584
1691.43 43.0165
1700.45 52.6548
1710.36 63.193
1721.08 74.5115
1732.45 86.4315
1744.27 98.6841
1756.26 110.858
1768.01 122.32
1778.95 132.103
1788.31 138.841
1795.1 140.988
1798.3 137.754
1797.32 130.19
1792.39 120.442
1784.51 109.955
1774.85 99.2786
1764.35 88.6709
1753.69 78.352
1743.3 68.5263
1733.49 59.3663
1724.45 51.0074
1716.32 43.5498
1709.16 37.0647
1703.05 31.5992
1698.01 27.1814
1694.04 23.8245
1691.16 21.5291
1689.35 20.2866
1688.58 20.08
1688.84 20.8856
1690.09 22.6734
1692.31 25.4073
1695.43 29.0441
1699.42 33.5325
1704.21 38.8099
1709.74 44.7986
1715.92 51.3996
1722.63 58.4833
1729.74 65.8762
1737.06 73.3409
1744.36 80.5474
1751.31 87.0376
1757.5 92.1908
1762.41 95.2364
1765.45 95.409
1766.06 92.3368
1763.96 86.4406
1759.31 78.7666
1752.73 70.3268
1745 61.7672
1736.84 53.476
1728.81 45.7263
1721.31 38.7314
1714.61 32.6591
1708.9 27.6366
1704.31 23.7566
1700.92 21.0824
1698.78 19.6527
1697.91 19.4858
1698.32 20.5816
1700 22.924
1702.91 26.4815
1707.01 31.2071
1712.24 37.0374
1718.52 43.8903
1725.75 51.6613
1733.81 60.2168
1742.53 69.3849
1751.74 78.9403
1761.19 88.5831
1770.57 97.9081
1779.47 106.368
1787.4 113.249
1793.74 117.707
1797.82 118.965
1799.06 116.699
1797.15 111.319
1792.31 103.72
1785.1 94.768
1776.3 85.0769
1766.6 75.0847
1756.57 65.1341
1746.65 55.5068
1737.15 46.4344
1728.32 38.1054
1720.33 30.6717
1713.33 24.2543
1707.41 18.9485
1702.65 14.8278
1699.12 11.9462
1696.85 10.3405
1695.87 10.0302
1696.18 11.0176
1697.77 13.2864
1700.6 16.7986
1704.63 21.4899
1709.78 27.2624
1715.93 33.9729
1722.92 41.4161
1730.53 49.3002
1738.46 57.2174
1746.34 64.618
1753.66 70.8223
1759.85 75.1335
1764.34 77.09
1766.71 76.7127
1766.88 74.4565
1765.08 70.8944
1761.76 66.4962
1757.42 61.6124
1752.5 56.5177
1747.36 51.4378
1742.27 46.5594
1737.44 42.036
1733.03 37.9928
1729.16 34.532
1725.93 31.7374
1723.41 29.6776
1721.68 28.4095
1720.76 27.9795
1720.72 28.4247
1721.56 29.7732
1723.31 32.0429
1725.97 35.2403
1729.55 39.3576
1734 44.3684
1739.3 50.222
1745.36 56.8345
1752.09 64.0755
1759.33 71.7493
1766.87 79.5662
1774.41 87.1059
1781.55 93.7775
1787.77 98.8129
1792.44 101.378
1794.93 100.892
1794.76 97.423
1791.88 91.6704
1786.66 84.4728
1779.73 76.4526
1771.75 68.0277
1763.27 59.5082
1754.71 51.1434
1746.37 43.1342
1738.48 35.6392
1731.19 28.7811
1724.6 22.6525
1718.81 17.322
1713.86 12.839
1709.78 9.23767
1706.62 6.5398
1704.36 4.75733
1703.03 3.89376
1702.62 3.94512
1703.12 4.90039
1704.51 6.74138
1706.76 9.4419
1709.85 12.9663
1713.74 17.2673
1718.36 22.282
1723.64 27.9277
1729.5 34.094
1735.8 40.6338
1742.4 47.3498
1749.07 53.978
1755.57 60.171
1761.56 65.4903
1766.66 69.4333
1770.43 71.5332
1772.51 71.5445
1772.7 69.6084
1771.06 66.2099
1767.94 61.9341
1763.84 57.2735
1759.25 52.5946
1754.63 48.1715
1750.28 44.2146
1746.47 40.8835
1743.35 38.2957
1741.03 36.5324
1739.59 35.6442
1739.07 35.6554
1739.46 36.5678
1740.75 38.3623
1742.91 41.0009
1745.89 44.4261
1749.6 48.5602
1753.96 53.3023
1758.85 58.5242
1764.13 64.0638
1769.61 69.7157
1775.08 75.2197
1780.29 80.2487
1784.91 84.4024
1788.57 87.2204
1790.87 88.2407
1791.45 87.1201
1790.01 83.7832
1786.52 78.4841
1781.17 71.7024
1774.37 63.9639
1766.61 55.7321
1758.38 47.3881
1750.11 39.2425
1742.12 31.5483
1734.68 24.5093
1727.98 18.288
1722.19 13.011
1717.4 8.77491
1713.69 5.64998
1711.14 3.68343
1709.76 2.90114
1709.56 3.30832
1710.55 4.88901
1712.68 7.60417
1715.9 11.3881
1720.14 16.1428
1725.28 21.7299
1731.16 27.9595
1737.58 34.577
1744.28 41.2511
1750.93 47.5719
1757.16 53.0779
1762.55 57.3325
1766.72 60.0436
1769.39 61.1605
1770.5 60.8616
1770.17 59.4453
1768.67 57.2249
1766.33 54.4823
1763.45 51.4602
1760.33 48.3652
1757.18 45.3718
1754.19 42.6258
1751.52 40.2483
1749.28 38.3392
1747.55 36.9804
1746.43 36.2383
1745.96 36.1651
1746.18 36.7997
1747.12 38.1668
1748.79 40.2762
1751.19 43.1192
1754.29 46.6654
1758.04 50.8557
1762.37 55.5942
1767.16 60.7356
1772.24 66.0695
1777.4 71.3014
1782.34 76.0364
1786.69 79.7825
1790.03 82.0068
1791.9 82.2747
1791.97 80.4353
1790.07 76.7
1786.34 71.511
1781.13 65.338
1774.88 58.5773
1768.03 51.547
1760.94 44.5043
1753.9 37.6577
1747.14 31.174
1740.82 25.1844
1735.06 19.7901
1729.95 15.068
1725.56 11.0749
1721.93 7.85152
1719.09 5.42504
1717.06 3.81151
1715.85 3.01718
1715.46 3.03939
1715.88 3.86684
1717.09 5.47924
1719.07 7.84632
1721.78 10.9262
1725.17 14.6628
1729.17 18.9821
1733.71 23.7874
1738.67 28.9528
1743.92 34.3155
1749.29 39.6672
1754.58 44.7481
1759.52 49.2499
1763.83 52.8396
1767.23 55.219
1769.45 56.2157
1770.36 55.8623
1769.99 54.3952
1768.52 52.1617
1766.28 49.5149
1763.63 46.7598
1760.88 44.1431
1758.31 41.8593
1756.14 40.0574
1754.51 38.8464
1753.52 38.3008
1753.24 38.4644
1753.7 39.3542
1754.89 40.963
1756.79 43.2606
1759.36 46.1949
1762.53 49.6907
1766.19 53.6479
1770.25 57.9382
1774.55 62.4002
1778.91 66.8343
1783.15 70.9966
1787 74.5975
1790.19 77.3098
1792.43 78.7963
1793.41 78.7665
1792.9 77.0552
1790.78 73.6861
1787.09 68.8731
1782.03 62.9527
1775.92 56.2977
1769.14 49.2609
1762.06 42.1529
1755 35.2383
1748.23 28.7377
1741.97 22.831
1736.38 17.6622
1731.6 13.3433
1727.73 9.95752
1724.82 7.56251
1722.93 6.19151
1722.06 5.85416
1722.22 6.53581
1723.37 8.19558
1725.47 10.7629
1728.41 14.1327
1732.09 18.1586
1736.34 22.6468
1740.97 27.3505
1745.73 31.9739
1750.33 36.1916
1754.47 39.6924
1757.87 42.2436
1760.33 43.7465
1761.74 44.2474
1762.15 43.8987
1761.7 42.901
1760.6 41.4619
1759.06 39.775
1757.31 38.0125
1755.52 36.3234
1753.85 34.8342
1752.43 33.6505
1751.36 32.8596
1750.74 32.5322
1750.61 32.7246
1751.03 33.4798
1752.03 34.8276
1753.64 36.7845
1755.85 39.3525
1758.66 42.5162
1762.03 46.2391
1765.91 50.4582
1770.23 55.0769
1774.86 59.9541
1779.65 64.8937
1784.4 69.6315
1788.83 73.8301
1792.64 77.0924
1795.46 79.0141
1796.96 79.2859
1796.88 77.8087
1795.13 74.7327
1791.84 70.3784
1787.28 65.1124
1781.81 59.2715
1775.81 53.1416
1769.57 46.9601
1763.35 40.9208
1757.36 35.1792
1751.74 29.8575
1746.61 25.0496
1742.05 20.8254
1738.1 17.2357
1734.82 14.3146
1732.23 12.0825
1730.33 10.5476
1729.13 9.70734
1728.61 9.54866
1728.77 10.048
1729.56 11.1703
1730.95 12.8681
1732.88 15.0788
1735.29 17.7223
1738.08 20.6971
1741.15 23.8773
1744.37 27.109
1747.59 30.2107
1750.62 32.9788
1753.28 35.2051
1755.38 36.7097
1756.76 37.3844
1757.35 37.2314
1757.14 36.3706
1756.26 35.0078
1754.9 33.3842
1753.31 31.7343
1751.73 30.2643
1750.38 29.1447
1749.42 28.5099
1749.01 28.4596
1749.21 29.0619
1750.11 30.3555
1751.71 32.3523
1754.01 35.0387
1756.99 38.3766
1760.6 42.3029
1764.74 46.7282
1769.32 51.5345
1774.2 56.5723
1779.22 61.6568
1784.18 66.5658
1788.85 71.0406
1792.99 74.7961
1796.31 77.5433
1798.57 79.0309
1799.54 79.0963
1799.11 77.7082
1797.25 74.9739
1794.11 71.1068
1789.89 66.3758
1784.87 61.0618
1779.36 55.4318
1773.63 49.7261
1767.92 44.1542
1762.43 38.8937
1757.34 34.0913
1752.78 29.8644
1748.85 26.3032
1745.62 23.4716
1743.14 21.4077
1741.44 20.1238
1740.5 19.6049
1740.31 19.8065
1740.79 20.6511
1741.87 22.0248
1743.41 23.7742
1745.26 25.7069
1747.23 27.5992
1749.1 29.2163
1750.66 30.346
1751.72 30.8405
1752.15 30.646
1751.9 29.8056
1751.01 28.4342
1749.6 26.6844
1747.84 24.7182
1745.87 22.6906
1743.88 20.7414
1742.01 18.9923
1740.37 17.5461
1739.08 16.4879
1738.21 15.8867
1737.83 15.7969
1737.98 16.2603
1738.71 17.3069
1740.03 18.956
1741.96 21.2162
1744.5 24.0849
1747.64 27.5473
1751.36 31.5744
1755.61 36.1197
1760.33 41.115
1765.44 46.4646
1770.83 52.038
1776.36 57.6615
1781.84 63.1101
1787.04 68.1047
1791.69 72.3219
1795.49 75.43
1798.16 77.1566
1799.47 77.3719
1799.31 76.1351
1797.74 73.6642
1794.96 70.2538
1791.26 66.2014
1786.97 61.7736
1782.36 57.196
1777.67 52.6543
1773.1 48.2971
1768.78 44.2393
1764.83 40.5668
1761.31 37.3402
1758.27 34.599
1755.74 32.3637
1753.73 30.6391
1752.22 29.415
1751.2 28.6675
1750.63 28.359
1750.48 28.4377
1750.67 28.8366
1751.15 29.472
1751.82 30.2421
1752.57 31.0266
1753.3 31.6879
1753.86 32.0764
1754.11 32.0433
1753.94 31.4603
1753.21 30.2472
1751.89 28.3976
1749.97 25.9905
1747.54 23.1791
1744.75 20.1625
1741.81 17.1536
1738.93 14.3546
1736.32 11.9439
1734.15 10.0703
1732.57 8.85217
1731.69 8.37771
1731.6 8.70705
1732.33 9.87376
1733.9 11.8862
1736.32 14.7282
1739.56 18.359
1743.54 22.7118
1748.2 27.6925
1753.43 33.1764
1759.08 39.0059
1764.98 44.9876
1770.93 50.8934
1776.7 56.4666
1782.04 61.4385
1786.69 65.5564
1790.42 68.6224
1793.07 70.5278
1794.55 71.2699
1794.87 70.9407
1794.14 69.6978
1792.54 67.7315
1790.26 65.2403
1787.53 62.4154
1784.54 59.4322
1781.47 56.4461
1778.47 53.5907
1775.67 50.9777
1773.16 48.6962
1771.02 46.8129
1769.31 45.3713
1768.05 44.3904
1767.24 43.8627
1766.86 43.7513
1766.85 43.9865
1767.14 44.4626
1767.62 45.036
1768.12 45.5278
1768.49 45.7352
1768.52 45.4541
1768.05 44.5153
1766.91 42.8214
1765.05 40.3698
1762.45 37.2468
1759.22 33.5994
1755.5 29.6025
1751.47 25.4334
1747.32 21.2578
1743.21 17.2232
1739.29 13.4562
1735.69 10.0626
1732.5 7.1292
1729.81 4.72536
1727.69 2.90509
1726.17 1.70894
1725.29 1.1655
1725.08 1.29261
1725.54 2.09809
1726.69 3.58007
1728.5 5.72683
1730.97 8.51616
1734.06 11.9141
1737.73 15.8732
1741.93 20.3296
1746.57 25.2003
1751.58 30.3785
1756.83 35.7297
1762.18 41.0881
1767.46 46.2556
1772.46 51.0081
1776.99 55.1132
1780.81 58.3633
1783.76 60.6203
1785.71 61.8528
1786.66 62.1439
1786.68 61.6618
1785.95 60.6141
1784.69 59.2097
1783.12 57.637
1781.44 56.0553
1779.8 54.5925
1778.34 53.3456
1777.15 52.3825
1776.27 51.7445
1775.74 51.4487
1775.57 51.49
1775.72 51.8425
1776.15 52.4604
1776.82 53.2784
1777.65 54.2116
1778.53 55.1547
1779.37 55.9829
1780.02 56.5533
1780.36 56.7092
1780.23 56.2908
1779.49 55.1516
1778.02 53.182
1775.72 50.3353
1772.58 46.6461
1768.66 42.2312
1764.07 37.2724
1759.01 31.9878
1753.7 26.6043
1748.38 21.3377
1743.25 16.3818
1738.5 11.9023
1734.31 8.03627
1730.78 4.89173
1728.02 2.54947
1726.1 1.0642
1725.06 0.465768
1724.91 0.759639
1725.64 1.92678
1727.22 3.92275
1729.6 6.67607
1732.68 10.0863
1736.36 14.022
1740.5 18.321
1744.92 22.7926
1749.43 27.2274
1753.83 31.414
1757.92 35.1637
1761.53 38.337
1764.53 40.8626
1766.86 42.7401
1768.54 44.0278
1769.63 44.8229
1770.24 45.2418
1770.5 45.4062
1770.54 45.4332
1770.48 45.4305
1770.44 45.4935
1770.51 45.7041
1770.77 46.1302
1771.27 46.8254
1772.07 47.8284
1773.19 49.1623
1774.64 50.8328
1776.42 52.8257
1778.49 55.1038
1780.81 57.6028
1783.3 60.2258
1785.84 62.8394
1788.29 65.2706
1790.48 67.3095
1792.2 68.7231
1793.24 69.2843
1793.41 68.8164
1792.55 67.2377
1790.61 64.5833
1787.63 60.9901
1783.76 56.6559
1779.19 51.7981
1774.16 46.6276
1768.88 41.3347
1763.55 36.0845
1758.33 31.016
1753.35 26.2429
1748.73 21.8566
1744.54 17.9284
1740.85 14.5123
1737.69 11.6471
1735.1 9.35871
1733.1 7.66095
1731.69 6.5569
1730.87 6.0392
1730.63 6.09011
1730.94 6.68114
1731.78 7.7723
1733.08 9.31104
1734.81 11.2311
1736.88 13.4514
1739.21 15.8758
1741.7 18.3938
1744.25 20.8847
1746.72 23.2251
1749.02 25.3017
1751.03 27.0284
1752.68 28.3628
1753.94 29.3173
1754.83 29.9579
1755.43 30.3908
1755.85 30.7433
1756.22 31.1458
1756.67 31.7182
1757.33 32.5621
1758.29 33.7566
1759.64 35.3566
1761.42 37.3924
1763.64 39.87
1766.3 42.7716
1769.37 46.0556
1772.79 49.6567
1776.48 53.4856
1780.35 57.4284
1784.25 61.3471
1788.06 65.0811
1791.59 68.4511
1794.68 71.268
1797.14 73.3476
1798.81 74.5307
1799.54 74.7067
1799.25 73.8329
1797.92 71.9428
1795.61 69.1393
1792.44 65.5767
1788.58 61.4383
1784.21 56.9168
1779.54 52.1998
1774.76 47.4605
1770.04 42.8527
1765.52 38.5072
1761.32 34.5316
1757.54 31.0089
1754.25 27.9981
1751.48 25.5333
1749.27 23.6238
1747.61 22.2529
1746.46 21.3777
1745.78 20.9284
1745.48 20.8098
1745.47 20.9045
1745.63 21.0812
1745.83 21.2071
1745.95 21.1653
1745.88 20.8722
1745.56 20.2901
1744.94 19.4296
1744.06 18.3426
1742.97 17.1093
1741.76 15.8243
1740.51 14.5858
1739.34 13.4881
1738.35 12.6167
1737.6 12.0464
1737.19 11.8402
1737.17 12.0494
1737.58 12.7141
1738.47 13.8636
1739.85 15.5169
1741.74 17.6829
1744.15 20.36
1747.06 23.5361
1750.46 27.1866
1754.31 31.2733
1758.56 35.7415
1763.16 40.517
1768 45.5018
1772.99 50.5705
1777.98 55.5665
1782.82 60.3017
1787.32 64.562
1791.26 68.1237
1794.45 70.7836
1796.7 72.3987
1797.9 72.9211
1798.03 72.4078
1797.14 70.9999
1795.38 68.884
1792.97 66.2577
1790.1 63.3069
1786.96 60.1956
1783.74 57.0609
1780.55 54.0131
1777.51 51.1368
1774.68 48.4926
1772.12 46.1203
1769.85 44.0402
1767.88 42.2561
1766.2 40.7556
1764.79 39.5122
1763.62 38.4854
1762.63 37.6212
1761.78 36.8529
1760.98 36.1019
1760.17 35.2799
1759.26 34.2929
1758.15 33.0485
1756.77 31.4657
1755.04 29.4886
1752.94 27.1
1750.44 24.3309
1747.61 21.2618
1744.52 18.0149
1741.3 14.7389
1738.12 11.5919
1735.11 8.72777
1732.45 6.28575
1730.27 4.3851
1728.67 3.12211
1727.74 2.56909
1727.56 2.77444
1728.15 3.7629
1729.53 5.53586
1731.69 8.07128
1734.58 11.3233
1738.16 15.2213
1742.34 19.6689
1747.01 24.5436
1752.03 29.6963
1757.25 34.9549
1762.5 40.1304
1767.58 45.0286
1772.31 49.4679
1776.51 53.2988
1780.07 56.4223
1782.88 58.7985
1784.94 60.4455
1786.27 61.4274
1786.95 61.8397
1787.09 61.7943
1786.82 61.4085
1786.25 60.7962
1785.51 60.0629
1784.7 59.3022
1783.9 58.5934
1783.2 57.9999
1782.64 57.5677
1782.25 57.3236
1782.05 57.2733
1782.04 57.3992
1782.18 57.6579
1782.41 57.9784
1782.65 58.2608
1782.8 58.3788
1782.73 58.187
1782.31 57.5351
1781.4 56.2906
1779.88 54.3636
1777.68 51.7275
1774.8 48.4245
1771.28 44.5545
1767.24 40.2546
1762.82 35.6779
1758.18 30.9775
1753.47 26.2962
1748.84 21.7619
1744.41 17.485
1740.28 13.5584
1736.55 10.0586
1733.28 7.04645
1730.52 4.5694
1728.33 2.6623
1726.71 1.3488
1725.7 0.64216
1725.3 0.545823
1725.5 1.0536
1726.31 2.14957
1727.68 3.80765
1729.6 5.99084
1732.03 8.65021
1734.89 11.7237
1738.14 15.135
1741.68 18.7927
1745.42 22.5907
1749.26 26.41
1753.06 30.1246
1756.71 33.6105
1760.1 36.7594
1763.12 39.4946
1765.7 41.7835
1767.84 43.6432
1769.56 45.1346
1770.92 46.3487
1772.02 47.3899
1772.99 48.3623
1773.91 49.3587
1774.9 50.4554
1776.01 51.708
1777.3 53.1508
1778.8 54.7958
1780.5 56.6335
1782.39 58.6331
1784.42 60.7431
1786.52 62.8919
1788.61 64.9888
1790.6 66.9249
1792.36 68.5769
1793.78 69.8108
1794.72 70.4911
1795.05 70.4913
1794.67 69.7099
1793.49 68.0854
1791.47 65.6097
1788.63 62.3324
1785.02 58.3569
1780.77 53.8273
1776.04 48.9117
1770.99 43.7865
1765.82 38.6241
1760.68 33.5839
1755.74 28.8071
1751.13 24.4135
1746.96 20.5002
1743.3 17.1414
1740.23 14.3876
1737.78 12.2662
1735.97 10.7814
1734.78 9.9137
1734.2 9.62013
1734.15 9.83484
1734.58 10.4707
1735.39 11.4231
1736.47 12.5765
1737.71 13.8144
1739 15.0315
1740.24 16.1462
1741.35 17.1094
1742.31 17.9074
1743.09 18.5593
1743.73 19.1084
1744.28 19.614
1744.8 20.1422
1745.36 20.7602
1746.03 21.5311
1746.87 22.5117
1747.95 23.7507
1749.3 25.2876
1750.97 27.1527
1752.98 29.3663
1755.35 31.9391
1758.08 34.8705
1761.16 38.1483
1764.57 41.7467
1768.28 45.6244
1772.23 49.7213
1776.35 53.956
1780.56 58.2214
1784.72 62.383
1788.71 66.278
1792.35 69.7208
1795.47 72.5156
1797.88 74.4807
1799.42 75.4803
1799.99 75.4539
1799.53 74.4296
1798.11 72.5129
1795.83 69.8595
1792.86 66.6455
1789.38 63.0454
1785.58 59.2192
1781.63 55.3065
1777.65 51.4239
1773.76 47.6655
1770.04 44.104
1766.56 40.7929
1763.36 37.7686
1760.45 35.0519
1757.87 32.65
1755.59 30.5575
1753.62 28.7572
1751.92 27.2213
1750.47 25.9113
1749.23 24.7794
1748.13 23.7694
1747.14 22.8187
1746.19 21.862
1745.21 20.8363
1744.15 19.6887
1742.97 18.3842
1741.63 16.9146
1740.15 15.3036
1738.55 13.6084
1736.9 11.9141
1735.29 10.3247
1733.82 8.95254
1732.62 7.90752
1731.77 7.28973
1731.4 7.18389
1731.56 7.6561
1732.33 8.75216
1733.74 10.4966
1735.81 12.8925
1738.52 15.921
1741.84 19.5408
1745.73 23.6884
1750.1 28.2771
1754.86 33.1972
1759.88 38.317
1765.03 43.4856
1770.16 48.5379
1775.09 53.3038
1779.66 57.621
1783.72 61.3499
1787.14 64.3881
1789.84 66.6805
1791.77 68.2212
1792.96 69.0494
1793.45 69.2384
1793.33 68.8839
1792.7 68.093
1791.69 66.9752
1790.41 65.6357
1788.95 64.1703
1787.41 62.6624
1785.87 61.1804
1784.39 59.7752
1782.99 58.4794
1781.72 57.3048
1780.55 56.2414
1779.49 55.2564
1778.47 54.2938
1777.44 53.2766
1776.32 52.1115
1775.01 50.6974
1773.43 48.9386
1771.49 46.7605
1769.12 44.1243
1766.31 41.0358
1763.07 37.5445
1759.45 33.7352
1755.56 29.7154
1751.51 25.6022
1747.4 21.5128
1743.37 17.5577
1739.52 13.8361
1735.94 10.4351
1732.72 7.42826
1729.93 4.87619
1727.63 2.82736
1725.84 1.31877
1724.61 0.376837
1723.96 0.0180123
1723.9 0.249294
1724.42 1.06843
1725.53 2.46391
1727.21 4.41463
1729.42 6.88936
1732.14 9.84592
1735.31 13.2301
1738.88 16.9748
1742.76 20.9986
1746.89 25.2062
1751.14 29.4888
1755.42 33.7273
1759.61 37.7986
1763.57 41.5856
1767.22 44.9901
1770.45 47.9463
1773.22 50.43
1775.5 52.4607
1777.35 54.0945
1778.8 55.4113
1779.97 56.501
1780.93 57.4518
1781.79 58.3416
1782.62 59.2328
1783.47 60.1697
1784.39 61.1771
1785.4 62.2602
1786.47 63.4047
1787.6 64.5777
1788.73 65.7288
1789.81 66.7906
1790.75 67.6812
1791.48 68.3064
1791.9 68.5641
1791.89 68.3499
1791.38 67.5666
1790.27 66.1342
1788.49 64.0024
1786.02 61.1608
1782.85 57.6445
1779.05 53.5342
1774.71 48.948
1769.95 44.0302
1764.93 38.9375
1759.81 33.8281
1754.74 28.8517
1749.87 24.1438
1745.33 19.8217
1741.24 15.9822
1737.66 12.7006
1734.68 10.0303
1732.32 8.00294
1730.61 6.62794
1729.55 5.89303
1729.12 5.76424
1729.27 6.18658
1729.93 7.08556
1731.03 8.37019
1732.48 9.93805
1734.17 11.6827
1736 13.5032
1737.87 15.3137
1739.7 17.0524
1741.44 18.6855
1743.06 20.2071
1744.56 21.6354
1745.98 23.006
1747.34 24.365
1748.7 25.763
1750.12 27.2507
1751.64 28.8753
1753.32 30.6782
1755.2 32.6938
1757.3 34.9483
1759.65 37.4592
1762.26 40.2338
1765.14 43.2689
1768.27 46.5489
1771.63 50.0441
1775.17 53.7084
1778.85 57.4766
1782.58 61.2616
1786.27 64.9521
1789.8 68.4124
1793.03 71.4851
1795.8 74.0007
1797.95 75.7949
1799.34 76.7326
1799.86 76.7341
1799.43 75.7917
1798.08 73.9694
1795.88 71.3859
1792.96 68.1911
1789.49 64.5444
1785.62 60.5993
1781.52 56.4951
1777.33 52.3526
1773.15 48.2725
1769.09 44.3363
1765.21 40.6072
1761.57 37.1319
1758.21 33.9423
1755.15 31.0571
1752.39 28.4831
1749.95 26.216
1747.81 24.2419
1745.95 22.5373
1744.34 21.0705
1742.95 19.8021
1741.75 18.6867
1740.68 17.6757
1739.7 16.72
1738.77 15.7752
1737.83 14.8074
1736.88 13.7993
1735.9 12.7551
1734.89 11.7037
1733.9 10.6977
1732.97 9.80818
1732.2 9.11832
1731.66 8.71484
1731.43 8.68069
1731.61 9.08919
1732.25 9.99967
1733.42 11.4548
1735.15 13.4787
1737.45 16.0763
1740.33 19.2322
1743.74 22.9105
1747.65 27.0548
1752 31.5876
1756.68 36.4108
1761.59 41.4072
1766.61 46.4426
1771.6 51.3706
1776.42 56.0402
1780.9 60.3052
1784.92 64.0366
1788.36 67.134
1791.12 69.5347
1793.17 71.2178
1794.5 72.2019
1795.14 72.5392
1795.16 72.3057
1794.65 71.5923
1793.69 70.4962
1792.4 69.1136
1790.88 67.5349
1789.19 65.8407
1787.43 64.0983
1785.66 62.36
1783.9 60.6609
1782.19 59.0176
1780.54 57.4272
1778.93 55.8668
1777.32 54.2943
1775.68 52.6514
1773.95 50.8679
1772.04 48.8704
1769.9 46.5924
1767.48 43.9863
1764.72 41.0332
1761.63 37.7477
1758.23 34.1776
1754.58 30.3968
1750.75 26.4967
1746.85 22.5767
1742.96 18.7365
1739.2 15.0711
1735.66 11.6668
1732.41 8.5993
1729.54 5.93359
1727.09 3.72327
1725.12 2.01119
1723.67 0.829901
1722.76 0.202224
1722.42 0.141694
1722.64 0.652868
1723.44 1.73146
1724.8 3.36423
1726.7 5.52873
1729.11 8.19273
1732.01 11.3136
1735.33 14.8373
1739.03 18.6979
1743.02 22.8168
1747.23 27.1029
1751.56 31.454
1755.9 35.76
1760.15 39.9091
1764.2 43.7962
1767.95 47.3338
1771.31 50.463
1774.25 53.1596
1776.75 55.4359
1778.84 57.3348
1780.55 58.9193
1781.98 60.2618
1783.18 61.4339
1784.24 62.4989
1785.22 63.5075
1786.17 64.4941
1787.11 65.4763
1788.05 66.4538
1788.98 67.4092
1789.88 68.3086
1790.7 69.1023
1791.38 69.7271
1791.85 70.1081
1792.04 70.1621
1791.87 69.8024
1791.24 68.9455
1790.08 67.5191
1788.34 65.4715
1785.97 62.781
1782.97 59.4622
1779.37 55.5688
1775.23 51.1903
1770.66 46.4451
1765.79 41.4695
1760.75 36.4077
1755.7 31.4022
1750.76 26.5865
1746.08 22.0801
1741.76 17.9852
1737.9 14.3849
1734.57 11.3422
1731.82 8.89958
1729.68 7.0787
1728.17 5.88085
1727.27 5.28699
1726.96 5.25854
1727.19 5.73867
1727.89 6.65471
1729 7.92209
1730.42 9.44987
1732.06 11.1481
1733.85 12.9356
1735.69 14.7476
1737.53 16.5401
1739.34 18.2926
1741.1 20.0054
1742.81 21.6961
1744.51 23.3945
1746.22 25.1371
1747.98 26.9627
1749.84 28.9091
1751.83 31.0108
1754 33.2965
1756.35 35.7885
1758.93 38.5013
1761.72 41.4407
1764.75 44.6027
1767.99 47.9721
1771.42 51.5209
1775.01 55.2061
1778.69 58.9677
1782.42 62.7261
1786.08 66.3802
1789.58 69.8074
1792.78 72.8663
1795.55 75.4045
1797.74 77.2725
1799.22 78.3443
1799.88 78.5391
1799.65 77.8369
1798.53 76.2817
1796.59 73.9696
1793.94 71.0304
1790.7 67.6076
1787.04 63.8438
1783.1 59.8716
1779.01 55.8079
1774.89 51.7522
1770.83 47.7858
1766.9 43.9733
1763.15 40.3634
1759.63 36.9906
1756.36 33.8766
1753.35 31.0316
1750.62 28.4555
1748.15 26.1391
1745.93 24.0646
1743.95 22.2067
1742.16 20.5343
1740.55 19.0117
1739.08 17.6012
1737.71 16.2665
1736.41 14.9767
1735.15 13.7112
1733.92 12.464
1732.71 11.2477
1731.56 10.0948
1730.49 9.05592
1729.56 8.19639
1728.83 7.5898
1728.39 7.31163
1728.31 7.43318
1728.65 8.01653
1729.48 9.11083
1730.83 10.7498
1732.75 12.9498
1735.22 15.7093
1738.25 19.0076
1741.8 22.8047
1745.82 27.0411
1750.24 31.6381
1754.97 36.4983
1759.91 41.5072
1764.94 46.5367
1769.92 51.45
1774.72 56.1086
1779.2 60.3816
1783.24 64.1558
1786.74 67.3448
1789.61 69.8957
1791.84 71.791
1793.4 73.0465
1794.33 73.7057
1794.69 73.832
1794.55 73.5018
1793.99 72.7963
1793.09 71.7966
1791.94 70.5786
1790.61 69.2093
1789.15 67.7439
1787.62 66.2237
1786.05 64.6744
1784.46 63.1045
1782.84 61.5049
1781.18 59.8494
1779.44 58.096
1777.58 56.1911
1775.55 54.0749
1773.29 51.6907
1770.74 48.9937
1767.89 45.9612
1764.71 42.5981
1761.21 38.9389
1757.45 35.0444
1753.49 30.9945
1749.41 26.8805
1745.3 22.7979
1741.28 18.8398
1737.41 15.0934
1733.8 11.6372
1730.51 8.53976
1727.62 5.85925
1725.16 3.64341
1723.19 1.92998
1721.74 0.747081
1720.83 0.113711
1720.47 0.0400509
1720.68 0.527716
1721.45 1.56981
1722.76 3.15085
1724.6 5.24644
1726.94 7.82295
1729.74 10.8369
1732.95 14.2347
1736.51 17.9519
1740.36 21.9136
1744.41 26.0352
1748.58 30.2245
1752.77 34.3853
1756.89 38.4232
1760.85 42.2532
1764.57 45.8075
1767.98 49.0426
1771.06 51.943
1773.8 54.52
1776.22 56.8065
1778.36 58.849
1780.26 60.6994
1782 62.4074
1783.61 64.015
1785.14 65.5525
1786.6 67.0361
1788.03 68.4667
1789.39 69.83
1790.68 71.096
1791.85 72.2208
1792.85 73.1474
1793.63 73.8079
1794.09 74.1272
1794.18 74.0266
1793.81 73.4299
1792.92 72.2705
1791.44 70.499
1789.35 68.0915
1786.62 65.0552
1783.29 61.4314
1779.4 57.2938
1775.04 52.7437
1770.33 47.9019
1765.39 42.8992
1760.35 37.8685
1755.35 32.9375
1750.5 28.2232
1745.93 23.8282
1741.72 19.8386
1737.96 16.3219
1734.69 13.327
1731.96 10.8836
1729.8 9.00228
1728.19 7.67491
1727.12 6.87567
1726.57 6.56247
1726.48 6.67949
1726.79 7.16078
1727.43 7.93517
1728.34 8.93224
1729.45 10.0885
1730.69 11.353
1732.02 12.6908
1733.42 14.0849
1734.86 15.5343
1736.35 17.0516
1737.92 18.6587
1739.58 20.3832
1741.36 22.2547
1743.3 24.3017
1745.42 26.5499
1747.75 29.0201
1750.32 31.7275
1753.12 34.6801
1756.17 37.8785
1759.47 41.3143
1762.99 44.9694
1766.72 48.8141
1770.62 52.8056
1774.62 56.8862
1778.68 60.9807
1782.7 64.9956
1786.58 68.8179
1790.21 72.3174
1793.45 75.3528
1796.16 77.7823
1798.22 79.4805
1799.52 80.3573
1799.98 80.3736
1799.58 79.5476
1798.35 77.9493
1796.39 75.6855
1793.8 72.8826
1790.73 69.6714
1787.31 66.177
1783.65 62.512
1779.89 58.7736
1776.1 55.0424
1772.35 51.3825
1768.71 47.8428
1765.22 44.4581
1761.89 41.2504
1758.75 38.2303
1755.8 35.3987
1753.03 32.7473
1750.44 30.2604
1748 27.9161
1745.7 25.6879
1743.5 23.547
1741.38 21.4655
1739.31 19.4191
1737.28 17.3921
1735.27 15.381
1733.29 13.3981
1731.36 11.4734
1729.51 9.65437
1727.79 8.0032
1726.27 6.59207
1725.02 5.49746
1724.12 4.79431
1723.64 4.55096
1723.64 4.825
1724.19 5.6604
1725.31 7.08541
1727.04 9.11124
1729.36 11.7312
1732.26 14.9202
1735.72 18.6343
1739.67 22.8111
1744.04 27.3698
1748.75 32.2124
1753.69 37.226
1758.74 42.2865
1763.77 47.264
1768.66 52.03
1773.27 56.466
1777.51 60.4719
1781.27 63.9733
1784.5 66.9253
1787.17 69.3132
1789.26 71.1497
1790.82 72.4693
1791.87 73.3224
1792.48 73.769
1792.71 73.8725
1792.63 73.6954
1792.3 73.2953
1791.78 72.7214
1791.1 72.0121
1790.3 71.1929
1789.4 70.2745
1788.39 69.252
1787.27 68.1044
1786 66.7956
1784.56 65.2766
1782.87 63.4909
1780.9 61.3813
1778.6 58.8989
1775.91 56.0127
1772.82 52.7175
1769.34 49.0374
1765.5 45.0248
1761.36 40.7549
1757 36.3181
1752.52 31.8122
1748.01 27.3356
1743.58 22.9826
1739.32 18.8397
1735.31 14.984
1731.62 11.4824
1728.31 8.39113
1725.44 5.75638
1723.05 3.61447
1721.16 1.99242
1719.81 0.908383
1719 0.372018
1718.73 0.384728
1719.02 0.939765
1719.84 2.0222
1721.18 3.60882
1723 5.66791
1725.28 8.15907
1727.97 11.0332
1731.01 14.2325
1734.35 17.6915
1737.92 21.3382
1741.64 25.0967
1745.43 28.8904
1749.23 32.6476
1752.95 36.3061
1756.56 39.8183
1760 43.1554
1763.25 46.3075
1766.31 49.2822
1769.19 52.1
1771.92 54.7888
1774.52 57.3776
1777.04 59.8918
1779.49 62.3491
1781.89 64.7561
1784.25 67.1072
1786.53 69.3832
1788.74 71.5512
1790.81 73.5653
1792.7 75.3676
1794.35 76.89
1795.68 78.0576
1796.61 78.7918
1797.08 79.0164
1797 78.6632
1796.32 77.6793
1795 76.0338
1793.01 73.7232
1790.37 70.7742
1787.12 67.2437
1783.33 63.2148
1779.08 58.7906
1774.5 54.0869
1769.69 49.2246
1764.78 44.3231
1759.9 39.4951
1755.14 34.8419
1750.6 30.4514
1746.36 26.3956
1742.49 22.7297
1739.02 19.4918
1736 16.7028
1733.43 14.367
1731.31 12.473
1729.62 10.9957
1728.34 9.89896
1727.42 9.13862
1726.81 8.66737
1726.48 8.43928
1726.38 8.41457
1726.46 8.5634
1726.71 8.86818
1727.11 9.32403
1727.67 9.93759
1728.38 10.7245
1729.26 11.7067
1730.35 12.9088
1731.67 14.3562
1733.24 16.0724
1735.08 18.0772
1737.22 20.3862
1739.67 23.009
1742.43 25.9489
1745.51 29.2026
1748.9 32.7584
1752.58 36.5966
1756.53 40.6873
1760.71 44.9901
1765.08 49.4515
1769.57 54.0041
1774.1 58.5647
1778.59 63.0334
1782.92 67.2943
1786.99 71.2185
1790.66 74.6711
1793.8 77.5225
1796.3 79.6634
1798.05 81.021
1799 81.5697
1799.15 81.334
1798.53 80.3813
1797.23 78.808
1795.34 76.7252
1792.99 74.2461
1790.29 71.4775
1787.35 68.5144
1784.27 65.4372
1781.11 62.3109
1777.94 59.1851
1774.79 56.0954
1771.7 53.064
1768.67 50.1015
1765.71 47.2081
1762.82 44.3754
1759.98 41.5875
1757.18 38.8235
1754.39 36.0593
1751.59 33.2707
1748.77 30.4366
1745.9 27.5428
1742.97 24.5868
1740 21.5808
1736.99 18.5547
1733.99 15.5566
1731.05 12.6513
1728.24 9.91644
1725.63 7.43694
1723.32 5.29948
1721.39 3.58681
1719.92 2.37321
1718.98 1.72094
1718.63 1.67775
1718.9 2.27521
1719.82 3.52767
1721.4 5.4316
1723.62 7.96525
1726.46 11.0885
1729.85 14.743
1733.74 18.8528
1738.04 23.3258
1742.66 28.0561
1747.47 32.9276
1752.37 37.8201
1757.23 42.6151
1761.94 47.2043
1766.4 51.4963
1770.52 55.4221
1774.24 58.938
1777.54 62.0254
1780.4 64.688
1782.83 66.947
1784.87 68.8364
1786.56 70.3974
1787.94 71.6742
1789.05 72.7097
1789.95 73.5424
1790.66 74.2036
1791.21 74.7147
1791.61 75.0854
1791.87 75.3119
1791.98 75.3752
1791.91 75.2413
1791.61 74.8614
1791.04 74.1749
1790.13 73.1142
1788.82 71.6126
1787.05 69.6144
1784.78 67.0849
1781.98 64.0189
1778.66 60.4441
1774.85 56.4195
1770.63 52.0286
1766.09 47.3705
1761.33 42.5519
1756.46 37.679
1751.59 32.853
1746.81 28.1668
1742.21 23.7026
1737.88 19.5321
1733.87 15.7157
1730.24 12.3034
1727.05 9.33509
1724.31 6.84129
1722.06 4.84374
1720.31 3.35582
1719.08 2.38292
1718.36 1.92275
1718.15 1.96544
1718.43 2.49367
1719.19 3.48282
1720.4 4.9011
1722.02 6.70996
1724.01 8.86474
1726.32 11.3158
1728.91 14.0102
1731.71 16.8942
1734.68 19.9158
1737.77 23.0285
1740.93 26.1942
1744.12 29.3856
1747.33 32.5871
1750.54 35.7945
1753.74 39.0127
1756.96 42.2518
1760.2 45.5237
1763.48 48.8379
1766.79 52.198
1770.15 55.599
1773.55 59.0255
1776.96 62.4504
1780.35 65.834
1783.68 69.1245
1786.88 72.2587
1789.9 75.1634
1792.64 77.7579
1795.03 79.9573
1796.98 81.6775
1798.42 82.84
1799.26 83.3788
1799.46 83.2458
1798.97 82.4169
1797.79 80.8945
1795.92 78.7087
1793.41 75.9152
1790.34 72.5912
1786.77 68.8291
1782.82 64.7307
1778.58 60.4009
1774.16 55.9423
1769.66 51.451
1765.18 47.0132
1760.79 42.7032
1756.55 38.5815
1752.53 34.6941
1748.77 31.0725
1745.27 27.7341
1742.07 24.6833
1739.15 21.9133
1736.51 19.4087
1734.13 17.1492
1731.99 15.1127
1730.06 13.2795
1728.34 11.6359
1726.8 10.1763
1725.45 8.90467
1724.3 7.83406
1723.35 6.98538
1722.63 6.38506
1722.17 6.06265
1722.01 6.04838
1722.16 6.37111
1722.65 7.05663
1723.52 8.12645
1724.78 9.59691
1726.45 11.4785
1728.53 13.7755
1731.02 16.4854
1733.93 19.5987
1737.23 23.0984
1740.9 26.9592
1744.92 31.147
1749.24 35.6176
1753.82 40.3158
1758.59 45.1743
1763.47 50.1123
1768.39 55.0355
1773.24 59.8365
1777.9 64.3976
1782.27 68.5958
1786.22 72.312
1789.65 75.4424
1792.45 77.9103
1794.56 79.6766
1795.97 80.7427
1796.68 81.1473
1796.74 80.9568
1796.24 80.2541
1795.26 79.1275
1793.89 77.6623
1792.23 75.9352
1790.35 74.0107
1788.29 71.9397
1786.12 69.7595
1783.86 67.4934
1781.52 65.1525
1779.11 62.7368
1776.62 60.2366
1774.04 57.6345
1771.35 54.9079
1768.52 52.0311
1765.53 48.9793
1762.36 45.732
1758.99 42.2773
1755.42 38.6168
1751.66 34.7689
1747.74 30.7716
1743.7 26.683
1739.6 22.5792
1735.54 18.5501
1731.59 14.6938
1727.86 11.1108
1724.46 7.89787
1721.47 5.14371
1718.97 2.9251
1717.04 1.3044
1715.74 0.327955
1715.1 0.024989
1715.14 0.407104
1715.86 1.46799
1717.25 3.18341
1719.28 5.51149
1721.89 8.39333
1725.02 11.7544
1728.59 15.5067
1732.5 19.5522
1736.66 23.7873
1740.96 28.109
1745.3 32.4208
1749.58 36.639
1753.73 40.697
1757.69 44.5481
1761.43 48.1653
1764.91 51.5396
1768.15 54.6761
1771.14 57.5905
1773.93 60.305
1776.52 62.8445
1778.94 65.2335
1781.23 67.4932
1783.4 69.6394
1785.46 71.6799
1787.41 73.6126
1789.25 75.4239
1790.95 77.0865
1792.48 78.5581
1793.78 79.7816
1794.8 80.6853
1795.47 81.1869
1795.69 81.1996
1795.39 80.641
1794.49 79.4459
1792.94 77.5769
1790.73 75.033
1787.85 71.8517
1784.37 68.1041
1780.36 63.8864
1775.93 59.3086
1771.19 54.4857
1766.26 49.5298
1761.25 44.5457
1756.27 39.6278
1751.4 34.8588
1746.71 30.3098
1742.28 26.0401
1738.16 22.0982
1734.39 18.5227
1731 15.343
1728.02 12.5797
1725.46 10.2458
1723.34 8.3471
1721.65 6.88226
1720.39 5.84372
1719.55 5.21798
1719.12 4.98621
1719.08 5.12504
1719.39 5.60763
1720.04 6.40503
1720.99 7.48794
1722.22 8.8287
1723.69 10.4034
1725.39 12.1937
1727.29 14.1882
1729.4 16.3831
